0.05631853288780769
0.020700659988600652
0.01677071413392775
0.015521658917604453
0.014560234781171397
0.013586164475185219
0.012602501906566475
0.010814259407810478
0.00979672495096024
0.009504358873250155
0.009280251826283748
0.009081041440356881
0.008896435254088546
0.008723058249271207
0.008559838858000752
0.008406282195580022
0.008261791297591118
0.008125540597815568
0.007996587811046542
0.007874016453186252
0.007757025214620773
0.007644959395223419
0.007537305482481006
0.007433668783265963
0.007333746351818104
0.007237301226441156
0.0071441403849550845
0.007054097079160787
0.0069670174506599345
0.006882751022209841
0.006801144530953701
0.006722038513561586
0.006645266036322992
0.006570652980753801
0.006498019346105013
0.006427181108307089
0.0063579522694873795
0.00629014683059409
0.006223580510610409
0.006158072111604676
0.006093444485846894
0.006029525099696283
0.005966146212377315
0.00590314470212577
0.005840361585768305
0.0057776413009744745
0.005714830865293666
0.005651779105064626
0.005588336269396655
0.0055243545080987085
0.005459689873954717
0.0053942066490968495
0.005327784786504897
0.005260330959022793
0.005191792991667196
0.0051221763034389875
0.005051559620512049
0.004980106146732941
0.004908066244918989
0.004835768950046295
0.0047636021644256385
0.004691984328346177
0.004621332537492976
0.004552032645187162
0.004484415794732645
0.004418743745394144
0.004355203188329147
0.004293907654613867
0.004234904824923958
0.004178186950343742
0.0041237024314873735
0.004071367128517338
0.004021074510173349
0.003972704198600574
0.0039261287936542
0.003881219068869811
0.003837847743512052
0.003795892078461876
0.0037552355433523254
0.0037157687780043354
0.0036773900365147816
0.0036400052657969374
0.003603527936606417
0.003567878716166807
0.003532985047954142
0.003498780685691215
0.0034652052144565535
0.0034322035812369167
0.0033997256494942914
0.003367725786723126
0.0033361624899994526
0.003304998051742832
0.0032741982659903524
0.0032437321741667444
0.003213571848435359
0.003183692210092763
0.0031540708800231894
0.0031246880578886752
0.0030955264264499126
0.003066571077164342
0.0030378094529811273
0.00300923130404786
0.002980828651872439
0.0029525957573650536
0.002924529088141624
0.0028966272805293325
0.002868891091898933
0.002841323339280338
0.0028139288207080955
0.002786714216397321
0.002759687967657495
0.0027328601323919773
0.0027062422170706277
0.0026798469861571135
0.0026536882510703715
0.0026277806418024186
0.002602139365247711
0.0025767799550675237
0.002551718018473134
0.0025269689856307147
0.002502547867449939
0.002478469027315492
0.0024547459718693375
0.002431391165279686
0.002408415870582194
0.0023858300206997486
0.0023636421206967143
0.0023418591817583145
0.0023204866863619903
0.0022995285831732995
0.002278987309394824
0.0022588638376496565
0.0022391577440098276
0.0022198672934871304
0.0022009895391844926
0.0021825204313443087
0.002164454932703519
0.002146787136847995
0.0021295103866215866
0.002112617390059874
0.0020961003317591597
0.0020799509780332734
0.002064160774636671
0.0020487209362257653
0.0020336225270825045
0.002018856532927632
0.002004413923904319
0.001990285709014878
0.00197646298244823
0.0019629369623466613
0.0019496990226328286
0.0019367407185578907
0.001924053806644389
0.0019116302596888476
0.00189946227746401
0.0018875422937240213
0.0018758629800709904
0.0018644172471922464
0.0018531982439260138
0.001842199354562031
0.0018314141947337603
0.0018208366062115798
0.0018104606508626208
0.001800280604002729
0.0017902909473299796
0.001780486361597167
0.0017708617191522088
0.0017614120764511674
0.0017521326666271593
0.0017430188921804945
0.001734066317840158
0.0017252706636337563
0.0017166277981927724
0.0017081337323109436
0.0016997846127666948
0.0016915767164148126
0.0016835064445479822
0.0016755703175255416
0.0016677649696637542
0.0016600871443801953
0.0016525336895834102
0.0016451015532977526
0.0016377877795131245
0.0016305895042485349
0.001623503951818774
0.0016165284312931708
0.0016096603331359639
0.0016028971260178867
0.0015962363537890777
0.0015896756326037789
0.0015832126481879053
0.0015768451532408335
0.0015705709649633738
0.0015643879627043893
0.0015582940857188905
0.0015522873310309113
0.0015463657513950819
0.0015405274533508034
0.001534770595363953
0.0015290933860507001
0.0015234940824789417
0.0015179709885429153
0.0015125224534068046
0.0015071468700136783
0.001501842673656021
0.0014966083406047275
0.001491442386793324
0.0014863433665546334
0.0014813098714071143
0.0014763405288884576
0.0014714340014339478
0.0014665889852975536
0.0014618042095135481
0.001457078434896846
0.0014524104530800944
0.0014477990855860455
0.0014432431829333283
0.001438741623774382
0.001434293314063961
0.001429897186256935
0.001425552198534142
0.0014212573340550815
0.0014170116002362996
0.0014128140280544885
0.0014086636713731607
0.001404559606292096
0.0014005009305185269
0.0013964867627592567
0.0013925162421329358
0.0013885885276016202
0.001384702797420956
0.0013808582486082865
0.0013770540964279363
0.0013732895738931003
0.0013695639312837555
0.0013658764356798867
0.0013622263705096306
0.0013586130351116923
0.0013550357443115734
0.0013514938280111066
0.0013479866307908744
0.0013445135115249917
0.0013410738430078921
0.0013376670115927177
0.0013342924168408131
0.001330949471182089
0.00132763759958581
0.001324356239241488
0.0013211048392494822
0.001317882860321137
0.0013146897744880056
0.0013115250648198776
0.0013083882251514775
0.0013052787598172993
0.0013021961833946027
0.0012991400204540645
0.0012961098053180314
0.0012931050818260237
0.0012901254031073134
0.0012871703313603112
0.0012842394376386562
0.0012813323016436597
0.0012784485115230231
0.0012755876636755762
0.0012727493625618966
0.001269933220520572
0.001267138857590033
0.0012643659013356358
0.0012616139866820373
0.0012588827557504963
0.0012561718577011169
0.0012534809485797807
0.0012508096911697064
0.001248157754847397
0.0012455248154429595
0.001242910555104602
0.001240314662167127
0.0012377368310244618
0.0012351767620058908
0.0012326341612560862
0.0012301087406186458
0.0012276002175231437
0.001225108314875538
0.0012226327609518202
0.0012201732892948235
0.0012177296386141013
0.0012153015526887342
0.0012128887802729913
0.001210491075004765
0.0012081081953166563
0.0012057399043496535
0.0012033859698692526
0.001201046164184034
0.001198720264066478
0.0011964080506760497
0.0011941093094844034
0.0011918238302026484
0.0011895514067105661
0.0011872918369877422
0.0011850449230465182
