0.03978604277892857
0.014800502088711252
0.011991051928015903
0.010952606389647613
0.010395791075427303
0.010016818438604497
0.009724729442656517
0.009481547148446949
0.009269714710893478
0.0090797641076661
0.008905649570588077
0.00874329215837237
0.008589985898106736
0.008443989119458472
0.008304227032847082
0.008170097902841456
0.008041345876614201
0.00791795782772851
0.007800058487393459
0.007687800306330244
0.007581262432520801
0.007480381005348346
0.007384926626095659
0.00729452743241348
0.007208719139986272
0.00712699781958584
0.007048858260721137
0.006973812821137964
0.006901394618745823
0.006831152034926146
0.006762640457020465
0.006695414765348862
0.006629024054911904
0.006563009023074636
0.006496902164545887
0.006430230910963593
0.006362523485617251
0.006293315565763952
0.006222151391438701
0.006148563942214556
0.006072005149487539
0.005991687555571764
0.005906325281083264
0.0058138852523129635
0.005711703962951526
0.00559748991690466
0.00547126954600448
0.0053369842450339145
0.005201774552063391
0.005073088304247691
0.004956099238964641
0.004852906891597273
0.004763074275065416
0.004684690064556653
0.00461537406479278
0.004552915027866607
0.0044955260435463745
0.0044418626292764525
0.004390945118273999
0.00434206498560292
0.004294705513379498
0.00424848279302714
0.004203104345608817
0.0041583408455341375
0.0041140069757784215
0.004069948474662229
0.004026033354274303
0.003982145952357337
0.003938182946806773
0.003894050770061979
0.003849664058929023
0.0038049448995351406
0.003759822700929076
0.003714234569622241
0.003668126071375758
0.0036214522636782375
0.0035741788700813758
0.003526283453954145
0.00347775644310088
0.0034286018666155496
0.0033788376976154996
0.0033284957517459774
0.0032776211666124726
0.0032262715697013436
0.003174516114986964
0.003122434613217401
0.003070116983072917
0.0030176632020099555
0.002965183836628046
0.002912801090068359
0.0028606501317745532
0.0028088802934670342
0.0027576555554088555
0.0027071536544610512
0.0026575631789933036
0.0026090782339767394
0.0025618906890040784
0.0025161806146271853
0.0024721061190053476
0.002429794192266369
0.0023893341440758787
0.00235077471953121
0.002314125151634418
0.002279359560691464
0.0022464235391765988
0.0022152416039470024
0.002185724400437128
0.002157774933196385
0.002131293498116814
0.002106181296388868
0.0020823428887349546
0.00205968772087977
0.002038130954959483
0.002017593810702979
0.001998003577884009
0.0019792934203846533
0.0019614020575769112
0.0019442733818442152
0.0019278560512408299
0.0019121030821860042
0.00189697145733219
0.0018824217571540213
0.001868417819454498
0.0018549264281904553
0.001841917031286418
0.0018293614860850208
0.001817233830531563
0.001805510077942726
0.0017941680331534436
0.0017831871278952381
0.0017725482733841331
0.0017622337282547941
0.001752226980148109
0.0017425126394306667
0.001733076343687628
0.001723904671782585
0.0017149850664163525
0.0017063057642413384
0.0016978557326992698
0.0016896246128484656
0.0016816026675338569
0.001673780734329112
0.0016661501827473838
0.0016587028752757958
0.0016514311318402877
0.0016443276973525007
0.0016373857120297929
0.0016305986842141426
0.0016239604654460912
0.0016174652275765607
0.0016111074417228606
0.0016048818588958727
0.0015987834921437501
0.0015928076000734693
0.0015869496716258767
0.001581205411992684
0.0015755707295748152
0.001570041723891635
0.0015646146743595545
0.0015592860298662466
0.0015540523990738749
0.0015489105413910799
0.001543857358559029
0.0015388898868020525
0.001534005289497825
0.001529200850326136
0.0015244739668591406
0.0015198221445591245
0.0015152429911528432
0.0015107342113543558
0.0015062936019104901
0.0015019190469454666
0.0014976085135831618
0.0014933600478272224
0.0014891717706811314
0.0014850418744914284
0.0014809686194991593
0.0014769503305853784
0.0014729853941979627
0.0014690722554479528
0.0014652094153645128
0.0014613954282984489
0.001457628899465151
0.0014539084826183195
0.0014502328778466383
0.0014466008294860143
0.0014430111241407605
0.0014394625888072346
0.0014359540890943247
0.0014324845275351036
0.00142905284198485
0.0014256580041004773
0.0014222990178971622
0.0014189749183778507
0.001415684770231966
0.0014124276665994778
0.0014092027278970898
0.0014060091007031931
0.0014028459566986188
0.0013997124916602657
0.001396607924504905
0.0013935314963805674
0.00139048246980309
0.00138746012783543
0.0013844637733075949
0.0013814927280750649
0.001378546332313661
0.001375623943849008
0.0013727249375186596
0.0013698487045652964
0.0013669946520591854
0.001364162202348371
0.001361350792535142
0.0013585598739772249
0.0013557889118123699
0.0013530373845051101
0.0013503047834142788
0.001347590612380215
0.001344894387330527
0.0013422156359033
0.0013395538970867305
0.001336908720874317
0.0013342796679345638
0.0013316663092944497
0.0013290682260358264
0.0013264850090039411
0.001323916258527426
0.0013213615841490352
0.0013188206043665601
0.0013162929463832397
0.001313778245867206
0.0013112761467194039
0.001308786300849482
0.0013063083679592804
0.0013038420153334174
0.0013013869176366306
0.0012989427567175152
0.001296509221418309
0.0012940860073904375
0.001291672816915483
0.0012892693587314037
0.001286875347863657
0.001284490505461085
0.0012821145586362978
0.001279747240310389
0.0012773882890618014
0.0012750374489791873
0.001272694469518068
0.001270359105361239
0.0012680311162826825
0.0012657102670149672
0.0012633963271199192
0.0012610890708626115
0.001258788277088365
0.0012564937291028708
0.0012542052145552327
0.0012519225253238714
0.0012496454574052389
0.0012473738108052346
0.0012451073894332975
0.0012428460009990647
0.0012405894569115818
0.0012383375721809545
0.0012360901653224047
0.0012338470582627383
0.001231608076249041
0.0012293730477596625
0.001227141804417404
0.0012249141809048503
0.0012226900148818005
0.0012204691469047473
0.001218251420348413
0.001216036681329201
0.0012138247786306008
0.0012116155636304761
0.0012094088902301645
0.0012072046147854278
0.0012050025960391151
0.0012028026950555765
0.0012006047751567021
0.0011984087018597194
0.0011962143428164498
0.0011940215677542492
0.0011918302484184057
0.0011896402585161
0.001187451473661763
0.001185263771323908
0.0011830770307733318
0.0011808911330327032
0.0011787059608274466
0.001176521398537962
0.0011743373321530905
0.0011721536492248217
0.0011699702388242431
0.0011677869914986118
0.001165603799229641
0.0011634205553928889
0.0011612371547182602
0.001159053493251551
0.0011568694683171418
0.0011546849784815994
0.00115249992351837
0.0011503142043734521
0.0011481277231320123
0.0011459403829859546
0.0011437520882024218
0.0011415627440932179
0.0011393722569850886
0.0011371805341909122
0.0011349874839817165
0.0011327930155595638
0.0011305970390312523
0.0011283994653828132
0.0011262002064548696
0.0011239991749186777
0.0011217962842530542
0.0011195914487220034
0.0011173845833531036
0.0011151756039166822
0.0011129644269056603
0.0011107509695161717
0.0011085351496288942
0.0011063168857910902
0.001104096097199334
0.0011018727036829971
0.0010996466256883546
0.0010974177842634522
0.0010951861010436014
0.0010929514982376206
0.0010907138986147198
0.0010884732254920852
0.0010862294027231246
0.0010839823546864083
0.0010817320062753311
0.0010794782828883725
0.0010772211104201135
0.0010749604152528998
0.001072696124249234
0.0010704281647448217
0.001068156464542341
0.0010658809519059073
0.001063601555556279
0.0010613182046667199
0.0010590308288596334
0.0010567393582039356
0.001054443723213146
0.0010521438548442394
0.0010498396844972628
0.0010475311440157548
0.0010452181656879027
0.0010429006822485379
0.0010405786268819666
0.001038251933225575
0.0010359205353743467
0.001033584367886214
0.001031243365788297
0.0010288974645840752
0.0010265466002614791
0.001024190709301905
0.0010218297286902298
0.0010194635959258653
0.0010170922490347655
0.0010147156265825352
0.0010123336676886472
0.0010099463120417332
0.001007553499916032
0.0010051551721890885
0.0010027512703605901
0.0010003417365725058
0.0009979265136305477
0.000995505545026988
0.00099307877496477
0.00099064614838319
0.0009882076109850007
0.0009857631092650581
0.0009833125905405514
0.0009808560029829106
0.000978393295651451
0.0009759244185286725
0.0009734493225575587
0.0009709679596806488
0.0009684802828811285
0.0009659862462259548
0.0009634858049111685
0.0009609789153092824
0.0009584655350190523
0.0009559456229175452
0.0009534191392147495
0.0009508860455105878
0.0009483463048546977
0.0009457998818088313
0.0009432467425122078
0.0009406868547496301
0.000938120188022805
0.0009355467136246429
0.0009329664047169319
0.0009303792364112649
0.0009277851858535263
0.0009251842323118509
0.0009225763572683512
0.0009199615445146562
0.0009173397802513247
0.0009147110531913028
0.0009120753546675923
0.0009094326787450953
0.0009067830223369069
0.0009041263853250757
0.0009014627706858872
0.0008987921846199664
0.0008961146366870434
0.0008934301399456443
0.0008907387110977563
0.0008880403706384738
0.0008853351430107857
0.0008826230567654291
0.0008799041447260372
0.0008771784441593412
0.0008744459969507056
0.0008717068497847614
0.0008689610543313005
0.0008662086674360925
0.0008634497513169552
0.0008606843737644819
0.0008579126083477559
0.0008551345346244906
0.0008523502383556073
0.0008495598117239686
0.0008467633535568887
0.0008439609695521848
0.0008411527725073381
0.0008383388825512823
0.0008355194273784989
0.0008326945424846013
0.0008298643714030484
0.0008270290659422081
0.0008241887864220155
0.0008213437019094639
0.0008184939904520067
0.000815639839307985
0.0008127814451729677
0.0008099190144009991
0.0008070527632194359
0.0008041829179363408
0.0008013097151387784
0.0007984334018809691
0.0007955542358605235
0.0007926724855813508
0.00078978843050161
0.0007869023611649732
0.0007840145793135661
0.0007811253979807005
0.0007782351415616267
0.0007753441458605092
0.0007724527581117053
0.0007695613369734773
0.0007666702524924007
0.0007637798860364586
0.0007608906301953104
0.0007580028886457449
0.0007551170759808989
0.0007522336175016958
0.0007493529489689788
0.000746475516315314
0.0007436017753152113
0.0007407321912129772
0.0007378672383076192
0.0007350073994942064
0.0007321531657617362
0.0007293050356475149
0.000726463514648527
0.0007236291145905568
0.000720802352956175
0.0007179837521728503
0.000715173838863185
0.0007123731430592125
0.0007095821973832614
0.0007068015361982392
0.0007040316947304085
0.0007012732081681129
0.0006985266107402377
0.0006957924347783975
0.0006930712097670772
0.0006903634613862123
0.0006876697105509533
0.0006849904724531336
0.0006823262556095904
0.0006796775609220346
0.0006770448807533323
0.0006744286980252217
0.0006718294853419836
0.0006692477041447343
0.0006666838039006415
0.0006641382213312575
0.0006616113796836986
0.0006591036880482286
0.0006566155407253801
0.0006541473166453141
0.0006516993788418601
0.0006492720739829963
0.0006468657319593764
0.0006444806655317974
0.0006421171700383275
0.0006397755231610879
0.0006374559847524269
0.0006351587967198866
0.000632884182968678
0.0006306323494003612
0.0006284034839658311
0.0006261977567705135
0.0006240153202294287
0.0006218563092694846
0.0006197208415760971
0.0006176090178813554
0.0006155209222903639
0.0006134566226427807
0.0006114161709061699
0.0006093996035978904
0.0006074069422322922
0.0006054381937899465
0.0006034933512057116
0.0006015723938725639
0.0005996752881581184
0.0005978019879310957
0.0005959524350948435
0.0005941265601253799
0.000592324282611575
0.0005905455117950873
0.0005887901471079323
0.0005870580787059282
0.0005853491879960487
0.0005836633481560598
0.0005820004246452964
0.0005803602757048684
0.0005787427528466577
0.0005771477013296185
0.0005755749606230993
0.0005740243648559811
0.0005724957432515175
0.0005709889205470924
0.0005695037173988239
0.0005680399507704631
0.0005665974343069196
0.0005651759786918472
0.0005637753919897249
0.0005623954799722651
0.000561036046429456
0.0005596968934654028
0.0005583778217791406
0.0005570786309309001
0.0005557991195940169
0.0005545390857928652
0.0005532983271272681
0.0005520766409837719
0.0005508738247341228
0.0005496896759215797
0.0005485239924352215
0.0005473765726730661
0.0005462472156940353
0.0005451357213596315
0.0005440418904654229
0.0005429655248630283
0.0005419064275729151
0.0005408644028884891
0.0005398392564718498
0.0005388307954417013
0.0005378388284537787
0.0005368631657740921
0.0005359036193455641
0.0005349600028482293
0.000534032131753494
0.0005331198233726458
0.0005322228969001085
0.0005313411734516206
0.0005304744760977429
0.0005296226298927908
0.0005287854618998096
0.0005279628012114972
0.0005271544789674618
0.0005263603283682085
0.0005255801846857573
0.0005248138852714285
0.000524061269560786
0.0005233221790760155
0.0005225964574259247
0.0005218839503036968
0.000521184505482647
0.0005204979728099684
0.000519824204198846
0.0005191630536188855
0.0005185143770850383
0.0005178780326452522
0.000517253880366754
0.0005166417823212703
0.0005160416025692336
0.000515453207142932
0.0005148764640289426
0.0005143112431496826
0.0005137574163443834
0.000513214857349304
0.0005126834417775403
0.0005121630470982949
0.0005116535526156869
0.0005111548394472397
0.0005106667905020932
0.0005101892904588234
0.0005097222257432795
0.0005092654845058598
0.0005088189565991449
0.000508382533554975
0.0005079561085617729
0.0005075395764416239
0.0005071328336275744
0.0005067357781406599
0.0005063483095672918
0.000505970329036448
0.0005056017391971393
0.0005052424441958526
0.0005048923496542354
0.0005045513626468281
0.0005042193916790008
0.0005038963466650652
0.0005035821389065641
0.0005032766810707082
0.0005029798871691031
0.0005026916725366245
0.0005024119538104999
0.0005021406489097492
0.000501877677014625
0.0005016229585465806
0.0005013764151481445
0.0005011379696635021
0.0005009075461187359
0.0005006850697029634
0.0005004704667491535
0.0005002636647156508
0.0005000645921676796
0.0004998731787592388
0.0004996893552152293
0.0004995130533138772
0.0004993442058693079
0.0004991827467145858
0.0004990286106847812
0.0004988817336005163
0.0004987420522516183
0.0004986095043811139
0.0004984840286694644
0.0004983655647190338
0.0004982540530388394
0.0004981494350295794
0.0004980516529688452
0.0004979606499966644
0.0004978763701011703
0.0004977987581047152
0.0004977277596499586
0.0004976633211865412
0.0004976053899575203
0.0004975539139866419
0.000497508842065229
0.0004974701237398242
0.000497437709299609
0.0004974115497644979
0.0004973915968729445
0.0004973778030705603
0.0004973701214982591
0.0004973685059813561
0.0004973729110181677
0.0004973832917693799
0.0004973996040472804
0.0004974218043052845
0.0004974498496277722
0.0004974836977198478
0.000497523306897684
0.00049756863607856
0.0004976196447716089
0.0004976762930682909
0.0004977385416333965
0.0004978063516958938
0.0004978796850403569
0.0004979585039981116
0.0004980427714388982
0.0004981324507625246
0.0004982275058907644
0.0004983279012593108
0.0004984336018099753
0.0004985445729830881
0.0004986607807097637
0.00049878219140487
0.0004989087719593072
0.0004990404897335433
0.0004991773125498679
0.000499319208686566
0.0004994661468700274
0.0004996180962696368
0.000499775026489616
0.0004999369075648464
0.000500103709952066
0.000500275404527111
0.0005004519625748495
0.0005006333557885122
0.0005008195562576525
0.0005010105364703241
0.0005012062692980257
0.0005014067280022452
0.0005016118862142086
0.0005018217179486843
0.0005020361975748331
0.0005022552998418686
0.0005024789998351123
0.0005027072730213241
0.0005029400951794494
0.0005031774424796392
0.0005034192913699326
0.0005036656187141804
0.0005039164016006355
0.0005041716175846964
0.0005044312443571266
0.0005046952601765667
0.0005049636432809539
0.0005052363726699298
0.0005055134270383546
0.0005057947862149474
0.0005060804291919078
0.0005063703368144922
0.0005066644880730764
0.0005069628652169414
0.0005072654466510236
0.0005075722168251925
0.0005078831523880511
0.0005081982416359407
0.0005085174570604521
0.0005088407942402673
0.0005091682164974875
0.0005094997339563609
0.0005098352901312979
0.0005101749252563791
0.0005105185401110983
0.0005108662388626103
0.0005112178294077475
0.0005115735543929648
0.0005119330175550462
0.0005122967666430885
0.0005126639507972409
0.0005130358005187802
0.0005134104388389319
0.0005137906468012329
0.0005141721991213102
0.0005145614487022147
0.0005149487214438893
0.000515348713735133
0.0005157389348793053
0.0005161538384544231
0.0005165403782016553
0.0005169804234708862
0.000517347109065194
0.0005178376077386733
0.0005181443725650781
0.0005187486214506551
0.0005188948500056983
0.0005197729788913928
0.0005195027912633091
0.0005210647237101146
0.0005197194361588795
0.0005230270245932887
0.0005188910116227262
0.0005267268770232276
0.0005152808314282408
0.0005350132248257932
0.0005042291139682099
0.0005553388113042197
0.000473325395864084
0.0005989406736906051
0.00040920767944908817
0.0006152732539944903
0.0003900181478048176
0.0006062967746327422
0.0004007785899553705
0.0006116583982137561
0.0003945178861999642
0.0006083179973073705
0.0003990476027881458
0.0006105512058523023
0.0003966088727789775
0.0006091015710638128
0.0003990098525927664
0.0006102544869979791
0.00039801155974412354
0.0006095561747997935
0.0003996034197279369
0.0006102970938260869
0.00039924413515996415
0.0006099481498948566
0.00040051286676391444
0.0006105303896038261
0.00040047669727210326
0.0006103684071150137
0.0004016268349645243
0.0006109026316894413
0.0004017685559173883
0.0006108515943498799
0.0004029008352071039
0.0006113948929223102
0.0004031394453027094
0.0006114113561634145
0.00040431639821824733
0.0006120011141799709
0.0004045922165212599
0.000612051627931215
0.00040586835571050243
0.0006127219457618616
0.00040611926959535475
0.0006127697016362522
0.00040756263590565635
0.0006135640936254631
0.0004077013206753281
0.0006135550563351764
0.00040942096876915595
0.0006145436702936005
0.000409298655229474
0.0006143835091087257
0.00041149560098222113
0.0006156957425688184
0.00041082846487322056
0.0006152021832271817
0.0004139060527649307
0.0006170975924429815
0.0004121097769540079
0.0006158924605118163
0.0004169315046816308
0.0006189256484489489
0.0004127281106863589
0.0006161763157305389
0.00042125331447472687
0.0006215969951980131
0.0004117025408627709
0.0006153734544283617
0.00042862175207223073
0.0006261050234934061
0.00040674126910000184
0.0006118023571133691
0.0004436660663294755
0.0006344720248644346
0.0003935781434983574
0.000602048736367299
0.0004765383613226117
0.0006455602576892832
0.0003757177351150587
0.0005883292361932152
0.0005203352890427416
0.0006339336417116398
0.00040552024477386717
0.0006105714351602999
0.0004701116580349321
0.0006471259749435945
0.00038184359548495826
0.0005927338091674489
0.0005270799137779083
0.0006374992434821297
0.0004098988501807848
0.00061365893961237
0.0004794962909595528
0.0006521098309212467
0.0003822734384406285
0.0005929057838465878
0.0005449750884338773
0.0006299744729373072
0.00044638380325403865
0.0006385633413004139
0.00042659479148297245
0.0006257055887020565
0.00046858124172716956
0.0006509703247124467
0.0004020636505552373
0.0006079876565696961
0.0005312515850772868
0.0006545561782304193
0.00040108155021044276
0.0006073477201000807
0.0005435308717698641
0.0006506574733982212
0.00042036875393384164
0.0006217847493904925
0.0005137665070145689
0.000666263935793208
0.00038877066344477024
0.0005979480380775559
0.000585113897880696
0.0006111446456128162
0.000560895136182389
0.0006485841008071275
0.0004537972307284424
0.0006456920122050013
0.00046897311898753095
0.0006552633441505024
0.00044484901867027006
0.0006401072118961967
0.0004998255793827307
0.0006707292000521318
0.00041121373591218694
0.0006159140162177631
0.0005814649516656954
0.0006441190380779551
0.0005071488702015369
0.0006754385161987543
0.0004153899065195968
0.0006194626449333128
0.0005897127401159189
0.000644436606175722
0.0005273591154233859
0.0006827086309503355
0.00041364319562029817
0.0006183582019631636
0.0006079546976629392
0.000629453933708971
0.0005897833173309704
0.0006597307216405469
0.0005072144807923386
0.0006806801143730127
0.00044673385424081615
0.0006441367033580477
0.0005707910646233014
0.0006849337571538614
0.0004485446297731308
0.0006459182060859975
0.0005794450002005546
0.0006849137462500024
0.00046394355488649426
0.0006574066704001607
0.0005607926028048318
0.0006967086200397483
0.0004441458698286173
0.0006435013672924721
0.0006108439515256514
0.0006683195471509942
0.0005507771820405538
0.000701635781664529
0.0004538799706234051
0.0006514988529892346
0.0006114400553259476
0.0006793953371361392
0.0005407599296437877
0.0007030497952565538
0.0004750084925423962
0.0006676786907456702
0.0005917303482871661
0.0007042834053100833
0.0004888995217264553
0.0006779249003236033
0.000578623667775709
0.000712518260120545
0.0004827122022568802
0.0006744161787716698
0.0006036760156318551
0.0007087275008465069
0.0005120305412339987
0.0006945060012591694
0.0005638468884836799
0.0007179532937966383
0.0005039227808077771
0.0006903596066656101
0.0005926752726366772
0.0007220994587450438
0.000511159045245459
0.0006959553094266156
0.0005941212363406742
0.0007258606149785964
0.000519903788754417
0.0007024435552399884
0.0005936587246013096
0.0007296521702337374
0.0005289604294466546
0.0007090106499160773
0.0005935468816761721
0.0007331564608960555
0.0005391033159367014
0.000716056939041509
0.0005928212065995315
0.0007363753505839793
0.000550218703031141
0.0007233917279933426
0.0005920966862093925
0.0007393014092288796
0.0005622056643402212
0.0007308053960189178
0.0005920004016869916
0.000742084973012313
0.0005745866637224638
0.0007379115287324782
0.0005934874747440296
0.0007450609718871164
0.0005865192111371621
0.0007442969566431345
0.000597378744220296
0.0007485715199561105
0.0005972743607968742
0.0007498148430362851
0.0006037196308675309
0.0007526491656661644
0.0006068987587202103
0.0007546746498027757
0.0006117722889904606
