0.4193256646365619
0.040834024462175704
0.028208533707794577
0.024694080962132922
0.021041639452295667
0.017600694211761102
0.015154241155849823
0.013567428091319384
0.012640474162891943
0.011941596294681124
0.011341644898159947
0.010822189487979278
0.010401447064862665
0.010079377749500507
0.009828153949390473
0.009621117239497606
0.009443078388747143
0.009285871789081555
0.009144589873767183
0.009015964456566961
0.00889767505507142
0.008788004482808408
0.008685643149625184
0.008589568301903966
0.008498965476115361
0.00841317539727234
0.008331656927420288
0.008253960502275118
0.008179708632915028
0.008108581298215173
0.008040304807664546
0.007974643182346343
0.007911391400001975
0.007850370044531216
0.007791421029983416
0.007734404157506609
0.00767919432525466
0.0076256792549338655
0.007573757630271956
0.007523337565962497
0.007474335343063165
0.007426674360074065
0.00738028425913613
0.00733510019476283
0.007291062218807812
0.007248114760380464
0.007206206183439502
0.007165288408037178
0.00712531658381581
0.0070862488064962065
0.007048045869839431
0.007010671046983788
0.006974089896216874
0.006938270087186287
0.006903181244319759
0.006868794804846978
0.006835083889320265
0.006802023182935324
0.006769588826280788
0.006737758314404268
0.006706510403291221
0.006675825023016096
0.006645683196955275
0.00661606696655236
0.0065869593212054605
0.0065583441329078365
0.006530206095320253
0.006502530666990557
0.00647530401846425
0.0064485129830515265
0.0064221450110340545
0.006396188127107891
0.0063706308908707005
0.006345462360170465
0.006320672057141138
0.006296249936758292
0.006272186357754442
0.006248472055740542
0.006225098118386516
0.00620205596252024
0.006179337313010681
0.00615693418330757
0.0061348388575161675
0.006113043873892413
0.006091542009650089
0.006070326266977774
0.006049389860169869
0.006028726203782243
0.006008328901728344
0.005988191737238311
0.005968308663608353
0.005948673795673485
0.005929281401941625
0.005910125897331895
0.005891201836464548
0.0058725039074541355
0.005854026926161892
0.005835765830866519
0.005817715677316774
0.005799871634131803
0.005782228978518998
0.005764783092281036
0.00574752945808727
0.005730463655986363
0.00571358136013949
0.00569687833575546
0.005680350436210855
0.005663993600340102
0.005647803849881544
0.005631777287067599
0.005615910092347625
0.0056001985222337795
0.005584638907261096
0.0055692276500536745
0.0055539612234899735
0.005538836168960988
0.005523849094715502
0.00550899667428767
0.0054942756450020525
0.005479682806552696
0.00546521501965214
0.005450869204747755
0.005436642340802213
0.005422531464136014
0.005408533667329498
0.005394646098182883
0.005380865958732011
0.005367190504318921
0.005353617042715361
0.005340142933298342
0.005326765586276382
0.005313482461965681
0.005300291070115108
0.00528718896927919
0.005274173766238355
0.005261243115465511
0.005248394718638329
0.005235626324196427
0.00522293572694261
0.005210320767687542
0.005197779332936792
0.005185309354619666
0.005172908809858731
0.005160575720779039
0.00514830815435608
0.005136104222301361
0.005123962080984155
0.005111879931388359
0.0050998560191028545
0.00508788863434376
0.005075976112007114
0.005064116831749818
0.005052309218097181
0.005040551740574844
0.005028842913862707
0.005017181297968667
0.005005565498419399
0.004993994166465666
0.0049824659992990005
0.004970979740277019
0.004959534179154013
0.004948128152313459
0.004936760542999142
0.004925430281541104
0.00491413634557276
0.004902877760235394
0.0048916535983659915
0.004880462980664457
0.0048693050758360605
0.004858179100705068
0.004847084320295286
0.004836020047873465
0.00482498564495132
0.004813980521242182
0.0048030041345682025
0.004792055990714207
0.004781135643224634
0.00477024269313954
0.0047593767886669495
0.004748537624787713
0.004737724942790601
0.004726938529734702
0.004716178217837081
0.004705443883783797
0.004694735447962859
0.004684052873618057
0.0046733961659231014
0.0046627653709759055
0.004652160574713516
0.004641581901748436
0.004631029514127699
0.004620503610016774
0.004610004422310459
0.004599532217173983
0.004589087292517386
0.004578669976407411
0.004568280625421156
0.00455791962294623
0.004547587377432864
0.004537284320603336
0.004527010905624903
0.0045167676052524025
0.004506554909947002
0.004496373325977881
0.004486223373513698
0.004476105584710871
0.004466020501805576
0.004455968675216549
0.004445950661665743
0.0044359670223234286
0.0044260183209847
0.004416105122283529
0.004406227989950882
0.004396387485122398
0.00438658416470145
0.004376818579782611
0.004367091274140097
0.004357402782785682
0.0043477536305996595
0.00433814433103833
0.004328575384920551
0.0043190472792960415
0.004309560486396678
0.004300115462672662
0.004290712647913807
0.00428135246445653
0.004272035316476288
0.0042627615893648255
0.004253531649191161
0.00424434584224482
0.004235204494659575
0.004226107912115482
0.0042170563796165555
0.004208050161341579
0.004199089500564897
0.004190174619643917
0.004181305720070016
0.004172482982579273
0.0041637065673193665
0.004154976614068857
0.004146293242505138
0.004137656552517246
0.004129066624559572
0.004120523520042915
0.004112027281758976
0.004103577934334802
0.0040951754847133445
0.004086819922656985
0.004078511221270549
0.004070249337540544
0.0040620342128875895
0.004053865773729358
0.004045743932050827
0.004037668585979778
0.004029639620364604
0.004021656907352598
0.004013720306966447
0.004005829667676948
0.003997984826970327
0.00399018561190854
0.003982431839680977
0.003974723318146525
0.0039670598463646236
0.00395944121511443
0.003951867207401195
0.0039443375989491256
0.003936852158680114
0.00392941064917773
0.003922012827136246
0.0039146584437942476
0.003907347245352681
0.0039000789733771163
0.003892853365184354
0.0038856701542131387
0.0038785290703793147
0.0038714298404153307
0.0038643721881943998
0.003857355835039577
0.003850380500017879
0.003843445900219875
0.003836551751025065
0.0038296977663532916
0.0038228836589027713
0.0038161091403748713
0.0038093739216862807
0.0038026777131688985
0.003796020224757798
0.0037894011661677514
0.0037828202470588973
0.0037762771771915967
0.003769771666571428
0.003763303425584126
0.003756872165121623
0.003750477596698788
0.003744119432561995
0.003737797385789428
0.003731511170383772
0.0037252605013574818
0.003719045094811115
0.0037128646680051067
