0.05605978609851389
0.02072023539252769
0.015019106193181465
0.012450974587575719
0.011615615099884787
0.011140641221022535
0.010806305907453885
0.010539652199720596
0.010310146835016722
0.010105259846192002
0.0099203257702831
0.00975309125020652
0.009601512879614825
0.009463467445397465
0.009336958074200407
0.009220250025008644
0.009111900660601408
0.009010739057596338
0.00891582728313232
0.008826416990925616
0.008741907652332901
0.008661809662980257
0.008585713889576959
0.00851326811403638
0.008444160042493641
0.008378106001639074
0.008314844131474639
0.008254130792361914
0.008195738999642058
0.008139457919565737
0.008085092734555897
0.00803246445232263
0.007981409452022374
0.007931778715072876
0.00788343678040311
0.007836260506332425
0.007790137729797434
0.007744965902786633
0.007700650766583676
0.007657105103852803
0.007614247590559244
0.00757200175574046
0.007530295047368408
0.007489057996402897
0.0074482234678152496
0.007407725986049751
0.007367501122409902
0.0073274849326961855
0.0072876134347347405
0.007247822117005817
0.007208045471298432
0.007168216544140887
0.007128266503681787
0.0070881242207314794
0.007047715864789774
0.007006964517981987
0.006965789811643747
0.006924107591334362
0.006881829615423987
0.0068388632886360575
0.006795111422827294
0.006750471999773289
0.0067048378809590765
0.006658096363463645
0.006610128416945734
0.006560807358459033
0.006509996647058711
0.006457546453255166
0.006403288768764129
0.006347031224092689
0.006288550698507726
0.006227589472974358
0.006163859130912924
0.006097060054784725
0.006026925362337438
0.0059532942506744626
0.005876207924177548
0.0057960028437824725
0.005713360768967998
0.005629278529083512
0.005544949872975484
0.005461592454687154
0.005380276600315112
0.0053018036476933875
0.005226651503480005
0.005154975883778276
0.005086639931687056
0.005021240633923207
0.0049580981014731105
0.0048961593764834214
0.004833714150213296
0.004767640210824098
0.004691259372655307
0.004587251100838041
0.004399389346777772
0.003927517139425334
0.0032441198516428692
0.0031909422665132928
0.0031258574109032386
0.0030691171540449145
0.0030232298294797975
0.0029823846414215186
0.0029445440415219446
0.0029088950127133585
0.0028750163193632973
0.002842636271696106
0.002811556325021925
0.002781622209782469
0.00275271019908921
0.002724719138322817
0.002697565190266866
0.0026711781153044424
0.0026454985284549678
0.0026204758220178667
0.002596066560673405
0.0025722332213666504
0.0025489431902520738
0.002526167954787006
0.0025038824463464783
0.002482064500603797
0.002460694411241729
0.0024397545584927452
0.002419229098304163
0.002399103701082471
0.0023793653313222986
0.0023600020611984933
0.00234100291255274
0.0023223577227500106
0.0023040570306940115
0.0022860919799332427
0.0022684542363000256
0.002251135917936261
0.0022341295358937635
0.002217427943770827
0.0022010242950734984
0.0021849120071792015
0.0021690847309395796
0.0021535363250942256
0.002138260834782168
0.0021232524735366005
0.002108505608233223
0.002094014746536178
0.002079774526449044
0.0020657797076339044
0.0020520251642092147
0.002038505878779294
0.0020252169374841778
0.0020121535258904714
0.0019993109255708307
0.0019866845112433925
0.0019742697483630662
0.001962062191073829
0.0019500574804465023
0.0019382513429392558
0.0019266395890292158
0.0019152181119727369
0.0019039828866599924
0.0018929299685361966
0.001882055492567269
0.0018713556722326572
0.0018608267985317291
0.001850465238993508
0.001840267436682248
0.0018302299091933222
0.0018203492476358497
0.001810622115599759
0.0018010452481063343
0.0017916154505418366
0.0017823295975748176
0.0017731846320581082
0.0017641775639167848
0.0017553054690238276
0.0017465654880652792
0.0017379548253968755
0.0017294707478941514
0.0017211105837979309
0.0017128717215573175
0.0017047516086720227
0.0016967477505358999
0.0016888577092833994
0.0016810791026406879
0.0016734096027828918
0.0016658469351989366
0.001658388877565355
0.0016510332586301942
0.0016437779571081958
0.001636620900588247
0.0016295600644539777
0.001622593470818345
0.0016157191874728858
0.00160893532685229
0.0016022400450148248
0.0015956315406390868
0.0015891080540374786
0.0015826678661867311
0.0015763092977757287
0.0015700307082709176
0.001563830494999287
0.0015577070922492566
0.0015516589703893353
0.0015456846350047175
0.001539782626051636
0.0015339515170296409
0.001528189914171504
0.0015224964556507822
0.001516869810806832
0.0015113086793871852
0.0015058117908069905
0.0015003779034254735
0.0014950058038390869
0.0014896943061911286
0.0014844422514977253
0.0014792485069896747
0.0014741119654702187
0.0014690315446881153
0.001464006186726088
0.0014590348574040895
0.0014541165456972423
0.0014492502631681882
0.0014444350434134475
0.0014396699415235995
0.0014349540335569075
0.0014302864160262107
0.0014256662053986641
0.001421092537608132
0.0014165645675798938
0.0014120814687674276
0.001407642432700897
0.0014032466685472077
0.0013988934026811814
0.0013945818782677708
0.0013903113548548209
0.0013860811079763344
0.001381890428765834
0.001377738623579612
0.001373625013629633
0.0013695489346258248
0.0013655097364274876
0.0013615067827036764
0.00135753945060219
0.0013536071304270968
0.001349709225324433
0.0013458451509759317
0.0013420143353005893
0.001338216218163807
0.0013344502510939363
0.0013307158970060453
0.0013270126299326725
0.0013233399347614644
0.0013196973069793752
0.0013160842524234423
0.0013125002870377706
0.0013089449366367305
0.0013054177366740736
0.0013019182320178776
0.0012984459767311886
0.0012950005338581254
0.001291581475215397
0.0012881883811890328
0.0012848208405362032
0.0012814784501920093
0.001278160815081108
0.0012748675479340472
0.0012715982691081816
0.001268352606413056
0.0012651301949401506
0.0012619306768968947
0.001258753701444778
0.001255598924541516
0.0012524660087871533
0.0012493546232740078
0.0012462644434403061
0.0012431951509275427
0.0012401464334413175
0.0012371179846156972
0.001234109503880934
0.0012311206963344582
0.0012281512726151742
0.0012252009487807903
0.0012222694461883055
0.0012193564913773932
0.0012164618159568141
0.0012135851564935704
0.0012107262544048994
0.001207884855852959
0.0012050607116421517
0.001202253577119073
0.0011994632120749023
0.0011966893806503167
0.0011939318512427814
0.0011911903964161783
0.0011884647928127202
0.001185754821067135
0.0011830602657229012
0.0011803809151507737
0.001177716561469249
0.0011750670004671009
0.0011724320315278888
0.0011698114575563433
0.0011672050849066999
0.0011646127233127753
0.0011620341858198564
0.0011594692887183422
0.0011569178514790521
0.001154379696690163
0.0011518546499958027
0.00114934254003613
0.0011468431983890266
0.0011443564595131639
0.0011418821606925971
0.0011394201419827343
0.001136970246157639
0.001134532318658689
0.0011321062075445318
0.001129691763442269
0.0011272888394998784
0.0011248972913398174
0.0011225169770137434
0.0011201477569584468
0.0011177894939527271
0.0011154420530754639
0.001113105301664614
0.001110779109277244
0.001108463347650515
0.0011061578906636147
0.0011038626143005472
0.001101577396613886
0.001099302117689281
0.0010970366596108696
0.0010947809064274284
0.0010925347441193408
0.001090298060566285
0.0010880707455156672
0.001085852690551734
0.0010836437890653805
0.0010814439362246155
0.0010792530289456565
0.0010770709658646474
0.0010748976473099613
0.0010727329752750672
0.0010705768533919911
0.0010684291869052815
0.0010662898826464913
0.0010641588490092183
0.0010620359959245163
0.0010599212348369321
0.0010578144786808448
0.0010557156418573457
0.0010536246402114997
0.0010515413910100239
0.0010494658129193539
0.00104739782598413
0.0010453373516059988
0.0010432843125228232
0.0010412386327882065
0.00103920023775137
0.0010371690540373407
0.0010351450095274844
0.0010331280333402961
0.0010311180558125344
0.0010291150084806256
0.0010271188240623056
0.001025129436438605
0.0010231467806360484
0.0010211707928091034
0.001019201410222915
0.001017238571236246
0.0010152822152846715
0.0010133322828639617
0.0010113887155137685
0.0010094514558014467
0.0010075204473061349
0.0010055956346030211
0.0010036769632478105
0.0010017643797614207
0.0009998578316148304
0.000997957267214146
0.000996062635885844
0.0009941738878622133
0.0009922909742669241
0.0009904138471008685
0.00098854245922808
0.0009866767643618782
0.0009848167170511892
0.0009829622726669903
0.0009811133873889601
0.0009792700181922881
0.0009774321228346297
0.0009755996598432295
0.0009737725885022099
0.000971950868840027
0.0009701344616170447
0.0009683233283133291
0.0009665174311165263
0.0009647167329099596
0.0009629211972608385
0.0009611307884086385
0.0009593454712536313
0.0009575652113455646
0.0009557899748724909
0.0009540197286497806
0.0009522544401092248
0.0009504940772883575
0.0009487386088198508
0.0009469880039211735
0.0009452422323842519
0.0009435012645654324
0.0009417650713754865
0.0009400336242698011
0.0009383068952387483
0.0009365848567981481
0.000934867481979915
0.0009331547443228624
0.000931446617863627
0.0009297430771277711
0.000928044097121007
0.0009263496533205935
0.0009246597216668469
0.0009229742785548313
0.0009212933008262175
0.0009196167657611854
0.0009179446510706198
0.0009162769348883141
0.0009146135957634064
0.0009129546126529218
0.0009112999649144835
0.0009096496322991279
0.0009080035949442799
0.0009063618333669014
0.0009047243284567027
0.0009030910614695696
0.0009014620140210886
0.0008998371680801994
0.000898216505963016
0.0008966000103267165
0.0008949876641636725
0.0008933794507955752
0.000891775353867803
0.0008901753573438305
0.0008885794454998471
0.0008869876029193872
0.0008853998144882165
0.0008838160653891927
0.0008822363410973696
0.0008806606273751409
0.0008790889102675194
0.0008775211760974994
0.0008759574114616067
0.0008743976032254476
0.0008728417385194369
0.0008712898047346125
0.0008697417895185085
0.0008681976807711986
0.0008666574666413546
0.0008651211355224494
0.0008635886760490459
0.0008620600770931204
0.0008605353277605592
0.0008590144173876492
0.0008574973355376794
0.0008559840719976807
0.0008544746167750985
0.0008529689600946824
0.0008514670923953682
0.0008499690043272028
0.0008484746867484509
0.0008469841307225723
0.000845497327515443
0.0008440142685925509
0.0008425349456161928
0.0008410593504428378
0.0008395874751204465
0.0008381193118858605
0.0008366548531622687
0.0008351940915566615
0.0008337370198573541
0.0008322836310315602
0.0008308339182229471
0.0008293878747492763
0.0008279454941000627
0.0008265067699342144
0.0008250716960777671
0.0008236402665215985
0.0008222124754191572
0.0008207883170842578
0.0008193677859888251
0.0008179508767607225
0.0008165375841815516
0.0008151279031844574
0.0008137218288519997
0.000812319356413943
0.0008109204812451606
0.0008095251988634255
0.0008081335049273179
0.000806745395234067
0.0008053608657174178
0.0008039799124454725
0.0008026025316185876
0.0008012287195671878
0.0007998584727496772
0.000798491787750224
0.0007971286612766724
0.0007957690901583385
0.0007944130713438423
0.0007930606018989816
0.0007917116790044857
0.0007903662999538735
0.0007890244621512417
0.0007876861631090163
0.0007863514004457877
0.0007850201718840414
0.0007836924752479388
0.0007823683084610312
0.0007810476695440261
0.0007797305566125003
0.0007784169678745751
0.0007771069016286829
0.0007758003562611827
0.000774497330244071
0.0007731978221326341
0.0007719018305630892
0.0007706093542502519
0.0007693203919851045
0.0007680349426324623
0.0007667530051285589
0.0007654745784786078
0.0007641996617544327
0.0007629282540920168
0.000761660354689031
0.0007603959628024412
0.000759135077746005
0.0007578776988878283
0.0007566238256478742
0.0007553734574954981
0.0007541265939469477
0.0007528832345628653
0.0007516433789457929
0.0007504070267376748
0.0007491741776173139
0.0007479448312979092
0.0007467189875244789
0.0007454966460713952
0.0007442778067398378
0.000743062469355272
0.0007418506337649325
0.0007406422998353122
0.000739437467449628
0.0007382361365053074
0.0007370383069114916
0.0007358439785865204
0.0007346531514554087
0.0007334658254473836
0.0007322820004933618
0.0007311016765234987
0.00072992485346467
0.0007287515312380611
0.0007275817097566655
0.0007264153889228616
0.000725252568625973
0.0007240932487398535
0.0007229374291204869
0.0007217851096035676
0.0007206362900021517
0.0007194909701042986
0.0007183491496706872
0.0007172108284323383
0.0007160760060882691
0.0007149446823032345
0.0007138168567054092
0.000712692528884221
0.0007115716983880289
0.0007104543647219839
0.0007093405273458202
0.0007082301856717206
0.0007071233390621456
0.0007060199868277613
0.0007049201282253184
0.0007038237624556571
0.0007027308886616018
0.0007016415059260279
0.0007005556132698329
0.0006994732096500596
0.0006983942939578884
0.0006973188650168632
0.0006962469215809417
0.0006951784623327316
0.0006941134858816714
0.0006930519907623126
0.0006919939754325417
0.0006909394382719127
0.0006898883775800065
0.0006888407915747829
0.0006877966783909959
0.0006867560360786411
0.0006857188626014283
0.0006846851558353279
0.0006836549135670726
0.0006826281334927976
0.0006816048132166252
0.0006805849502493351
0.0006795685420070882
0.0006785555858101075
0.0006775460788815224
0.0006765400183460985
0.0006755374012291577
0.0006745382244554039
0.0006735424848478895
0.0006725501791269528
0.0006715613039092101
0.0006705758557066133
0.0006695938309255248
0.0006686152258657858
0.0006676400367199278
0.000666668259572327
0.0006656998903984387
0.000664734925064033
0.0006637733593245626
0.0006628151888244302
0.0006618604090964221
0.0006609090155610742
0.0006599610035261624
0.0006590163681861758
0.0006580751046218187
0.0006571372077996445
0.0006562026725715604
0.0006552714936745227
0.0006543436657301994
0.0006534191832446504
0.0006524980406081137
0.0006515802320947265
0.0006506657518623855
0.0006497545939525684
0.0006488467522901963
0.000647942220683598
0.0006470409928243979
0.0006461430622875461
0.0006452484225312971
0.0006443570668972563
0.0006434689886104727
0.0006425841807795431
0.0006417026363967122
0.0006408243483381172
0.000639949309363891
0.0006390775121184806
0.0006382089491308366
0.0006373436128147375
0.000636481495469076
0.0006356225892782324
0.0006347668863124098
0.0006339143785280406
0.0006330650577682157
0.0006322189157631217
0.0006313759441305048
0.0006305361343762001
0.0006296994778946039
0.000628865965969237
0.0006280355897733415
0.0006272083403704091
0.0006263842087148535
0.0006255631856525933
0.0006247452619217275
0.0006239304281532114
0.0006231186748715347
0.0006223099924954598
0.0006215043713387077
0.0006207018016107435
0.0006199022734175453
0.0006191057767623619
0.0006183123015465258
0.0006175218375702589
0.00061673437453353
0.0006159499020368821
0.0006151684095822768
0.0006143898865739999
0.0006136143223195295
0.0006128417060304476
0.0006120720268233312
0.0006113052737207112
0.0006105414356519917
0.000609780501454362
0.0006090224598738103
0.0006082672995660709
0.0006075150090975814
0.0006067655769464686
0.0006060189915035722
0.0006052752410734349
0.0006045343138752611
0.0006037961980440204
0.0006030608816313842
0.0006023283526068049
0.000601598598858531
0.000600871608194662
0.0006001473683441498
0.0005994258669578991
0.0005987070916097721
0.0005979910297976731
0.0005972776689445982
0.0005965669963996945
0.000595858999439309
0.0005951536652680753
0.0005944509810199725
0.0005937509337593624
0.0005930535104821257
0.0005923586981166444
0.0005916664835249218
0.0005909768535036575
0.0005902897947852819
0.0005896052940390369
0.0005889233378720382
0.0005882439128303552
0.0005875670054000361
0.0005868926020082027
0.0005862206890240804
0.000585551252760074
0.0005848842794728055
0.000584219755364154
0.0005835576665823178
0.0005828979992228347
0.0005822407393296508
0.0005815858728960934
0.0005809333858659686
0.0005802832641345198
0.0005796354935494952
0.0005789900599121108
0.000578346948978112
0.0005777061464587282
0.0005770676380217028
0.0005764314092922373
0.0005757974458540131
0.0005751657332501716
0.0005745362569842429
0.0005739090025211527
0.0005732839552881557
0.0005726611006757974
0.0005720404240388248
0.0005714219106971773
0.0005708055459368749
0.000570191315010928
0.0005695792031402918
0.0005689691955147268
0.0005683612772937349
0.0005677554336074357
0.0005671516495574253
0.0005665499102176778
0.0005659502006353994
0.0005653525058318824
0.0005647568108033705
0.0005641631005218492
0.0005635713599359563
0.0005629815739717391
0.0005623937275335006
0.0005618078055045797
0.000561223792748174
0.0005606416741081395
0.000560061434409714
0.0005594830584603475
0.0005589065310504354
0.0005583318369540766
0.0005577589609298129
0.0005571878877213818
0.0005566186020584165
0.0005560510886572
0.0005554853322213278
0.0005549213174424521
0.0005543590290009436
0.0005537984515665992
0.0005532395697992818
0.0005526823683496147
0.0005521268318596248
0.0005515729449633982
0.0005510206922877008
0.0005504700584526309
0.000549921028072212
0.0005493735857550517
0.0005488277161048804
0.0005482834037212087
0.0005477406331998646
0.0005471993891336053
0.0005466596561126759
0.0005461214187253533
0.0005455846615585396
0.0005450493691982447
0.0005445155262301923
0.0005439831172402893
0.0005434521268151821
0.000542922539542736
0.0005423943400125904
0.0005418675128165856
0.0005413420425493024
0.0005408179138085283
0.0005402951111957032
0.0005397736193164211
0.0005392534227808684
0.0005387345062042732
0.0005382168542073429
0.0005377004514167052
0.0005371852824653302
0.0005366713319929382
0.0005361585846464595
0.0005356470250803522
0.0005351366379570876
0.0005346274079474793
0.0005341193197311075
0.0005336123579966709
0.0005331065074423725
0.0005326017527762537
0.0005320980787165997
0.0005315954699922356
0.0005310939113429289
0.0005305933875196626
0.0005300938832850132
0.0005295953834134688
0.0005290978726917394
0.0005286013359190693
0.0005281057579075436
0.0005276111234823955
0.000527117417482316
0.0005266246247597143
0.0005261327301810259
0.0005256417186269781
0.0005251515749928813
0.000524662284188869
0.0005241738311402083
0.0005236862007875016
0.0005231993780870013
0.0005227133480108086
0.000522228095547137
0.0005217436057005691
0.0005212598634922694
0.0005207768539602053
0.0005202945621594307
0.0005198129731622319
0.0005193320720584055
0.0005188518439554484
0.0005183722739787625
0.0005178933472718879
0.0005174150489966726
0.0005169373643334909
0.0005164602784814447
0.000515983776658556
0.0005155078441019181
0.0005150324660679392
0.0005145576278324977
0.0005140833146911137
0.0005136095119591376
0.0005131362049719186
0.0005126633790850021
0.0005121910196742558
0.0005117191121360649
0.0005112476418874893
0.0005107765943664387
0.0005103059550317931
0.0005098357093636194
0.0005093658428632701
0.0005088963410535802
0.0005084271894790028
0.0005079583737057517
0.000507489879321964
0.0005070216919378405
0.0005065537971858002
0.0005060861807206214
0.0005056188282195866
0.0005051517253826187
0.0005046848579324374
0.0005042182116146923
0.0005037517721981147
0.0005032855254746392
0.0005028194572595639
0.0005023535533916746
0.0005018877997334005
0.0005014221821709535
0.0005009566866144455
0.0005004912989980476
0.0005000260052801428
0.0004995607914434495
0.0004990956434951539
0.0004986305474670765
0.0004981654894157933
0.0004977004554228152
0.0004972354315946817
0.0004967704040631506
0.000496305358985325
0.0004958402825438161
0.0004953751609468698
0.0004949099804285433
0.0004944447272488574
0.0004939793876939371
0.0004935139480761778
0.000493048394734408
0.0004925827140340573
0.0004921168923673117
0.000491650916153272
0.0004911847718381675
0.0004907184458954669
0.0004902519248261039
0.0004897851951586406
0.0004893182434494568
0.0004888510562828984
0.000488383620271535
0.0004879159220563024
0.00048744794830671414
0.0004869796857210752
0.00048651112102665584
0.00048604224097994477
0.0004855730323668368
0.0004851034820028387
0.0004846335767333383
0.00048416330343380046
0.0004836926490100049
0.00048322160039828717
0.00048275014456578843
0.0004822782685107094
0.0004818059592625566
0.0004813332038823985
0.00048085998946316297
0.0004803863031298918
0.0004799121320400025
0.0004794374633836197
0.0004789622843838499
0.00047848658229706156
0.00047801034441321964
0.0004775335580562158
0.00047705621058415304
0.00047657828938969647
0.00047609978190041384
0.00047562067557914303
0.00047514095792429044
0.0004746606164702742
0.0004741796387878252
0.00047369801248440467
0.0004732157252046109
0.0004727327646305339
0.00047224911848221937
0.000471764774518038
0.0004712797205351426
0.00047079394436991436
0.00047030743389840375
0.00046982017703677925
0.00046933216174182044
0.00046884337601139057
0.00046835380788493627
0.0004678634454439821
0.0004673722768126572
0.00046688029015823303
0.00046638747369164886
0.00046589381566807713
0.000465399304387482
0.0004649039281952018
0.0004644076754825588
0.00046391053468743544
0.00046341249429491247
0.00046291354283790865
0.0004624136688978293
0.000461912861105195
0.000461411108140364
0.00046090839873421443
0.00046040472166881464
0.0004599000657781999
0.00045939441994908637
0.00045888777312161295
0.0004583801142901301
0.00045787143250398564
0.00045736171686832847
0.0004568509565449201
0.00045633914075296706
0.0004558262587700231
0.0004553122999328054
0.0004547972536381176
0.00045428110934375834
0.0004537638565694406
0.00045324548489776497
0.00045272598397514373
0.000452205343512817
0.00045168355328786955
0.00045116060314422953
0.0004506364829937262
0.00045011118281716185
0.0004495846926654112
0.0004490570026604993
0.0004485281029967572
0.00044799798394198166
0.0004474666358385758
0.00044693404910476877
0.00044640021423584294
0.00044586512180536
0.00044532876246642023
0.0004447911269529669
0.00044425220608110234
0.00044371199075040284
0.00044317047194527404
0.0004426276407363589
0.0004420834882819374
0.00044153800582932086
0.0004409911847163852
0.0004404430163729774
0.00043989349232246633
0.0004393426041832598
0.0004387903436703525
0.00043823670259694297
0.0004376816728760073
