0.08014678639457799
0.01923829396053812
0.015979250588358765
0.014724464068943649
0.01420422456528716
0.013794452003072387
0.013250093378222416
0.010183920920117355
0.009262647232847058
0.008978353384457731
0.008807715536950218
0.00858319848452027
0.008415494381646633
0.008244123432350137
0.008073255465673928
0.007915037599817648
0.0077752179193937366
0.007653142566898167
0.007545501536792505
0.007449009021499847
0.00736112764731057
0.007279944957703858
0.007204005439786825
0.007132247664082636
0.007063966373200388
0.006998745843193116
0.006936368951006079
0.006876729463994674
0.00681976720940073
0.00676542908445855
0.006713649096302602
0.006664339544664681
0.006617388182725868
0.006572658845554649
0.006529994434074019
0.006489221550099337
0.006450156068095417
0.0064126089006430916
0.006376391313531469
0.006341319351570208
0.006307217168308435
0.006273919246169651
0.006241271619639226
0.0062091322752749235
0.0061773709154869525
0.006145868257530603
0.006114515010259577
0.0060832106387568126
0.006051861996327523
0.006020381876804527
0.005988687518215768
0.005956699071249703
0.00592433803189574
0.0058915256262980255
0.005858181126427477
0.0058242200669074975
0.005789552325566221
0.005754080022462218
0.005717695183748826
0.005680277107409936
0.00564168935733848
0.005601776300371893
0.0055603590880523345
0.005517230972137495
0.005472151833018378
0.0054248417997127055
0.00537497386383649
0.0053221654711642285
0.005265969285904878
0.005205863819326407
0.005141245709895642
0.005071427731628116
0.00499565108819566
0.004913128484351781
0.0048231461002715015
0.004725262715324873
0.0046196324568454055
0.004507396230628257
0.004390853070462044
0.00427269326135081
0.004153514956567841
0.004028249522092228
0.0038834758877619347
0.003700585178976551
0.0034776969565400947
0.0032513818687619645
0.003063062279706549
0.002929027714854538
0.0028402954637246703
0.002776987664844619
0.002725270224887983
0.002679036130819215
0.002635957727515635
0.002595098567231285
0.002556016581127691
0.002518462260860489
0.002482275126872836
0.0024473454320832846
0.0024135980853480714
0.00238098438443283
0.002349476413653598
0.00231906214873619
0.002289740558205
0.0022615165950057143
0.0022343963149561628
0.0022083825267462313
0.002183471387016009
0.0021596502296786294
0.002136896716505997
0.002115179186328485
0.0020944579229079147
0.002074686987589678
0.002055816270844976
0.002037793482802351
0.0020205658951087343
0.0020040817376968142
0.0019882912274473063
0.001973147255130269
0.001958605783775331
0.0019446260209720805
0.0019311704256207926
0.001918204601597099
0.0019056971204460657
0.0018936193049240867
0.0018819449961694481
0.0018706503199564112
0.0018597134618832428
0.0018491144572532485
0.0018388349985447427
0.0018288582614462456
0.0018191687492075568
0.0018097521543254309
0.0018005952361890968
0.0017916857131423966
0.0017830121673943686
0.0017745639612716192
0.001766331163415388
0.0017583044836587257
0.0017504752154581277
0.0017428351848897364
0.0017353767053472071
0.0017280925371938216
0.001720975851723987
0.0017140201988798363
0.001707219478246788
0.0017005679129197353
0.0016940600258894816
0.0016876906186484805
0.0016814547517571012
0.0016753477271475292
0.001669365071972646
0.0016635025238332147
0.001657756017238448
0.0016521216711736938
0.0016465957776649028
0.0016411747912428532
0.0016358553192218563
0.001630634112717421
0.0016255080583359065
0.0016204741704765153
0.0016155295841923897
0.0016106715485629222
0.0016058974205344519
0.0016012046591904455
0.0015965908204162722
0.0015920535519266896
0.0015875905886271974
0.0015831997482830217
0.0015788789274716792
0.0015746260977972854
0.0015704393023465014
0.00156631665236783
0.0015622563241573112
0.0015582565561353468
0.0015543156461002316
0.001550431948645505
0.0015466038727290883
0.0015428298793830652
0.0015391084795541173
0.0015354382320650528
0.001531817741688941
0.0015282456573278596
0.001524720670288937
0.001521241512650943
0.0015178069557151693
0.0015144158085349262
0.0015110669165183202
0.001507759160099422
0.0015044914534733205
0.0015012627433909685
0.0014980720080098521
0.0014949182557970407
0.0014918005244812878
0.0014887178800511497
0.0014856694157963295
0.0014826542513896434
0.0014796715320071624
0.0014767204274843675
0.0014738001315061802
0.0014709098608289967
0.0014680488545328883
0.0014652163733023455
0.0014624116987340442
0.0014596341326700805
0.001456882996555499
0.0014541576308187327
0.0014514573942738492
0.0014487816635434837
0.0014461298325014911
0.0014435013117343072
0.0014408955280201608
0.00143831192382531
0.0014357499568165334
0.001433209099389091
0.0014306888382095567
0.001428188673772852
0.0014257081199728198
0.0014232467036859214
0.0014208039643674097
0.0014183794536595617
0.0014159727350114724
0.0014135833833100427
0.0014112109845217094
0.0014088551353446035
0.0014065154428707237
0.0014041915242579135
0.0014018830064112236
0.0013995895256734775
0.001397310727524762
0.0013950462662905773
0.001392795804858478
0.0013905590144029539
0.0013883355741183925
0.0013861251709599584
0.0013839274993921807
0.0013817422611451643
0.0013795691649782329
0.0013774079264508817
0.0013752582677009403
0.0013731199172298176
0.0013709926096946864
0.0013688760857075723
0.0013667700916411385
0.0013646743794412065
0.001362588706445771
0.0013605128352105048
0.0013584465333406476
0.0013563895733291404
0.0013543417324009314
0.0013523027923633868
0.0013502725394626421
0.0013482507642458156
0.0013462372614290242
0.0013442318297709986
0.001342234271952258
0.0013402443944596982
0.0013382620074764739
0.0013362869247770307
0.0013343189636272103
0.0013323579446892113
0.001330403691931355
0.0013284560325424373
0.001326514796850592
0.0013245798182464723
0.0013226509331105837
0.0013207279807446808
0.0013188108033070078
0.0013168992457512718
0.0013149931557691161
0.001313092383736093
0.0013111967826607434
0.0013093062081368473
0.0013074205182985437
0.0013055395737782407
0.001303663237667076
0.0013017913754778967
0.001299923855110465
0.0012980605468188486
0.0012962013231808088
0.0012943460590690127
0.0012924946316240098
0.0012906469202287264
0.001288802806484474
0.0012869621741882066
0.0012851249093110528
0.0012832908999778384
0.00128146003644767
0.0012796322110952864
0.001277807318393216
0.001275985254894569
0.0012741659192164136
0.0012723492120235943
0.0012705350360129445
0.0012687232958978366
0.0012669138983929372
0.0012651067521991385
0.0012633017679886229
0.0012614988583899292
0.0012596979379730126
0.0012578989232342828
0.0012561017325814828
0.0012543062863184526
0.0012525125066296752
0.001250720317564621
0.001248929645021784
0.0012471404167325156
0.0012453525622444317
0.001243566012904601
0.0012417807018422693
0.0012399965639512903
0.0012382135358721177
0.0012364315559734132
0.0012346505643332463
0.0012328705027198573
0.001231091314572012
0.0012293129449789106
0.0012275353406596629
0.0012257584499423357
0.0012239822227425492
0.0012222066105416506
0.0012204315663644624
0.0012186570447565738
0.0012168830017612517
0.0012151093948958942
0.0012133361831280966
0.001211563326851318
0.00120979078786016
0.0012080185293252398
0.0012062465157677007
0.0012044747130334167
0.001202703088266747
0.0012009316098840763
0.0011991602475469182
0.0011973889721348186
0.0011956177557178919
0.0011938465715291334
0.0011920753939364407
0.0011903041984144128
0.0011885329615159233
0.0011867616608434856
0.0011849902750204243
0.0011832187836618901
0.0011814471673457132
0.001179675407583152
0.0011779034867894827
0.0011761313882545643
0.0011743590961132803
0.0011725865953159725
0.001170813871598787
0.0011690409114541364
0.0011672677021010225
0.0011654942314555195
0.0011637204881012712
0.0011619464612600688
0.0011601721407625291
0.0011583975170189238
0.0011566225809901468
0.001154847324158829
0.0011530717385006821
0.0011512958164560422
0.001149519550901635
0.0011477429351226132
0.001145965962784876
0.0011441886279076757
0.0011424109248365552
0.001140632848216599
0.0011388543929660845
0.0011370755542504775
0.001135296327456821
0.0011335167081685774
0.0011317366921408509
0.0011299562752760933
0.0011281754536002528
0.0011263942232394237
0.0011246125803969487
0.0011228305213311013
0.0011210480423331996
0.0011192651397063241
0.0011174818097445301
0.0011156980487126787
0.0011139138528267348
0.001112129218234739
0.0011103441409983088
0.0011085586170747246
0.0011067726422996384
0.0011049862123703618
0.0011031993228297803
0.0011014119690508388
0.0010996241462216927
0.001097835849331414
0.0010960470731563793
0.0010942578122472091
0.0010924680609163625
0.0010906778132263094
0.001088887062978382
0.0010870958037021538
0.0010853040286454623
0.001083511730765043
0.0010817189027177401
0.0010799255368523083
0.0010781316252017894
0.001076337159476498
0.0010745421310575328
0.0010727465309908692
0.0010709503499820238
0.001069153578391192
0.0010673562062290087
0.0010655582231527561
0.0010637596184631115
0.0010619603811014048
0.0010601604996473438
0.0010583599623172407
0.0010565587569626542
0.001054756871069553
0.0010529542917578566
0.0010511510057814707
0.0010493469995286385
0.0010475422590227965
0.0010457367699237673
0.0010439305175293312
0.0010421234867771618
0.0010403156622471182
0.0010385070281638772
0.0010366975683998732
0.0010348872664785688
0.0010330761055780053
0.001031264068534657
0.0010294511378475266
0.0010276372956825597
0.0010258225238772426
0.0010240068039454814
0.0010221901170826852
0.001020372444171073
0.0010185537657851874
0.0010167340621975913
0.0010149133133847312
0.0010130914990330306
0.001011268598545072
0.0010094445910459736
0.0010076194553899067
0.0010057931701667377
0.0010039657137088144
0.001002137064097842
0.001000307199171894
0.0009984760965325355
0.000996643733551996
0.0009948100873805037
0.0009929751349536456
0.0009911388529998371
0.0009893012180478811
0.000987462206434547
0.0009856217943122788
0.0009837799576569272
0.00098193667227553
0.000980091913814233
0.0009782456577661271
0.0009763978794793019
0.000974548554164825
0.0009726976569048185
0.0009708451626605987
0.0009689910462808949
0.0009671352825100103
0.0009652778459961885
0.0009634187112999084
0.0009615578529023245
0.0009596952452136958
0.0009578308625819706
0.0009559646793013092
0.0009540966696208211
0.0009522268077532595
0.0009503550678838792
0.0009484814241792923
0.0009466058507965534
0.0009447283218921567
0.0009428488116313113
0.0009409672941972014
0.0009390837438004432
0.0009371981346886426
0.000935310441156058
0.0009334206375534588
0.0009315286982980711
0.0009296345978837653
0.0009277383108913685
0.0009258398119990992
0.0009239390759933565
0.0009220360777795229
0.0009201307923931307
0.0009182231950111767
0.0009163132609637086
0.0009144009657456214
0.0009124862850287923
0.0009105691946744277
0.0009086496707457145
0.0009067276895208229
0.0009048032275061595
0.0009028762614500308
0.0009009467683565774
0.0008990147255001457
0.0008970801104400203
0.0008951429010354933
0.0008932030754614759
0.0008912606122244134
0.0008893154901787074
0.0008873676885436345
0.000885417186920651
0.0008834639653113129
0.0008815080041356305
0.0008795492842509991
0.0008775877869716802
0.0008756234940888215
0.0008736563878911475
0.0008716864511861598
0.0008697136673220804
0.000867738020210314
0.0008657594943487338
0.0008637780748454829
0.0008617937474436438
0.0008598064985465138
0.000857816315243699
0.0008558231853379348
0.0008538270973726944
0.0008518280406606259
0.00084982600531277
0.0008478209822686273
0.0008458129633271099
0.0008438019411783447
0.0008417879094363506
0.0008397708626726392
0.0008377507964507497
0.0008357277073617099
0.0008337015930604299
0.0008316724523031093
0.0008296402849855766
0.0008276050921826138
0.0008255668761883302
0.0008235256405575199
0.0008214813901480162
0.0008194341311640749
0.0008173838712008249
0.0008153306192897051
0.0008132743859449456
0.000811215183211077
0.0008091530247115033
0.0008070879256979965
0.0008050199031013532
0.0008029489755829087
0.0008008751635871344
0.0007987984893951506
0.0007967189771792437
0.0007946366530582259
0.0007925515451538134
0.0007904636836477334
0.0007883731008397892
0.0007862798312066159
0.0007841839114612326
0.0007820853806133103
0.0007799842800299858
0.0007778806534973789
0.0007757745472825087
0.0007736660101957421
0.0007715550936535142
0.0007694418517414009
0.0007673263412773341
0.0007652086218749186
0.0007630887560066939
0.0007609668090673238
0.0007588428494364732
0.0007567169485413349
0.000754589180918607
0.0007524596242758394
0.0007503283595519496
0.0007481954709767241
0.0007460610461292591
0.0007439251759949648
0.0007417879550211608
0.0007396494811708876
0.0007375098559748726
0.0007353691845813443
0.000733227575803495
0.0007310851421644248
0.00072894199993929
0.0007267982691943971
0.0007246540738229944
0.0007225095415776306
0.000720364804098634
0.0007182199969385727
0.0007160752595824799
0.0007139307354633992
0.0007117865719731563
0.0007096429204680212
0.0007074999362689867
0.0007053577786564133
0.0007032166108587327
0.0007010766000350666
0.0006989379172513883
0.0006968007374500323
0.0006946652394123505
0.0006925316057141932
0.0006904000226741564
0.0006882706802942377
0.0006861437721928485
0.0006840194955299428
0.0006818980509241557
0.0006797796423618063
0.0006776644770977695
0.0006755527655479557
0.0006734447211735424
0.0006713405603568292
0.0006692405022688332
0.0006671447687284878
0.0006650535840538332
0.0006629671749049467
0.000660885770119104
0.0006588096005380621
0.0006567388988279822
0.000654673899291946
0.0006526148376756528
0.0006505619509663922
0.0006485154771858212
0.0006464756551769003
0.0006444427243853855
0.0006424169246364253
0.000640398495906698
0.0006383876780927632
0.000636384710775919
0.000634389832984493
0.0006324032829538922
0.0006304252978852516
0.0006284561137031729
0.0006264959648133653
0.0006245450838606678
0.0006226037014884127
0.0006206720460994869
0.0006187503436200577
0.0006168388172664515
0.0006149376873159926
0.00061304717088231
0.0006111674816959101
0.0006092988298905331
0.0006074414217958947
0.0006055954597375213
0.0006037611418439651
0.0006019386618621767
0.0006001282089813625
0.000598329967665792
0.0005965441174969375
0.0005947708330253696
0.0005930102836326578
0.0005912626334035555
0.000589528041008707
0.0005878066595980881
0.0005860986367052232
0.0005844041141623518
0.0005827232280266201
0.0005810561085171052
0.0005794028799628846
0.0005777636607618958
0.0005761385633504876
0.0005745276941835849
0.0005729311537251359
0.0005713490364487027
0.0005697814308479539
0.000568228419456627
0.0005666900788778249
0.0005651664798221525
0.0005636576871544005
0.0005621637599484258
0.000560684751549674
0.0005592207096452055
0.0005577716763404774
0.0005563376882427449
0.0005549187765504708
0.000553514967148308
0.0005521262807073454
0.0005507527327900838
0.0005493943339596406
0.0005480510898929313
0.0005467230014973049
0.0005454100650301531
0.0005441122722212589
0.000542829610397365
0.0005415620626085507
0.0005403096077562793
0.0005390722207224628
0.0005378498724994118
0.0005366425303202657
0.0005354501577896872
0.0005342727150143577
0.0005331101587332162
0.0005319624424470024
0.0005308295165469981
0.0005297113284426648
0.0005286078226879606
0.0005275189411062496
0.0005264446229134695
0.0005253848048395632
0.0005243394212479163
0.0005233084042526701
0.0005222916838338713
0.0005212891879503192
0.000520300842649907
0.0005193265721776297
0.0005183662990809107
0.0005174199443123848
0.000516487427330004
0.0005155686661944857
0.0005146635776639822
0.0005137720772860612
0.0005128940794869467
0.0005120294976579628
0.0005111782442392905
0.0005103402308009248
0.0005095153681210185
0.000508703566261377
0.000507904734640436
0.0005071187821035373
0.0005063456169905733
0.0005055851472011329
0.0005048372802570765
0.0005041019233626915
0.0005033789834623525
0.000502668367295875
0.0005019699814515242
0.0005012837324166673
0.0005006095266264123
0.0004999472705098631
0.0004992968705344133
0.0004986582332479747
0.0004980312653191249
0.0004974158735754961
0.0004968119650401161
0.000496219446966075
0.0004956382268692893
0.0004950682125597709
0.0004945093121710185
0.0004939614341880271
0.000493424487473588
0.0004928983812933009
0.0004923830253389496
0.0004918783297507413
0.0004913842051379821
0.0004909005625986888
0.0004904273137378334
0.0004899643706845364
0.0004895116461080332
0.000489069053232629
0.0004886365058515686
0.00048821391833998455
0.00048780120566682206
0.0004873982834059171
0.0004870050677461404
0.00048662147550082954
0.0004862474241162476
0.0004858828316795045
0.00048552761692556893
0.0004851816992436961
0.00048484499868321843
0.00048451743595862094
0.0004841989324540722
0.0004838894102274973
0.00048358879201387453
0.00048329700122833416
0.0004830139619684369
0.0004827395990163713
0.0004824738378403018
0.0004822166045957683
0.00048196782612622676
0.00048172742996364714
0.0004814953443284636
0.00048127149812937056
0.00048105582096270253
0.00048084824311167513
0.00048064869554512776
0.0004804571099162795
0.00048027341856097155
0.00048009755449598886
0.00047992945141675373
0.0004797690436954271
0.00047961626637802287
0.00047947105518233123
0.0004793333464945222
0.0004792030773669384
0.00047908018551424703
0.0004789646093111121
0.00047885628778795086
0.00047875516062851264
0.0004786611681653084
0.00047857425137708636
0.0004784943518840104
0.0004784214119450126
0.00047835537445274797
0.0004782961829309951
0.00047824378152914684
0.00047819811501996354
0.0004781591287933543
0.0004781267688548121
0.0004781009818181393
0.00047808171490501745
0.0004780689159361334
0.00047806253333265323
0.0004780625161047706
0.00047806881385643543
0.0004780813767695275
0.0004781001556142559
0.00047812510172575806
0.00047815616702463624
0.00047819330397974905
0.0004782364656475052
0.0004782856056090501
0.00047834067804470773
0.00047840163762250296
0.000478468439640579
0.0004785410398200755
0.0004786193945830622
0.00047870346065222944
0.00047879319560618536
0.0004788885570783763
0.00047898950389547323
0.0004790959944221756
0.00047920798895965613
0.00047932544621889485
0.00047944832851756807
0.0004795765940407999
0.0004797102084223308
0.0004798491272650102
0.0004799933226818266
0.0004801427426873206
0.00048029737373486123
0.0004804571437174779
0.00048062207342450714
0.0004807920384152832
0.00048096714591884624
0.0004811471342469609
0.00048133233619577104
0.0004815221233598509
0.0004817174347850231
0.00048191663984043165
0.0004821223510698554
0.00048233013236066453
0.00048254733484625744
0.00048276147567255425
0.0004829936605001307
0.00048320775844223955
0.0004834657864410875
0.00048366041710107657
0.00048397832274779304
0.00048409263719892414
0.0004845790232705543
0.0004844174504015722
0.0004854264880816387
0.0004843459108704238
0.0004870604394977271
0.0004829032617155428
0.0004913858736775212
0.00047681555020654895
0.0005056319509127499
0.0004555856968116547
0.0005595868325596051
0.0003924406488222464
0.0006492195410510639
0.0003515826178708932
0.0006345311058104226
0.00035250149435482104
0.0006346164854234685
0.0003508995841517524
0.0006328275791015413
0.0003497342273882093
0.0006313328875887145
0.00034854114427250693
0.0006297571866543492
0.0003474138691278412
0.0006281761170090703
0.00034633830403218193
0.0006265821720636567
0.00034532095667987175
0.0006249879056622647
0.0003443619754544006
0.0006234008279858482
0.0003434622957413236
0.0006218291307189509
0.00034262189604833437
0.0006202797092894049
0.0003418405010739823
0.0006187586977387198
0.0003411174437302424
0.0006172712757652353
0.0003404518082258018
0.0006158218059397094
0.0003398424470581268
0.0006144138654159747
0.0003392880454040288
0.0006130503410807377
0.000338787154277902
0.0006117334982004811
0.00033833823263302627
0.0006104650625434404
0.0003379396760979701
0.0006092462889742312
0.00033758984613623016
0.0006080780305054445
0.0003372870909555282
0.0006069607968743873
0.0003370297650276778
0.0006058948099050537
0.0003368162427100027
0.0006048800499439937
0.0003366449305865046
0.0006039162985917346
0.00033651427531560636
0.0006030031737760521
0.00033642277092062656
0.0006021401618996232
0.00033636896237010795
0.0006013266432808258
0.0003363514496104752
0.000600561916081221
0.00033636888799879486
0.0005998452138515157
0.00033641999063873626
0.000599175723656028
0.00033650352615700196
0.0005985525968717299
0.0003366183210465101
0.0005979749642287827
0.0003367632541193127
0.0005974419395809098
0.0003369372618196871
0.0005969526361876737
0.00033713932564280035
0.0005965061592504657
0.0003373684884748557
0.0005961016342240463
0.00033762382082757047
0.0005957381704748646
0.00033790447662424087
0.0005954149384362395
0.0003382095818227723
0.0005951310324280622
0.0003385384472652346
0.0005948857479189087
0.00033889012836045383
0.0005946780210827149
0.000339264350379569
0.0005945076200337281
0.0003396594744520617
0.0005943725356016164
0.0003400771057742591
0.0005942749063170126
0.0003405112757073712
0.0005942071135169433
0.00034097466524747627
0.0005941855032761892
0.0003414329443928325
0.0005941659550257539
0.00034197439760240065
0.0005942619832555507
0.0003423580858928803
0.0005941639409851434
0.0003432541982827533
0.000594732895093232
0.00034273942463380853
0.0005935006936128077
0.0003465017019668037
0.0005977760201242086
0.0003374205597216539
0.0005857382862136344
0.00037002046255754493
0.0006279030257548498
0.0002853737228902844
0.0005332188808487354
0.0005513724110397093
0.0005017397358173134
0.0006672690133962601
0.00024761539235920623
0.000496301052953012
0.000684637929387406
0.00023663374147093962
0.00048036064280321245
0.0007079955443222445
0.0002261796282262701
0.0004621138431578849
0.0007141206047850843
0.000222242903757917
0.0004529607942707968
0.000712323394407814
0.00022045523619965883
0.00044712456976680017
0.0007097660889387073
0.0002190166519215338
0.0004416489677965651
0.0007062510728679702
0.0002180574102963227
0.00043686071054243854
0.0007023896379086942
0.00021746099947076287
0.00043261001654901486
0.0006983759958159035
0.00021720775916842482
0.00042891574902441095
0.0006944563319243155
