0.2222564350971387
0.038772093881496876
0.027662582674573263
0.02382889649686644
0.021448676654844134
0.019643948195245814
0.01819648076870286
0.016869243147396643
0.015484892031348606
0.014243964008182189
0.013385274561134898
0.01275883002974296
0.012231404342232024
0.011749489002096566
0.011299511457718943
0.01089490372858342
0.010555772911316095
0.010283647602394988
0.010062526019346592
0.009875613152717023
0.00971206224074315
0.009565621806155486
0.009432523784433542
0.009310292933941491
0.009197174575301592
0.009091852491325578
0.008993298462076952
0.008900685105702646
0.008813331692700762
0.008730668474700509
0.008652212091598551
0.008577547964969451
0.008506317293997062
0.008438207197676555
0.008372943077040371
0.008310282587368831
0.008250010806102496
0.00819193630735357
0.008135887936305162
0.00808171213244967
0.008029270689126271
0.007978438864039933
0.007929103775074652
0.00788116303012701
0.00783452355044235
0.00778910055508683
0.007744816680447139
0.0077016012135156485
0.00765938942154502
0.007618121963694737
0.007577744372727438
0.007538206596782047
0.007499462592854489
0.007461469964931706
0.007424189640811193
0.0073875855825393105
0.007351624526154788
0.007316275747054283
0.007281510847829232
0.007247303565871987
0.007213629598430822
0.007180466443117494
0.0071477932521473095
0.007115590698827708
0.007083840855012922
0.007052527078414814
0.007021633908807704
0.006991146972290623
0.006961052892878928
0.00693133921078867
0.006901994306855478
0.006873007332596622
0.006844368145481194
0.006816067249021583
0.006788095737339456
0.006760445243894494
0.006733107894092311
0.006706076261513014
0.006679343327522534
0.00665290244404616
0.0066267472992994556
0.0066008718862842364
0.006575270473869084
0.006549937580283592
0.006524867948865023
0.0065000565259038376
0.0064754984404425545
0.00645118898588923
0.006427123603313893
0.0064032978663025805
0.006379707467250213
0.00635634820497925
0.006333215973577654
0.006310306752354836
0.0062876165968210095
0.006265141630599696
0.006242878038190187
0.006220822058500367
0.006198969979077325
0.006177318130966427
0.006155862884135853
0.00613460064340718
0.00611352784483753
0.006092640952503026
0.006071936455636933
0.006051410866079964
0.006031060716003772
0.006010882555871539
0.005990872952603378
0.005971028487916201
0.005951345756811454
0.005931821366185342
0.005912451933539582
0.00589323408577177
0.005874164458026973
0.005855239692593456
0.005836456437827097
0.005817811347090191
0.005799301077692107
0.005780922289819169
0.005762671645443285
0.0057445458071988765
0.0057265414372181835
0.005708655195916306
0.005690883740716884
0.005673223724710081
0.005655671795235019
0.005638224592378052
0.005620878747379446
0.005603630880939891
0.005586477601419079
0.005569415502917589
0.0055524411632335855
0.005535551141685261
0.005518741976789502
0.005502010183786846
0.005485352252002189
0.005468764642030066
0.0054522437827327075
0.005435786068038218
0.005419387853525396
0.005403045452781072
0.005386755133514538
0.005370513113412971
0.005354315555720721
0.005338158564523933
0.005322038179721455
0.0053059503716613825
0.005289891035421849
0.005273855984713387
0.0052578409453794194
0.005241841548470342
0.005225853322865957
0.005209871687420564
0.005193891942604313
0.005177909261615107
0.0051619186809349635
0.005145915090306448
0.005129893222106173
0.005113847640094935
0.005097772727527924
0.00508166267461342
0.005065511465314986
0.005049312863501124
0.005033060398457469
0.00501674734979065
0.005000366731770839
0.004983911277182069
0.004967373420776071
0.004950745282458801
0.004934018650378493
0.0049171849641321316
0.004900235298365125
0.004883160347106309
0.00486595040926166
0.0048485953757829905
0.004831084719137332
0.004813407485827054
0.004795552292852419
0.004777507329167233
0.004759260363353421
0.004740798758930794
0.004722109498920058
0.004703179221484744
0.0046839942686837865
0.00466454075055732
0.004644804626929302
0.004624771809419252
0.004604428286183896
0.004583760271822992
0.004562754384639915
0.004541397852996779
0.004519678751790364
0.004497586269040476
0.004475111001171111
0.004452245273733455
0.004428983482053762
0.004405322443616271
0.004381261751014145
0.004356804111209951
0.004331955653946391
0.004306726189850253
0.004281129397578329
0.004255182919782928
0.0042289083501677
0.004202331098695558
0.004175480129005054
0.004148387570784974
0.004121088219343608
0.004093618943696365
0.0040660180319166675
0.004038324507170587
0.004010577449134411
0.003982815353291793
0.003955075555411499
0.003927393741241739
0.0038998035532625593
0.0038723362983234914
0.0038450207530487572
0.0038178830585709864
0.0037909466926620643
0.0037642325055813773
0.003737758805671322
0.003711541481520126
0.003685594148993141
0.0036599283132642954
0.0036345535378958867
0.0036094776148327236
0.0035847067307911164
0.0035602456268821366
0.0035360977494066446
0.0035122653906124453
0.003488749818844978
0.0034655513979863404
0.0034426696964012693
0.003420103585822337
0.0033978513307399037
0.0033759106689352533
0.003354278883825823
0.0033329528692936285
0.0033119291876490577
0.003291204121352933
0.0032707737190816287
0.0032506338366792707
0.0032307801734989022
0.0032112083045921407
0.0031919137091675417
0.003172891795698562
0.0031541379240274713
0.0031356474247776433
0.003117415616356696
0.0030994378198052927
0.0030817093717206007
0.0030642256354609454
0.0030469820108171863
0.0030299739423173063
0.003013196926314129
0.002996646516990524
0.002980318331402551
0.0029642080536690296
0.0029483114384041354
0.0029326243134804703
0.0029171425822000284
0.002901862224943283
0.002886779300358624
0.0028718899461481536
0.0028571903794999184
0.0028426768972111827
0.00282834587554289
0.002814193769840782
0.0028002171139551997
0.002786412519487783
0.0027727766748904836
0.0027593063444392857
0.002745998367102692
0.0027328496553226094
0.002719857193723493
0.002707018037763566
0.00269432931234041
0.0026817882103618365
0.002669391991291503
0.00265713797967764
0.002645023563672297
0.0026330461935473795
0.002621203380213133
0.0026094926937438225
0.002597911761914792
0.00258645826875441
0.0025751299531139617
0.0025639246072580646
0.0025528400754776543
0.0025418742527274904
0.0025310250832893226
0.002520290559462268
0.0025096687202808814
0.002499157650261966
0.0024887554781803283
0.0024784603758739388
0.002468270557078556
0.0024581842762919134
