0.12342181526809687
0.023165188094078425
0.018433984638958813
0.016073995075469475
0.014626620600380435
0.013615155853654023
0.012850385398908402
0.012243332697718608
0.011745496616108313
0.011327472972324703
0.010970035889114084
0.010659907162148733
0.010387533687570153
0.010145822392699016
0.009929373346091685
0.009733990977751059
0.009556359683197083
0.00939382125328503
0.009244217883414167
0.009105778823180144
0.008977036885337516
0.008856765877673943
0.008743933001818392
0.008637662153714504
0.0085372052925826
0.00844191986726357
0.008351250848856663
0.008264716307152016
0.008181895742446925
0.008102420580520181
0.008025966380840828
0.007952246412564859
0.007881006330443002
0.007812019740958893
0.007745084493117263
0.007680019562035434
0.007616662419540848
0.00755486680627719
0.0074945008357881855
0.007435445373726984
0.007377592645501855
0.007320845033897428
0.007265114034936334
0.007210319345797773
0.007156388063230658
0.007103253974776868
0.007050856928390225
0.006999142268803857
0.006948060331338557
0.006897565985812848
0.006847618224855439
0.00679817979226503
0.006749216848133898
0.006700698668279417
0.006652597376123942
0.006604887705558742
0.006557546793534019
0.006510554001165653
0.006463890762058007
0.0064175404563386555
0.006371488308611098
0.006325721307681266
0.006280228145529324
0.006234999172609692
0.006190026366194249
0.006145303308156787
0.006100825168356481
0.006056588689642508
0.0060125921704931055
0.005968835441441225
0.00592531983173797
0.0058820481231681545
0.005839024488554431
0.005796254413247146
0.00575374459876549
0.005711502848689372
0.005669537937846198
0.005627859466736442
0.0055864777039395
0.0055454034198830415
0.005504647715807856
0.005464221851987321
0.005424137079263008
0.005384404477743043
0.005345034806108264
0.005306038364421535
0.00526742487268622
0.005229203366702232
0.005191382112069922
0.005153968536534731
0.005116969180282332
0.005080389663306843
0.005044234668593213
0.005008507939584297
0.004973212290233395
0.004938349625867769
0.0049039209730882705
0.004869926516992821
0.004836365644118736
0.004803236989636668
0.004770538487484863
0.004738267422295858
0.004706420482129997
0.004674993811186312
0.004643983061806433
0.004613383445218938
0.00458318978059031
0.004553396542050563
0.004523997903452028
0.0044949877806947465
0.004466359871516253
0.004438107692695957
0.00441022461466788
0.004382703893569754
0.0043555387007849005
0.004328722150053505
0.004302247322246933
0.004276107287909902
0.004250295127683316
0.004224803950725642
0.004199626911253013
0.004174757223318654
0.004150188173951103
0.004125913134767894
0.0041019255721782225
0.0040782190562836905
0.004054787268580969
0.004031624008566073
0.004008723199333173
0.0039860788922564516
0.003963685270837053
0.00394153665379223
0.003919627497457876
0.003897952397570831
0.0038765060904915757
0.003855283453923832
0.0038342795071822705
0.0038134894110556155
0.003792908467307885
0.003772532117857231
0.0037523559436673988
0.003732375663384422
0.003712587131747284
0.003692986337798996
0.003673569402921423
0.0036543325787154763
0.003635272244745233
0.0036163849061635524
0.0035976671912341064
0.003579115848763781
0.003560727745457565
0.0035424998632071466
0.0035244292963227575
0.003506513248717534
0.003488749031052121
0.003471134057846879
0.00345366584456824
0.003436342004695305
0.003419160246772085
0.0034021183714505517
0.0033852142685293217
0.0033684459139923565
0.0033518113670518938
0.0033353087671997043
0.00331893633127049
0.003302692350521103
0.003286575187729218
0.003270583274315014
0.0032547151074892424
0.0032389692474308713
0.0032233443144980612
0.0032078389864750186
0.003192451995858511
0.0031771821271866967
0.003162028214413494
0.0031469891383312477
0.0031320638240446815
0.0031172512384987257
0.003102550388062862
0.003087960316174487
0.003073480101043567
0.0030591088534208145
0.0030448457144314524
0.0030306898534762775
0.003016640466201821
0.0030026967725410923
0.0029888580148260736
0.0029751234559731226
0.0029614923777423014
0.002947964079070877
0.0029345378744820086
0.0029212130925683664
0.0029079890745510226
0.002894865172913275
0.002881840750109081
0.002868915177345537
0.0028560878334385285
0.002843358103740674
0.002830725379140442
0.0028181890551309883
0.0028057485309474586
0.002793403208770892
0.002781152492997264
0.0027689957895695237
0.002756932505370879
0.0027449620476770074
0.0027330838236653814
0.0027212972399790194
0.0027096017023428235
0.0026979966152298296
0.002686481381575149
0.0026750554025352317
0.0026637180772898757
0.002652468802884793
0.0026413069741121386
0.002630231983426713
0.0026192432208954845
0.002608340074178081
0.0025975219285359445
0.002586788166868008
0.0025761381697706376
0.0025655713156197907
0.0025550869806732846
0.002544684539191297
0.0025343633635730813
0.0025241228245082166
0.002513962291140488
0.002503881131242909
0.0024938787114022055
0.0024839543972112813
0.002474107553468266
0.002464337544380874
0.0024546437337747214
0.002445025485304524
0.0024354821626671208
0.0024260131298151862
0.0024166177511708484
0.002407295391838319
0.0023980454178146953
0.0023888671961983313
0.0023797600953940007
0.0023707234853144383
0.002361756737577622
0.0023528592256993365
0.0023440303252807073
0.0023352694141902434
0.002326575872740194
0.0023179490838568903
0.002309388433244849
0.0023008933095445736
0.0022924631044837977
0.002284097213022125
0.002275795033489033
0.0022675559677151767
0.0022593794211569216
0.0022512648030142608
0.002243211526342061
0.002235219008154667
0.0022272866695240996
0.0022194139356717427
0.0022116002360537566
0.0022038450044404006
0.002196147678989158
0.0021885077023120997
0.0021809245215374416
0.0021733975883655343
0.0021659263591194532
0.0021585102947902883
0.002151148861077453
0.002143841528424025
0.0021365877720474044
0.00212938707196543
0.0021222389130181527
0.0021151427848854092
0.002108098182100417
0.0021011046040595497
0.0020941615550284388
0.0020872685441446237
0.0020804250854168822
0.002073630697721421
0.0020668849047950546
0.0020601872352256404
0.002053537222439735
0.0020469344046877965
0.0020403783250270047
0.002033868531301817
0.0020274045761224263
0.002020986016841319
0.0020146124155278537
0.0020082833389412505
0.002001998358501921
0.001995757050261292
0.0019895589948702957
0.0019834037775465323
0.0019772909880402994
0.001971220220599511
0.0019651910739336568
0.0019592031511768042
0.001953256059849852
0.001947349411821984
0.0019414828232715005
0.001935655914645997
0.001929868310622105
0.0019241196400647121
0.0019184095359857664
0.0019127376355028158
0.001907103579797154
0.001901507014071849
0.0018959475875094968
0.001890424953229867
0.0018849387682474356
0.0018794886934289292
0.001874074393450731
0.0018686955367564243
0.001863351795514312
0.0018580428455750614
0.0018527683664294292
0.0018475280411661451
0.0018423215564299879
0.0018371486023799851
0.0018320088726478919
0.0018269020642968552
0.0018218278777803862
0.0018167860169015062
0.0018117761887722805
0.0018067981037736248
0.0018018514755153358
0.0017969360207965982
0.0017920514595667187
0.001787197514886224
0.0017823739128883544
0.0017775803827409036
0.0017728166566084087
0.001768082469614746
0.0017633775598061097
0.001758701668114327
0.0017540545383206915
0.0017494359170200254
0.0017448455535853005
0.0017402832001325507
0.0017357486114862493
0.0017312415451450614
0.0017267617612480124
0.0017223090225410758
0.0017178830943441498
0.0017134837445184669
0.0017091107434343464
0.0017047638639394551
0.0017004428813273665
0.0016961475733066002
0.001691877719970022
0.0016876331037646286
0.0016834135094617902
0.001679218724127814
0.0016750485370949488
0.00167090273993275
0.001666781126419834
0.001662683492516036
0.0016586096363349044
0.0016545593581165996
0.0016505324602011698
0.0016465287470021593
0.0016425480249805979
0.0016385901026193797
0.0016346547903979313
0.001630741900767313
0.0016268512481255818
0.0016229826487935645
0.0016191359209909366
0.0016153108848126379
0.001611507362205638
0.0016077251769460133
0.0016039641546163276
0.0016002241225834
0.0015965049099762774
0.0015928063476646245
0.001589128268237351
0.0015854705059815675
0.0015818328968618344
0.0015782152784997088
0.001574617490153565
0.001571039372698707
0.001567480768607771
0.001563941521931399
0.001560421478279183
0.0015569204848008803
0.0015534383901678718
0.0015499750445549477
0.001546530299622245
0.0015431040084975638
0.0015396960257588023
0.0015363062074167481
0.0015329344108980412
0.0015295804950284104
0.001526244320016129
0.0015229257474357145
0.0015196246402118313
0.0015163408626034315
0.0015130742801881692
0.0015098247598468986
0.0015065921697485318
0.0015033763793350155
0.0015001772593065525
0.0014969946816070273
0.0014938285194096043
0.00149067864710255
0.0014875449402752391
0.0014844272757043757
0.0014813255313403525
0.001478239586293861
0.0014751693208226088
0.0014721146163182931
0.001469075355293709
0.0014660514213700176
0.001463042699264248
0.0014600490747768856
0.0014570704347796957
0.0014541066672036727
0.0014511576610271618
0.0014482233062641599
0.0014453034939527131
0.0014423981161435426
0.0014395070658887812
0.0014366302372308358
0.0014337675251914683
0.0014309188257609305
0.001428084035887346
0.0014252630534661007
0.0014224557773295154
0.0014196621072365577
0.0014168819438626753
0.0014141151887898658
0.0014113617444967649
0.0014086215143489225
0.0014058944025891686
0.0014031803143281572
0.0014004791555349595
0.0013977908330278566
0.0013951152544651655
0.0013924523283362531
0.0013898019639526215
0.0013871640714391478
0.001384538561725361
0.001381925346536921
0.001379324338387136
0.0013767354505686122
0.0013741585971450197
0.0013715936929429321
0.0013690406535437883
0.0013664993952759452
0.001363969835206861
0.0013614518911353021
0.0013589454815837185
0.001356450525790692
0.001353966943703457
0.0013514946559705374
0.0013490335839344435
0.0013465836496245108
0.0013441447757497754
0.0013417168856919427
0.0013392999034984832
0.0013368937538757375
0.0013344983621821967
0.001332113654421784
0.0013297395572372467
0.0013273759979036547
0.0013250229043219135
0.001322680205012437
0.0013203478291088024
0.0013180257063515578
0.0013157137670820774
0.0013134119422364633
0.0013111201633395587
0.0013088383624990227
0.001306566472399427
0.0013043044262965094
0.0013020521580114114
0.0012998096019250472
0.0012975766929724708
0.0012953533666373892
0.0012931395589466685
0.0012909352064649421
0.0012887402462892577
0.0012865546160438232
0.0012843782538747772
0.0012822110984450155
0.0012800530889291264
0.0012779041650083102
0.001275764266865432
0.001273633335180072
0.0012715113111236665
0.0012693981363546972
0.0012672937530139132
0.001265198103719626
0.0012631111315630935
0.001261032780103862
0.0012589629933652563
0.0012569017158298656
0.0012548488924350905
0.0012528044685687716
0.0012507683900647958
0.0012487406031988372
0.0012467210546840766
0.00124470969166701
0.0012427064617232789
0.0012407113128535608
0.00123872419347949
0.0012367450524396603
0.0012347738389856219
0.0012328105027779492
0.0012308549938823564
0.0012289072627658419
0.001226967260292868
0.0012250349377216276
0.0012231102467002695
0.001221193139263265
0.0012192835678277215
0.0012173814851898028
0.0012154868445211423
0.0012135995993653383
0.001211719703634421
0.0012098471116054532
0.0012079817779170848
0.0012061236575661627
0.0012042727059044154
0.001202428878635122
0.00120059213180984
0.0011987624218252125
0.0011969397054196903
0.0011951239396704135
0.0011933150819900776
0.0011915130901238072
0.0011897179221460892
0.0011879295364577618
0.0011861478917829704
0.001184372947166241
0.0011826046619694904
0.0011808429958691385
0.001179087908853225
0.0011773393612185738
0.0011755973135679275
0.0011738617268072242
0.001172132562142751
0.0011704097810784837
0.0011686933454133496
0.0011669832172385396
0.0011652793589348777
0.001163581733170203
0.001161890302896755
0.0011602050313486113
0.0011585258820391495
0.0011568528187585463
0.0011551858055712466
0.0011535248068135333
0.0011518697870910894
0.0011502207112765693
0.0011485775445072104
0.001146940252182454
0.0011453087999616597
0.0011436831537617218
0.0011420632797548003
0.001140449144366062
0.0011388407142714364
0.0011372379563953665
0.0011356408379086117
0.0011340493262260891
0.0011324633890046982
0.0011308829941411938
0.0011293081097700484
0.0011277387042614043
0.0011261747462189436
0.0011246162044778914
0.0011230630481029425
0.0011215152463862818
0.0011199727688455702
0.0011184355852219845
0.0011169036654782676
0.0011153769797968014
0.0011138554985776726
0.0011123391924367967
0.00111082803220405
0.001109321988921399
0.0011078210338410653
0.0011063251384236987
0.0011048342743366097
0.0011033484134519282
0.0011018675278449037
0.0011003915897920883
0.00109892057176966
0.001097454446451688
0.001095993186708417
0.0010945367656046145
0.0010930851563978891
0.0010916383325370509
0.0010901962676604588
0.0010887589355944504
0.0010873263103516632
0.0010858983661295406
0.0010844750773086828
0.001083056418451365
0.0010816423642999158
0.001080232889775263
0.0010788279699753948
0.001077427580173853
0.001076031695818279
0.0010746402925289218
0.0010732533460972107
0.0010718708324842841
0.0010704927278195992
0.0010691190083994973
0.0010677496506858203
0.0010663846313045079
0.0010650239270442636
0.0010636675148551294
0.001062315371847236
0.0010609674752893807
0.0010596238026077632
0.0010582843313846515
0.001056949039357101
0.0010556179044156706
0.0010542909046031598
0.0010529680181133223
0.0010516492232896496
0.0010503344986241333
0.001049023822756027
0.0010477171744706448
0.0010464145326981647
0.0010451158765124398
0.0010438211851298076
0.0010425304379079413
0.001041243614344695
0.0010399606940769354
0.0010386816568794383
0.001037406482663746
0.001036135151477061
0.001034867643501152
0.001033603939051233
0.0010323440185749356
0.0010310878626511775
0.0010298354519891356
0.0010285867674271882
0.0010273417899318725
0.001026100500596845
0.0010248628806418612
0.001023628911411787
0.0010223985743755483
0.0010211718511251697
0.0010199487233747886
0.0010187291729596595
0.001017513181835208
0.0010163007320760568
0.001015091805875076
0.001013886385542451
0.0010126844535047472
0.0010114859923039902
0.0010102909845967312
0.0010090994131531697
0.001007911260856215
0.0010067265107006592
0.0010055451457922073
0.0010043671493466901
0.0010031925046891255
0.001002021195252926
0.0010008532045789726
0.000999688516314854
0.000998527114213958
0.0009973689821346987
0.0009962141040396493
0.0009950624639947733
0.0009939140461685905
0.0009927688348313872
0.000991626814354405
0.0009904879692091053
0.0009893522839663372
0.0009882197432956018
0.0009870903319642872
0.0009859640348368825
0.0009848408368742633
0.0009837207231329487
0.0009826036787643046
0.0009814896890138966
0.0009803787392207394
0.0009792708148165389
0.0009781659013250246
0.0009770639843612466
0.000975965049630852
0.0009748690829294011
0.0009737760701416999
0.0009726859972411076
0.0009715988502888422
0.0009705146154333564
0.0009694332789096462
0.0009683548270385908
0.0009672792462263273
0.0009662065229635858
0.0009651366438250463
0.0009640695954687401
0.0009630053646353648
0.0009619439381477243
0.0009608853029100736
0.0009598294459075096
0.0009587763542053781
0.000957726014948669
0.0009566784153614087
0.0009556335427460993
0.0009545913844830936
0.0009535519280300371
0.000952515160921312
0.0009514810707674224
0.0009504496452544695
0.0009494208721435606
0.0009483947392702814
0.0009473712345441184
0.0009463503459479376
0.000945332061537427
0.0009443163694405621
0.000943303257857092
0.0009422927150579758
0.0009412847293848844
0.0009402792892497052
0.0009392763831339569
0.0009382759995883683
0.0009372781272323003
0.0009362827547532753
0.0009352898709065044
0.0009342994645143419
0.0009333115244658396
0.000932326039716249
0.0009313429992865295
0.0009303623922628858
0.0009293842077963148
0.0009284084351020888
0.0009274350634593315
0.0009264640822105449
0.0009254954807611659
0.0009245292485790828
0.0009235653751942187
0.0009226038501980726
0.0009216446632432788
0.0009206878040431781
0.0009197332623713544
0.0009187810280612623
0.0009178310910057508
0.0009168834411566436
0.0009159380685243514
0.000914994963177422
0.0009140541152421616
0.0009131155149021869
0.0009121791523980465
0.0009112450180268275
0.0009103131021417207
0.0009093833951516457
0.0009084558875208913
0.0009075305697686568
0.0009066074324687147
0.0009056864662490261
0.0009047676617913533
0.0009038510098308714
0.0009029365011558143
0.000902024126607096
0.0009011138770779389
0.0009002057435135273
0.0008992997169106171
0.0008983957883172183
0.0008974939488321963
0.0008965941896049405
0.0008956965018350376
0.0008948008767718754
0.0008939073057143361
0.0008930157800104425
0.0008921262910570223
0.0008912388302993862
0.000890353389230956
0.0008894699593929813
0.0008885885323741827
0.0008877090998104363
0.0008868316533844496
0.0008859561848254487
0.0008850826859088569
0.0008842111484559664
0.0008833415643336485
0.0008824739254540535
0.0008816082237742452
0.0008807444512959761
0.0008798826000653401
0.0008790226621724508
0.0008781646297512138
0.0008773084949789661
0.000876454250076213
0.000875601887306348
0.0008747513989753265
0.0008739027774314355
0.0008730560150649514
0.000872211104307912
0.000871368037633811
0.000870526807557303
0.0008696874066339825
0.0008688498274600462
0.0008680140626720853
0.0008671801049467834
0.0008663479470006421
0.0008655175815897491
0.0008646890015094863
0.000863862199594298
0.000863037168717414
0.0008622139017905943
0.0008613923917638769
0.0008605726316253416
0.000859754614400861
0.0008589383331537971
0.0008581237809848505
0.0008573109510317306
0.0008564998364689704
0.0008556904305076563
0.000854882726395198
0.0008540767174151014
0.0008532723968867168
0.0008524697581650225
0.0008516687946403913
0.0008508694997383477
0.0008500718669193528
0.0008492758896785937
0.0008484815615457251
0.0008476888760846525
0.0008468978268933689
0.0008461084076036563
0.0008453206118809208
0.0008445344334239408
0.0008437498659647075
0.0008429669032681498
0.0008421855391319759
0.0008414057673864182
0.0008406275818940717
0.000839850976549657
0.0008390759452798387
0.0008383024820429933
0.0008375305808290328
0.0008367602356592127
0.0008359914405858806
0.0008352241896923872
0.000834458477092751
0.0008336942969315762
0.000832931643383819
0.0008321705106545944
0.0008314108929789961
0.0008306527846219013
0.0008298961798777999
0.0008291410730705821
0.000828387458553387
0.0008276353307083992
0.0008268846839466718
0.0008261355127079596
0.0008253878114605126
0.0008246415747009409
0.0008238967969539944
0.0008231534727724316
0.000822411596736809
0.0008216711634553358
0.0008209321675637007
0.0008201946037248771
0.0008194584666289872
0.0008187237509931346
0.0008179904515612063
0.000817258563103759
0.0008165280804177954
0.0008157989983266641
0.0008150713116798443
0.0008143450153528381
0.0008136201042469805
0.0008128965732892753
0.0008121744174322761
0.0008114536316538883
0.000810734210957244
0.0008100161503705591
0.00080929944494694
0.0008085840897642715
0.0008078700799250614
0.0008071574105562766
0.0008064460768092103
0.0008057360738593246
0.0008050273969061377
0.0008043200411730294
0.0008036140019071367
0.0008029092743792065
0.0008022058538834339
0.0008015037357373499
0.0008008029152816856
0.000800103387880192
0.0007994051489195457
0.0007987081938092034
0.0007980125179812559
0.0007973181168903088
0.0007966249860133476
0.0007959331208495901
0.0007952425169203654
0.0007945531697690088
0.0007938650749606867
0.0007931782280823085
0.0007924926247423666
0.0007918082605708496
0.0007911251312190775
0.0007904432323596048
0.0007897625596860775
0.0007890831089131314
0.0007884048757762471
0.0007877278560316478
0.0007870520454561742
0.0007863774398471696
0.0007857040350223318
0.0007850318268196496
0.0007843608110972404
0.0007836909837332487
0.0007830223406257445
0.0007823548776925884
0.0007816885908713244
0.0007810234761190904
0.0007803595294124645
0.0007796967467473742
0.0007790351241390063
0.0007783746576216706
0.0007777153432487017
0.0007770571770923383
0.000776400155243644
0.0007757442738123757
0.000775089528926876
0.0007744359167339963
0.0007737834333989714
0.0007731320751052975
0.0007724818380546791
0.0007718327184668885
0.0007711847125796718
0.0007705378166486519
0.0007698920269472299
0.000769247339766487
0.0007686037514150789
0.0007679612582191491
0.0007673198565222043
0.0007666795426850598
0.0007660403130857193
0.0007654021641192666
0.0007647650921978001
0.0007641290937503311
0.0007634941652226625
0.0007628603030773464
0.0007622275037935354
0.0007615957638669383
0.0007609650798097108
0.0007603354481503588
0.0007597068654336495
0.0007590793282205501
0.0007584528330880949
0.0007578273766293308
0.0007572029554532211
0.0007565795661845461
0.0007559572054638548
0.0007553358699473223
0.0007547155563067136
0.0007540962612292767
0.000753477981417662
0.0007528607135898468
0.0007522444544790433
0.0007516292008336218
0.0007510149494170258
0.0007504016970076901
0.0007497894403989785
0.0007491781763990669
0.0007485679018308965
0.0007479586135320913
0.0007473503083548529
0.0007467429831659289
0.0007461366348464882
0.0007455312602920777
0.0007449268564125271
0.00074432342013187
0.0007437209483883079
0.0007431194381340839
0.0007425188863354341
0.0007419192899725147
0.0007413206460393161
0.0007407229515436065
0.0007401262035068571
0.000739530398964159
0.0007389355349641429
0.0007383416085689446
0.0007377486168541109
0.0007371565569085118
0.0007365654258343136
0.0007359752207468813
0.0007353859387747121
0.0007347975770593686
0.0007342101327554175
0.0007336236030303553
0.0007330379850645582
0.0007324532760511763
0.0007318694731961134
0.0007312865737179401
0.000730704574847816
0.0007301234738294555
0.000729543267919032
0.0007289639543851417
