0.10551311467000828
0.01995971149982739
0.01567709281503133
0.013653791270951227
0.012308758033436718
0.011417975736614072
0.010887324049456658
0.010520664600567652
0.010234209761375726
0.009998718755321741
0.009797340177226199
0.009619344391271385
0.009457603208007141
0.009307210743539147
0.009164701440020757
0.009027589730572752
0.008894091511942648
0.008762952127702886
0.008633335418964938
0.008504743382798836
0.008376946247073443
0.008249912933964366
0.00812374207102785
0.00799860093656712
0.007874681033887797
0.007752174522694501
0.007631268972289855
0.007512152954045314
0.0073950238709095725
0.007280091542351505
0.007167574578760882
0.007057689841817226
0.006950637443723493
0.0068465846209093805
0.0067456516355134544
0.0066479019717689694
0.006553337899509544
0.006461901326270828
0.006373479001313644
0.006287910678837324
0.00620499877316785
0.006124518240430843
0.006046225765936223
0.005969867708168446
0.005895186572218826
0.005821926022030118
0.005749834587112057
0.005678668288273812
0.005608192418154245
0.005538182686191338
0.005468425892713384
0.005398720250614193
0.005328875444308049
0.005258712526166212
0.005188063824854443
0.005116773199193874
0.005044697219001309
0.004971708151644549
0.004897699865544478
0.00482259771848687
0.0047463728986656545
0.004669060307899994
0.004590777003871165
0.0045117361031177744
0.004432250101373159
0.004352719002301962
0.004273602666705533
0.004195381954760262
0.004118517016404153
0.004043411571417915
0.0039703892414994215
0.0038996837243210256
0.003831440921554836
0.003765729195348318
0.003702553705773799
0.0036418716075128947
0.0035836060463039724
0.003527657938052188
0.0034739152541640814
0.0034222599708716083
0.0033725730400885187
0.003324737789935608
0.003278642134099339
0.003234179907425629
0.003191251577420764
0.003149764520453043
0.0031096330018480353
0.003070777960854627
0.003033126672955277
0.002996612341100811
0.0029611736522470494
0.0029267543245222816
0.0028933026623067896
0.0028607711306313285
0.002829115956007695
0.0027982967576757234
0.002768276210987826
0.0027390197430391533
0.0027104952595309044
0.0026826729011071543
0.0026555248269423963
0.002629025023109112
0.0026031491331669687
0.0025778743084457195
0.0025531790756088604
0.002529043219255835
0.0025054476775269513
0.00248237444889902
0.002459806508587544
0.0024377277331933613
0.002416122832440358
0.002394977287040809
0.0023742772918942056
0.002354009703971213
0.0023341619943581886
0.002314722204039257
0.0022956789030747974
0.0022770211528994055
0.0022587384715102863
0.0022408208013537426
0.002223258479741686
0.002206042211647948
0.0021891630447447453
0.0021726123465463836
0.00215638178353119
0.0021404633021145105
0.0021248491113470616
0.0021095316672143445
0.002094503658413887
0.00207975799349023
0.002065287789209877
0.002051086360062964
0.002037147208782969
0.0020234640177812864
0.0020100306413997453
0.0019968410988904727
0.0019838895680393547
0.001971170379356357
0.0019586780107627767
0.0019464070827122592
0.0019343523536890811
0.001922508716033236
0.0019108711920480367
0.0018994349303511585
0.0018881952024351926
0.0018771473994084618
0.001866287028890885
0.001855609712043487
0.0018451111807134685
0.0018347872746795873
0.0018246339389853597
0.0018146472213495845
0.0018048232696457154
0.0017951583294432555
0.0017856487416057021
0.001776290939940743
0.0017670814488993077
0.001758016881320971
0.0017490939362237758
0.0017403093966370756
0.0017316601274764685
0.0017231430734600257
0.0017147552570654858
0.001706493776528091
0.001698355803878983
0.0016903385830239598
0.0016824394278626802
0.0016746557204482472
0.0016669849091870861
0.0016594245070791532
0.0016519720899983257
0.0016446252950127937
0.0016373818187454022
0.0016302394157734653
0.0016231958970680267
0.0016162491284720066
0.0016093970292168935
0.0016026375704775884
0.0015959687739647735
0.0015893887105544297
0.001582895498953735
0.0015764873044029164
0.001570162337412261
0.0015639188525336694
0.0015577551471661509
0.0015516695603943862
0.0015456604718597378
0.0015397263006629999
0.0015338655042980598
0.001528076577615784
0.0015223580518173652
0.0015167084934764202
0.001511126503589006
0.001505610716650939
0.0015001597997615823
0.001494772451753393
0.001489447402346661
0.0014841834113284462
0.001478979267755344
0.001473833789179188
0.0014687458208950757
0.0014637142352111401
0.0014587379307393292
0.0014538158317066283
0.0014489468872861283
0.0014441300709473056
0.0014393643798249782
0.0014346488341063603
0.0014299824764356548
0.0014253643713357336
0.0014207936046462027
0.0014162692829776463
0.0014117905331812494
0.0014073565018335743
0.0014029663547358425
0.0013986192764274708
0.001394314469713272
0.0013900511552039348
0.0013858285708694981
0.001381645971605226
0.0013775026288097025
0.0013733978299746465
0.0013693308782861452
0.0013653010922369123
0.0013613078052493693
0.001357350365309009
0.001353428134607935
0.0013495404891981635
0.001345686818654392
0.0013418665257460226
0.0013380790261180524
0.0013343237479806916
0.001330600131807346
0.0013269076300407394
0.0013232457068070083
0.0013196138376373708
0.0013160115091973503
0.0013124382190231284
0.001308893475264967
0.0013053767964374052
0.0013018877111760547
0.0012984257580008418
0.0012949904850853696
0.0012915814500324362
0.0012881982196553039
0.0012848403697647201
0.0012815074849613975
0.0012781991584339184
0.001274914991761755
0.0012716545947233874
0.0012684175851093342
0.001265203588539887
0.0012620122382874914
0.0012588431751036052
0.0012556960470499238
0.0012525705093338042
0.001249466224147829
0.0012463828605133206
0.0012433200941277442
0.0012402776072158901
0.001237255088384652
0.001234252232481423
0.0012312687404559103
0.0012283043192252473
0.001225358681542452
0.0012224315458679777
0.0012195226362443656
0.001216631682173873
0.0012137584184990014
0.0012109025852858571
0.0012080639277102338
0.001205242195946406
0.0012024371450584262
0.0011996485348940557
0.0011968761299810612
0.0011941196994259176
0.0011913790168148672
0.0011886538601171865
0.001185944011590665
0.0011832492576892518
0.00118056938897273
0.0011779042000184647
0.001175253489335108
0.0011726170592781962
0.0011699947159676668
0.0011673862692071694
0.0011647915324051491
0.0011622103224976945
0.0011596424598730273
0.0011570877682976646
0.001154546074844195
0.0011520172098205875
0.001149501006701072
0.0011469973020584725
0.0011445059354979901
0.0011420267495924588
0.0011395595898189476
0.001137104304496691
0.0011346607447264214
0.0011322287643309227
0.0011298082197969024
0.0011273989702180354
0.0011250008772392837
0.0011226138050023863
0.0011202376200924531
0.0011178721914857663
0.00111551739049863
0.0011131730907373628
0.0011108391680492873
0.0011085155004748328
0.0011062019682006046
0.0011038984535134723
0.0011016048407556794
0.0010993210162808277
0.0010970468684108863
0.0010947822873941164
0.0010925271653638403
0.001090281396298199
0.0010880448759807177
0.0010858175019617215
0.001083599173520677
0.001081389791629292
0.0010791892589154283
0.001076997479627878
0.001074814359601851
0.0010726398062252962
0.0010704737284059512
0.0010683160365391315
0.0010661666424763132
0.0010640254594943524
0.0010618924022654762
0.0010597673868279662
0.0010576503305575096
0.001055541152139229
0.0010534397715403817
0.001051346109983754
0.0010492600899216012
0.0010471816350103235
0.0010451106700857082
0.0010430471211387744
0.001040990915292286
0.0010389419807777553
0.0010369002469131448
0.0010348656440810134
0.0010328381037073614
0.0010308175582408965
0.0010288039411329756
0.0010267971868179102
0.0010247972306940115
0.001022804009104952
0.0010208174593217502
0.0010188375195252135
0.0010168641287888675
0.001014897227062386
0.0010129367551554482
0.0010109826547220946
0.001009034868245535
0.0010070933390233616
0.0010051580111532302
0.0010032288295189415
0.0010013057397769863
0.0009993886883434128
0.0009974776223811703
0.000995572489787808
0.0009936732391835402
0.0009917798198997329
0.0009898921819676853
0.0009880102761078283
0.000986134053719193
0.0009842634668693413
0.0009823984682844527
0.0009805390113398873
0.000978685050050956
0.0009768365390640562
0.0009749934336480367
0.0009731556896859364
0.0009713232636668898
0.0009694961126783796
0.0009676741943987475
0.000965857467089881
0.0009640458895902411
0.000962239421308056
0.0009604380222147589
0.000958641652838654
0.0009568502742587648
0.0009550638480989346
0.0009532823365220522
0.0009515057022245224
0.0009497339084308895
0.0009479669188886155
0.0009462046978630489
0.0009444472101325566
0.0009426944209837324
0.0009409462962068529
0.0009392028020913731
0.0009374639054216128
0.0009357295734724968
0.0009339997740054905
0.0009322744752645676
0.0009305536459723127
0.0009288372553261042
0.0009271252729944058
0.0009254176691130994
0.0009237144142819175
0.0009220154795609496
0.0009203208364672163
0.0009186304569712351
0.0009169443134937387
0.0009152623789023792
0.0009135846265084618
0.0009119110300637746
0.0009102415637573953
0.0009085762022125368
0.0009069149204834499
0.0009052576940523002
0.0009036044988260804
0.0009019553111335497
0.0009003101077221476
0.0008986688657549616
0.0008970315628076111
0.0008953981768652388
0.0008937686863194253
0.0008921430699650915
0.0008905213069974389
0.0008889033770088633
0.0008872892599858048
0.0008856789363056513
0.0008840723867335935
0.0008824695924194674
0.0008808705348945348
0.0008792751960683265
0.0008776835582253891
0.0008760956040220101
0.0008745113164830071
0.000872930678998342
0.0008713536753198754
0.0008697802895579569
0.0008682105061780575
0.000866644309997394
0.0008650816861814469
0.0008635226202405697
0.0008619670980264397
0.0008604151057286194
0.0008588666298709588
0.0008573216573080984
0.0008557801752218877
0.0008542421711177243
0.0008527076328210661
0.0008511765484736723
0.0008496489065300118
0.0008481246957535961
0.0008466039052132893
0.0008450865242796059
0.0008435725426210029
0.0008420619502001743
0.0008405547372703367
0.0008390508943714665
0.0008375504123265586
0.0008360532822379382
0.000834559495483476
0.0008330690437128605
0.000831581918843844
0.0008300981130585431
0.0008286176187996756
0.0008271404287668681
0.0008256665359129094
0.0008241959334401174
0.0008227286147965886
0.0008212645736725465
0.0008198038039967187
0.0008183462999326722
0.0008168920558752113
0.0008154410664467903
0.0008139933264939407
0.0008125488310837385
0.0008111075755002732
0.0008096695552411955
0.0008082347660142072
0.0008068032037337036
0.000805374864517319
0.0008039497446826002
0.000802527840743688
0.0008011091494080001
0.0007996936675730144
0.0007982813923230175
0.0007968723209259555
0.0007954664508302913
0.0007940637796618986
0.0007926643052210266
0.0007912680254792571
0.0007898749385765373
0.0007884850428182628
0.0007870983366723713
0.0007857148187664975
0.0007843344878851792
0.0007829573429670571
0.000781583383102178
0.0007802126075293305
0.0007788450156333468
0.0007774806069425866
0.0007761193811262818
0.0007747613379921183
0.0007734064774836641
0.0007720547996780177
0.0007707063047833248
0.000769360993136506
0.000768018865200832
0.0007666799215637064
0.0007653441629344
0.0007640115901417922
0.000762682204132227
0.0007613560059673305
0.0007600329968218993
0.0007587131779818036
0.0007573965508419219
0.0007560831169040917
0.0007547728777751077
0.0007534658351647369
0.0007521619908837318
0.000750861346841922
0.0007495639050462569
0.0007482696675989351
0.0007469786366954976
0.0007456908146229669
0.0007444062037579914
0.0007431248065650293
0.0007418466255944764
0.0007405716634808962
0.0007392999229412033
0.0007380314067728419
0.0007367661178520273
0.0007355040591319312
0.0007342452336409434
0.0007329896444808534
0.0007317372948250973
0.00073048818791697
0.0007292423270678762
0.0007279997156555086
0.0007267603571221272
0.0007255242549727105
0.0007242914127732164
0.000723061834148768
0.0007218355227818274
0.0007206124824104319
0.0007193927168263502
0.0007181762298732363
0.0007169630254448096
0.0007157531074830004
0.0007145464799760697
0.0007133431469567613
0.0007121431125003771
0.0007109463807228821
0.0007097529557790024
0.0007085628418602629
0.0007073760431930524
0.0007061925640366733
0.0007050124086812812
0.0007038355814460024
0.0007026620866768345
0.0007014919287446183
0.0007003251120430092
0.0006991616409864225
0.0006980015200079018
0.0006968447535570594
0.0006956913460979333
0.0006945413021068625
0.0006933946260703248
0.0006922513224827809
0.000691111395844461
0.0006899748506592121
0.0006888416914322262
0.0006877119226678378
0.0006865855488672888
0.0006854625745264196
0.0006843430041334522
0.0006832268421666656
0.0006821140930921045
0.0006810047613612744
0.0006798988514087951
0.0006787963676501064
0.0006776973144790724
0.0006766016962656792
0.0006755095173536418
0.000674420782058054
0.0006733354946630207
0.0006722536594192169
0.0006711752805416015
0.0006701003622069398
0.0006690289085514828
0.0006679609236684985
0.0006668964116059666
0.000665835376364101
0.0006647778218930155
0.0006637237520902995
0.0006626731707986437
0.0006616260818034548
0.0006605824888304986
0.0006595423955434685
0.0006585058055417007
0.0006574727223577632
0.0006564431494551113
0.0006554170902257987
0.0006543945479880895
0.0006533755259841905
0.0006523600273779706
0.0006513480552525938
0.0006503396126083597
0.0006493347023603906
0.000648333327336407
0.0006473354902745323
0.0006463411938210963
0.0006453504405284495
0.0006443632328528226
0.0006433795731522386
0.0006423994636843467
0.00064142290660438
0.0006404499039631188
0.000639480457704848
0.000638514569665366
0.0006375522415700191
0.0006365934750317779
0.0006356382715493075
0.0006346866325051014
0.0006337385591636723
0.0006327940526696862
0.0006318531140462317
0.0006309157441930624
0.000629981943884883
0.0006290517137696987
0.0006281250543671825
0.0006272019660670551
0.0006262824491275506
0.0006253665036738862
0.0006244541296967855
0.0006235453270510387
0.0006226400954540969
0.0006217384344847375
0.0006208403435816895
0.0006199458220424197
0.0006190548690218516
0.0006181674835312023
0.0006172836644368142
0.0006164034104590388
0.0006155267201712137
0.0006146535919985792
0.0006137840242173724
0.0006129180149538325
0.0006120555621833387
0.0006111966637295844
0.000610341317263722
0.000609489520303661
0.0006086412702133345
0.0006077965642020272
0.0006069553993237618
0.0006061177724767285
0.0006052836804027292
0.0006044531196867053
0.0006036260867562942
0.0006028025778814123
0.0006019825891739243
0.0006011661165873216
0.0006003531559164306
0.0005995437027972221
0.0005987377527066201
0.0005979353009623336
0.000597136342722817
0.00059634087298716
0.0005955488865951132
0.0005947603782270987
0.0005939753424043112
0.0005931937734887704
0.0005924156656835326
0.0005916410130328887
0.0005908698094225297
0.0005901020485798795
0.0005893377240744022
0.0005885768293179164
0.0005878193575650095
0.0005870653019134634
0.0005863146553046793
0.0005855674105242369
0.000584823560202374
0.0005840830968145606
0.0005833460126821133
0.0005826122999728531
0.0005818819507017064
0.0005811549567314784
0.0005804313097735227
0.0005797110013885616
0.0005789940229874351
0.0005782803658319394
0.0005775700210357018
0.0005768629795650188
0.0005761592322397804
0.0005754587697344396
0.0005747615825789186
0.0005740676611596396
0.0005733769957205197
0.0005726895763639752
0.0005720053930520647
0.0005713244356075008
0.0005706466937147484
0.0005699721569212129
0.0005693008146383257
0.0005686326561427519
0.0005679676705775258
0.0005673058469533225
0.0005666471741496139
0.0005659916409159404
0.0005653392358731737
0.0005646899475147419
0.0005640437642079536
0.0005634006741953077
0.000562760665595737
0.0005621237264060065
0.0005614898445020086
0.0005608590076401139
0.0005602312034585503
0.0005596064194787283
0.0005589846431066632
0.0005583658616343272
0.0005577500622410608
0.0005571372319949574
0.0005565273578542781
0.0005559204266688652
0.0005553164251815455
0.0005547153400295713
0.0005541171577460424
0.0005535218647612931
0.0005529294474044014
0.000552339891904558
0.0005517531843925202
0.0005511693109020401
0.0005505882573713398
0.0005500100096444862
0.0005494345534728785
0.0005488618745166433
0.0005482919583460867
0.0005477247904431238
0.0005471603562027141
0.0005465986409342437
0.0005460396298630063
0.000545483308131565
0.000544929660801173
0.0005443786728532126
0.0005438303291905674
0.0005432846146389967
0.0005427415139485687
0.0005422010117950047
0.0005416630927810593
0.0005411277414378832
0.0005405949422264075
0.0005400646795386359
0.0005395369376990241
0.0005390117009658228
0.000538488953532344
0.0005379686795283101
0.0005374508630211607
0.0005369354880173165
0.0005364225384634568
0.0005359119982478148
0.0005354038512014144
0.0005348980810993039
0.0005343946716618132
0.0005338936065557434
0.0005333948693956276
0.0005328984437448534
0.0005324043131168948
0.0005319124609764877
0.0005314228707407216
0.0005309355257802766
0.0005304504094204667
0.0005299675049424197
0.000529486795584115
0.0005290082645415266
0.0005285318949696774
0.0005280576699836661
0.0005275855726597668
0.000527115586036406
0.0005266476931152074
0.0005261818768619996
0.0005257181202077611
0.0005252564060496042
0.0005247967172517744
0.0005243390366465178
0.0005238833470350502
0.000523429631188457
0.0005229778718485778
0.0005225280517289041
0.000522080153515404
0.0005216341598674036
0.0005211900534184095
0.0005207478167769133
0.0005203074325272014
0.0005198688832301375
0.0005194321514239405
0.0005189972196249136
0.000518564070328209
0.0005181326860085205
0.0005177030491208322
0.0005172751421010667
0.0005168489473667871
0.0005164244473178608
0.000516001624337071
0.0005155804607907914
0.000515160939029572
0.0005147430413887369
0.0005143267501889928
0.000513912047736951
0.0005134989163257607
0.0005130873382355588
0.0005126772957340552
0.0005122687710770094
0.0005118617465087446
0.0005114562042626139
0.0005110521265614918
0.00051064949561816
0.0005102482936358383
0.0005098485028085283
0.0005094501053214442
0.0005090530833514381
0.0005086574190673315
0.0005082630946302986
0.0005078700921942183
0.0005074783939060438
0.0005070879819060638
0.0005066988383282508
0.0005063109453005907
0.0005059242849452869
0.0005055388393790936
0.0005051545907135479
0.0005047715210552289
0.000504389612505977
0.0005040088471631025
0.0005036292071196394
0.0005032506744644792
0.0005028732312825923
0.0005024968596551758
0.0005021215416598216
0.0005017472593706687
0.0005013739948585078
0.0005010017301909261
0.0005006304474324365
0.0005002601286445175
0.0004998907558857378
0.0004995223112118488
0.0004991547766757946
0.0004987881343278204
0.0004984223662154808
0.0004980574543836778
0.0004976933808746883
0.0004973301277281588
0.0004969676769811292
0.0004966060106680069
0.0004962451108205197
0.0004958849594677604
0.0004955255386360405
0.0004951668303489301
0.0004948088166271468
0.0004944514794884974
0.0004940948009477958
0.0004937387630167966
0.000493383347704062
0.000493028537014863
0.0004926743129510683
0.0004923206575110227
0.0004919675526894099
0.0004916149804770956
0.0004912629228609894
0.0004909113618238819
0.0004905602793442646
0.0004902096573961815
0.0004898594779490076
0.0004895097229672774
0.0004891603744104788
0.000488811414232827
0.0004884628243830959
0.00048811458680433505
0.0004877666834336826
0.00048741909620210916
0.0004870718070341422
0.0004867247978476695
0.0004863780505536468
0.0004860315470558285
0.00048568526925048695
0.0004853391990261575
0.0004849933182633354
0.0004846476088341815
0.0004843020526022264
0.00048395663142204373
0.0004836113271389712
0.00048326612158876585
0.00048292099659729283
0.0004825759339801729
0.00048223091554248416
0.00048188592307838525
0.00048154093837078095
0.0004811959431909659
0.0004808509192982905
0.00048050584843973334
0.00048016071234961504
0.00047981549274915764
0.00047947017134613727
0.00047912472983451383
0.0004787791498939922
0.00047843341318969774
0.0004780875013717096
0.0004777413960747252
0.00047739507891759916
0.00047704853150297167
0.0004767017354168238
0.0004763546722281032
0.00047600732348826127
0.0004756596707308399
0.0004753116954710569
0.0004749633792053696
0.0004746147034110281
0.0004742656495456245
0.00047391619904671456
0.00047356633333130676
0.0004732160337954538
0.00047286528181377614
0.0004725140587390289
0.00047216234590166217
0.0004718101246093455
0.000471457376146499
0.0004711040817738584
0.00047075022272801553
0.0004703957802209326
0.0004700407354394905
0.0004696850695450438
0.00046932876367290744
0.00046897179893195314
0.00046861415640410154
0.00046825581714385036
0.0004678967621778162
0.00046753697250430035
0.00046717642909276395
0.0004668151128834176
0.00046645300478669554
0.00046609008568285437
0.00046572633642145387
0.0004653617378209408
0.0004649962706681574
0.00046462991571789576
0.0004642626536924249
0.000463894465281078
0.00046352533113975055
0.00046315523189048737
0.00046278414812102206
0.0004624120603843384
0.0004620389491982389
0.00046166479504490993
0.00046128957837049715
0.00046091327958465943
0.00046053587906019734
0.000460157357132601
0.0004597776940996568
0.0004593968702210598
0.0004590148657179932
0.0004586316607728078
0.0004582472355285614
0.0004578615700887118
0.00045747464451673434
0.00045708643883579224
0.0004566969330283613
0.0004563061070359456
0.0004559139407587275
0.0004555204140552821
0.00045512550674224833
0.00045472919859411225
0.00045433146934287797
0.0004539322986778437
0.0004535316662453562
0.00045312955164860964
0.0004527259344474047
0.0004523207941579792
0.00045191411025282253
0.00045150586216056434
0.00045109602926578305
0.000450684590908953
0.00045027152638627373
0.00044985681494969816
0.00044944043580682466
0.00044902236812087925
0.00044860259101073713
0.00044818108355094646
0.00044775782477177634
0.00044733279365932564
0.00044690596915562147
0.0004464773301587471
0.00044604685552305796
0.0004456145240593878
0.0004451803145352676
0.00044474420567522735
0.00044430617616112556
0.0004438662046324926
0.00044342426968694215
0.00044298034988059714
0.00044253442372860577
