0.06699519737011708
0.01764102407238596
0.014636771991863244
0.01333046034103206
0.012543081746289512
0.0119875496617992
0.01152834019133638
0.011065657083703998
0.010466161916686477
0.00968254535064335
0.009283265152089925
0.009165502986171291
0.009017738332306256
0.00887765910989221
0.00874680788474041
0.00862384941580816
0.008507399412032705
0.008396288281387164
0.008289606787790322
0.008186688817116742
0.008087069894586628
0.007990439559777204
0.007896596026577465
0.007805407157972593
0.007716779616121466
0.007630636634943434
0.007546903805914186
0.007465501565292481
0.007386342747128033
0.007309333564424638
0.0072343765861023245
0.007161374572340089
0.007090234331539233
0.007020870026436276
0.0069532055745600025
0.006887175965376649
0.006822727462767005
0.006759816782882269
0.006698409434120276
0.006638477473929837
0.006579996971458738
0.006522945463225431
0.006467299653206142
0.006413033546346345
0.00636011712687565
0.006308515612915459
0.0062581892486500475
0.006209093543395143
0.006161179837291195
0.006114396065547301
0.0060686876030982655
0.00602399809320675
0.005980270190648821
0.005937446177335129
0.005895468431851355
0.005854279752518184
0.005813823545715315
0.005774043897950188
0.005734885552583926
0.005696293811518432
0.005658214379672418
0.005620593166675707
0.005583376056575311
0.005546508652911549
0.0055099360035301735
0.00547360230704481
0.005437450600961196
0.005401422430077379
0.005365457492820741
0.005329493262618711
0.005293464581188389
0.005257303220771919
0.005220937412886298
0.005184291342205045
0.005147284605931337
0.005109831641738574
0.0050718411314331175
0.005033215393427655
0.004993849785438654
0.004953632149943154
0.00491244234872591
0.004870151947840217
0.004826624126174571
0.004781713879927312
0.0047352685632240194
0.004687128710959982
0.004637128889500059
0.00458509796623348
0.004530857663325367
0.00447421765946831
0.0044149651778015815
0.004352847750244739
0.004287551063347735
0.004218681176200343
0.004145772543622529
0.004068355884732348
0.00398611862738149
0.0038991529504881985
0.003808206618302753
0.003714781210070555
0.0036209566548765478
0.003528982077679284
0.003440826792614
0.0033578847914374206
0.0032808986625539856
0.003210050191277267
0.003145124965544405
0.0030856772414796087
0.003031157964281885
0.00298099837511546
0.0029346569778549276
0.002891641666280219
0.0028515171213865766
0.002813904381449802
0.002778476718174972
0.0027449540865289875
0.002713097309826271
0.002682702552856154
0.00265359631568747
0.0026256310180011134
0.002598681164258122
0.0025726400439536477
0.0025474169076856383
0.0025229345577190932
0.002499127295246855
0.0024759391724596402
0.002453322504147386
0.00243123659998774
0.0024096466845253827
0.00238852297695481
0.0023678399071769152
0.0023475754482618115
0.002327710548503316
0.0023082286487881186
0.002289115273111878
0.002270357681833873
0.0022519445787368103
0.002233865864202516
0.002216112427870722
0.0021986759750514777
0.0021815488819380423
0.002164724075338515
0.0021481949332265433
0.0021319552029183905
0.0021159989341249705
0.0021003204245130746
0.002084914175745496
0.0020697748582631085
0.002054897283326359
0.0020402763810550553
0.002025907183397219
0.0020117848111232944
0.001997904464085144
0.0019842614141017396
0.0019708509999390414
0.001957668623941008
0.0019447097499453144
0.0019319699021823308
0.0019194446649105088
0.0019071296825877036
0.00189502066041657
0.0018831133651346721
0.001871403625946828
0.0018598873355195333
0.001848560450975876
0.001837418994844155
0.0018264590559261516
0.001815676790060573
0.0018050684207655237
0.0017946302397500646
0.001784358607290043
0.0017742499524673683
0.0017643007732747237
0.0017545076365901384
0.0017448671780275404
0.001735376101670219
0.0017260311796953895
0.0017168292518980497
0.001707767225122767
0.0016988420726120048
0.0016900508332792618
0.0016813906109154006
0.0016728585733358126
0.0016644519514759791
0.0016561680384424003
0.001648004188525442
0.0016399578161802515
0.0016320263949813794
0.0016242074565562309
0.001616498589502318
0.001608897438292355
0.0016014017021715018
0.0015940091340499864
0.0015867175393945488
0.0015795247751215205
0.001572428748494083
0.0015654274160260661
0.0015585187823941784
0.0015517008993605893
0.0015449718647074222
0.0015383298211842662
0.0015317729554702364
0.0015252994971513103
0.0015189077177138327
0.0015125959295549793
0.0015063624850106471
0.0015002057754013264
0.0014941242300962043
0.0014881163155958754
0.0014821805346337993
0.0014763154252966065
0.0014705195601633207
0.0014647915454634901
0.0014591300202541906
0.0014535336556157196
0.0014480011538659486
0.001442531247793094
0.0014371226999066863
0.001431774301706574
0.0014264848729696575
0.0014212532610540667
0.001416078340220593
0.001410959010970953
0.0014058941994026571
0.0014008828565801638
0.0013959239579219031
0.0013910165026030307
0.0013861595129733273
0.0013813520339901282
0.0013765931326658511
0.001371881897529736
0.001367217438103616
0.0013625988843912207
0.0013580253863807517
0.0013534961135604397
0.0013490102544467064
0.001344567016124585
0.0013401656238001636
0.0013358053203646892
0.001331485365969987
0.0013272050376149968
0.0013229636287429877
0.0013187604488493201
0.001314594823099322
0.0013104660919560295
0.0013063736108176543
0.0013023167496642632
0.0012982948927136222
0.0012943074380858113
0.00129035379747644
0.0012864333958381026
0.0012825456710700046
0.001278690073715327
0.0012748660666662252
0.0012710731248762141
0.0012673107350796601
0.0012635783955182557
0.0012598756156741526
0.0012562019160096583
0.0012525568277132256
0.0012489398924515806
0.0012453506621277273
0.001241788698644765
0.0012382535736752034
0.0012347448684357262
0.0012312621734671214
0.001227805088419283
0.0012243732218411383
0.0012209661909752462
0.0012175836215570566
0.0012142251476185409
0.0012108904112961942
0.0012075790626431557
0.0012042907594453976
0.0012010251670417783
0.0011977819581479431
0.0011945608126838374
0.0011913614176048517
0.0011881834667363286
0.0011850266606114742
0.0011818907063125465
0.001178775317315107
0.0011756802133354514
0.0011726051201809235
0.0011695497696031926
0.0011665138991543236
0.001163497252045619
0.0011604995770091227
0.0011575206281617346
0.001154560164871947
0.0011516179516289863
0.0011486937579144713
0.001145787358076456
0.0011428985312058042
0.0011400270610149033
0.0011371727357186259
0.0011343353479175652
0.0011315146944834062
0.0011287105764465624
0.00112592279888586
