0.04954378093634017
0.013437295040039507
0.008701343093032698
0.00660466929879608
0.005394180833098455
0.004596822242107316
0.004027784210824776
0.003599104706397827
0.003263287813546803
0.002992315571455179
0.00276853626508022
0.002580247539658098
0.002419368820464944
0.002280131438661168
0.002158301226692308
0.002050696386674113
0.001954877203614025
0.001868939938220201
0.001791376127038376
0.001720974212600496
0.001656749306331623
0.001597892092813295
0.001543731032743922
0.001493703979980402
0.001447336576195236
0.001404225600239968
0.001364025990382453
0.001326440624094383
0.001291212192513041
0.00125811668327179
0.001226958110647344
0.001197564221987959
0.001169782974864457
0.001143479627550974
0.001118534321244442
0.001094840059304931
0.001072301009155054
0.00105083106802852
0.001030352645735646
0.001010795626908672
9.92096482454601E-4
9.74197505660124E-4
9.57046152920374E-4
9.40594472670595E-4
9.24798608990237E-4
9.09618368678164E-4
8.95016842484055E-4
8.80960072716569E-4
8.67416760704641E-4
8.54358008619911E-4
8.41757091019525E-4
8.29589252173751E-4
8.17831525829387E-4
8.06462574549909E-4
7.9546254618353E-4
7.84812945355579E-4
7.74496518172804E-4
7.64497148573837E-4
7.54799764969134E-4
7.45390255992217E-4
7.36255394336204E-4
7.27382767780054E-4
7.18760716620983E-4
7.10378276825948E-4
7.02225128298351E-4
6.942915477282E-4
6.86568365556416E-4
6.79046926638304E-4
6.71719054238572E-4
6.64577017031568E-4
6.57613498816622E-4
6.50821570690016E-4
6.4419466544297E-4
6.37726553979561E-4
6.31411323570119E-4
6.25243357774592E-4
6.19217317887465E-4
6.13328125770607E-4
6.07570947953775E-4
6.01941180894357E-4
5.96434437298341E-4
5.91046533414004E-4
5.85773477218118E-4
5.80611457421968E-4
5.75556833231246E-4
5.70606124799829E-4
5.65756004322929E-4
5.6100328771992E-4
5.56344926861554E-4
5.51778002300213E-4
5.47299716465413E-4
5.42907387290006E-4
5.38598442235423E-4
5.34370412686955E-4
5.30220928692462E-4
5.26147714020076E-4
5.22148581512428E-4
5.18221428716742E-4
5.14364233771754E-4
5.10575051533938E-4
5.06852009926823E-4
5.03193306498535E-4
4.99597205173698E-4
4.96062033186978E-4
4.92586178186425E-4
4.89168085495743E-4
4.85806255525283E-4
4.82499241322416E-4
4.79245646252519E-4
4.76044121802526E-4
4.72893365499441E-4
4.69792118936891E-4
4.66739165903121E-4
4.63733330604431E-4
4.6077347597835E-4
4.57858502091283E-4
4.54987344615719E-4
4.52158973382384E-4
4.49372391003072E-4
4.46626631560117E-4
4.43920759358756E-4
4.41253867738878E-4
4.38625077942856E-4
4.36033538036397E-4
4.33478421879496E-4
4.30958928144822E-4
4.28474279380928E-4
4.26023721117981E-4
4.23606521013697E-4
4.2122196803741E-4
4.18869371690286E-4
4.16548061259804E-4
4.14257385106779E-4
4.11996709983231E-4
4.09765420379576E-4
4.07562917899681E-4
4.05388620662333E-4
4.0324196272792E-4
4.01122393548984E-4
3.99029377443567E-4
3.96962393090212E-4
3.94920933043573E-4
3.9290450326967E-4
3.90912622699877E-4
3.88944822802718E-4
3.87000647172666E-4
3.85079651135188E-4
3.83181401367232E-4
3.81305475532479E-4
3.79451461930698E-4
3.77618959160563E-4
3.7580757579531E-4
3.74016930070701E-4
3.72246649584712E-4
3.70496371008453E-4
3.68765739807822E-4
3.67054409975452E-4
3.65362043772453E-4
3.63688311479591E-4
3.62032891157468E-4
3.60395468415326E-4
3.58775736188121E-4
3.57173394521516E-4
3.55588150364486E-4
3.5401971736917E-4
3.52467815697734E-4
3.50932171835916E-4
3.49412518413008E-4
3.47908594027998E-4
3.46420143081634E-4
3.44946915614188E-4
3.43488667148662E-4
3.42045158539252E-4
3.4061615582486E-4
3.39201430087423E-4
3.3780075731495E-4
3.36413918269001E-4
3.35040698356472E-4
3.33680887505559E-4
3.32334280045688E-4
3.31000674591277E-4
3.29679873929216E-4
3.28371684909884E-4
3.27075918341618E-4
3.25792388888455E-4
3.24520914971079E-4
3.23261318670821E-4
3.22013425636612E-4
3.20777064994794E-4
3.1955206926167E-4
3.18338274258702E-4
3.17135519030275E-4
3.15943645763908E-4
3.14762499712858E-4
3.13591929121017E-4
3.12431785150028E-4
3.11281921808536E-4
3.10142195883503E-4
3.09012466873526E-4
3.07892596924081E-4
3.06782450764636E-4
3.0568189564755E-4
3.04590801288723E-4
3.03509039809936E-4
3.02436485682794E-4
3.01373015674272E-4
3.00318508793753E-4
2.9927284624156E-4
2.98235911358903E-4
2.97207589579205E-4
2.96187768380764E-4
2.95176337240697E-4
2.94173187590146E-4
2.9317821277069E-4
2.92191307991928E-4
2.91212370290189E-4
2.9024129848836E-4
2.89277993156761E-4
2.8832235657507E-4
2.87374292695233E-4
2.86433707105347E-4
2.85500506994492E-4
2.84574601118466E-4
2.83655899766413E-4
2.82744314728291E-4
2.81839759263189E-4
2.80942148068444E-4
2.80051397249545E-4
2.79167424290784E-4
2.78290148026661E-4
2.77419488613996E-4
2.7655536750472E-4
2.75697707419383E-4
2.74846432321268E-4
2.7400146739117E-4
2.73162739002789E-4
2.72330174698715E-4
2.71503703166999E-4
2.70683254218297E-4
2.69868758763554E-4
2.69060148792226E-4
2.6825735735103E-4
2.67460318523185E-4
2.66668967408157E-4
2.65883240101873E-4
2.65103073677406E-4
2.64328406166106E-4
2.63559176539175E-4
2.62795324689666E-4
2.62036791414897E-4
2.61283518399278E-4
2.60535448197521E-4
2.59792524218237E-4
2.59054690707912E-4
2.58321892735231E-4
2.57594076175776E-4
2.56871187697044E-4
2.56153174743829E-4
2.55439985523898E-4
2.54731568994016E-4
2.54027874846251E-4
2.53328853494609E-4
2.52634456061933E-4
2.51944634367118E-4
2.51259340912586E-4
2.50578528872033E-4
2.49902152078449E-4
2.49230165012394E-4
2.48562522790519E-4
2.47899181154344E-4
2.4724009645926E-4
2.46585225663781E-4
2.45934526319008E-4
2.45287956558331E-4
2.44645475087328E-4
2.4400704117389E-4
2.43372614638549E-4
2.42742155845001E-4
2.42115625690832E-4
2.41492985598434E-4
2.40874197506096E-4
2.40259223859301E-4
2.39648027602179E-4
2.39040572169135E-4
2.38436821476666E-4
2.37836739915321E-4
2.37240292341834E-4
2.36647444071411E-4
2.36058160870174E-4
2.35472408947751E-4
2.34890154950017E-4
2.34311365951981E-4
2.33736009450798E-4
2.33164053358939E-4
2.32595465997481E-4
2.32030216089531E-4
2.31468272753781E-4
2.30909605498179E-4
2.30354184213736E-4
2.29801979168438E-4
