0.003206692745496299
0.002890075547099401
0.002634702826848107
0.002424195443302859
0.002247547772287382
0.002097091246995036
0.001967318228693757
0.001854170372391009
0.001754590806938804
0.001666232716413693
0.001587264118227675
0.001516233727714814
0.001451976714005107
0.001393547157993394
0.001340168781541741
0.00129119842790314
0.001246098600542384
0.001204416541399632
0.001165768099780102
0.001129825158043661
0.001096305730690792
0.001064966095721973
0.001035594487137527
0.001008005998343455
9.82038433298812E-4
9.57548905684138E-4
9.34411033103556E-4
9.12512608108143E-4
8.91753653951964E-4
8.72044792792062E-4
8.53305869176894E-4
8.35464783325533E-4
8.18456497747362E-4
8.02222187823154E-4
7.8670851253156E-4
7.71866985909812E-4
7.57653433345328E-4
7.44027519605101E-4
7.30952337772609E-4
7.18394050093966E-4
7.06321573225109E-4
6.94706301589824E-4
6.83521863558118E-4
6.72743905978913E-4
6.62349903283392E-4
6.52318987942597E-4
6.42631799535992E-4
6.3327035008395E-4
6.24217903630026E-4
6.15458868339476E-4
6.06978699617805E-4
5.98763812954554E-4
5.90801505368817E-4
5.8307988447919E-4
5.75587804345988E-4
5.68314807340927E-4
5.61251071391804E-4
5.54387362029389E-4
5.47714988732548E-4
5.41225765127393E-4
5.34911972647927E-4
5.28766327310932E-4
5.22781949297084E-4
5.16952335064725E-4
5.11271331752829E-4
5.05733113656194E-4
5.00332160579059E-4
4.95063237893887E-4
4.89921378150108E-4
4.84901864093589E-4
4.80000212971739E-4
4.75212162011725E-4
4.70533654970386E-4
4.65960829664383E-4
4.61490006397949E-4
4.57117677213478E-4
4.52840495897252E-4
4.48655268678923E-4
4.44558945568984E-4
4.40548612283585E-4
4.36621482710569E-4
4.32774891874721E-4
4.29006289363943E-4
4.25313233181313E-4
4.21693383991135E-4
4.18144499729656E-4
4.1466443055372E-4
4.11251114102783E-4
4.07902571051727E-4
4.04616900933819E-4
4.01392278214777E-4
3.98226948600433E-4
3.95119225561867E-4
3.92067487063179E-4
3.89070172478169E-4
3.8612577968329E-4
3.83232862315159E-4
3.80390027181846E-4
3.7759593181791E-4
3.74849282173932E-4
3.72148830431955E-4
3.69493372938858E-4
3.66881748250281E-4
3.64312835278232E-4
3.61785551535997E-4
3.59298851474413E-4
3.56851724903981E-4
3.54443195497684E-4
3.52072319369694E-4
3.49738183725523E-4
3.47439905579434E-4
3.4517663053522E-4
3.42947531626708E-4
3.40751808214593E-4
3.3858868493643E-4
3.36457410706787E-4
3.34357257764787E-4
3.32287520766434E-4
3.30247515919252E-4
3.28236580156975E-4
3.26254070352099E-4
3.24299362564312E-4
3.22371851322867E-4
3.20470948941132E-4
3.18596084861646E-4
3.16746705030095E-4
3.14922271296709E-4
3.13122260843701E-4
3.1134616563743E-4
3.09593491904027E-4
3.07863759627345E-4
3.06156502068094E-4
3.04471265303144E-4
3.02807607784001E-4
3.01165099913536E-4
2.99543323640083E-4
2.97941872068069E-4
2.96360349084405E-4
2.947983689999E-4
2.93255556204967E-4
2.91731544838988E-4
2.90225978472702E-4
2.88738509802986E-4
2.87268800359525E-4
2.85816520222773E-4
2.84381347752743E-4
2.82962969328106E-4
2.81561079095181E-4
2.80175378726337E-4
2.7880557718743E-4
2.77451390513875E-4
2.76112541594947E-4
2.74788759966019E-4
2.73479781608341E-4
2.72185348756066E-4
2.70905209710224E-4
2.69639118659332E-4
2.6838683550638E-4
2.67148125701926E-4
2.65922760083042E-4
2.64710514717882E-4
2.63511170755636E-4
2.62324514281646E-4
2.61150336177508E-4
2.59988431985912E-4
2.58838601780075E-4
2.57700650037564E-4
2.5657438551834E-4
2.55459621146862E-4
2.54356173898095E-4
2.53263864687254E-4
2.52182518263177E-4
2.51111963105144E-4
2.50052031323051E-4
2.49002558560784E-4
2.47963383902693E-4
2.46934349783026E-4
2.45915301898245E-4
2.449060891221E-4
2.43906563423347E-4
2.42916579786043E-4
2.419359961323E-4
2.40964673247419E-4
2.40002474707326E-4
2.39049266808209E-4
2.38104918498293E-4
2.3716930131167E-4
2.36242289304116E-4
2.35323758990832E-4
2.34413589286016E-4
2.33511661444237E-4
2.32617859003518E-4
2.31732067730098E-4
2.30854175564793E-4
2.29984072570911E-4
2.29121650883663E-4
2.28266804661039E-4
2.27419430036067E-4
2.26579425070442E-4
2.25746689709453E-4
2.2492112573819E-4
2.2410263673896E-4
2.23291128049907E-4
2.2248650672476E-4
2.21688681493705E-4
2.20897562725329E-4
2.20113062389592E-4
2.19335094021824E-4
2.18563572687677E-4
2.17798414949035E-4
2.17039538830834E-4
2.1628686378877E-4
2.15540310677848E-4
2.14799801721796E-4
2.14065260483248E-4
2.13336611834734E-4
2.12613781930413E-4
2.11896698178548E-4
2.11185289214685E-4
2.10479484875531E-4
2.09779216173492E-4
2.09084415271871E-4
2.08395015460686E-4
2.07710951133102E-4
2.07032157762467E-4
2.06358571879905E-4
2.05690131052484E-4
2.05026773861919E-4
2.04368439883806E-4
2.03715069667362E-4
2.03066604715667E-4
2.0242298746639E-4
2.0178416127298E-4
2.01150070386313E-4
2.00520659936785E-4
1.99895875916831E-4
1.99275665163868E-4
1.98659975343639E-4
1.98048754933951E-4
1.97441953208812E-4
1.96839520222917E-4
1.9624140679652E-4
1.95647564500644E-4
1.95057945642649E-4
1.94472503252117E-4
1.9389119106708E-4
1.93313963520551E-4
1.92740775727376E-4
1.92171583471368E-4
1.91606343192754E-4
1.91045011975891E-4
1.90487547537261E-4
1.89933908213746E-4
1.89384052951149E-4
1.88837941292982E-4
1.88295533369503E-4
1.87756789886982E-4
1.87221672117224E-4
1.86690141887304E-4
1.8616216156954E-4
1.85637694071668E-4
1.85116702827248E-4
1.84599151786266E-4
1.84085005405938E-4
1.8357422864172E-4
1.83066786938502E-4
1.8256264622199E-4
1.82061772890277E-4
1.81564133805585E-4
1.81069696286183E-4
1.80578428098476E-4
1.80090297449263E-4
1.79605272978145E-4
1.79123323750104E-4
1.78644419248223E-4
1.78168529366566E-4
1.77695624403198E-4
1.77225675053353E-4
1.76758652402734E-4
1.76294527920956E-4
1.75833273455122E-4
1.75374861223518E-4
1.74919263809451E-4
1.74466454155193E-4
1.74016405556065E-4
1.7356909165462E-4
1.73124486434955E-4
1.72682564217127E-4
1.72243299651689E-4
1.71806667714312E-4
1.71372643700544E-4
1.70941203220643E-4
1.70512322194525E-4
1.70085976846805E-4
1.69662143701934E-4
1.69240799579434E-4
1.68821921589216E-4
1.68405487126995E-4
1.67991473869789E-4
1.67579859771505E-4
