0.005267438397852865
0.004321581409672318
0.003692902545587724
0.003241724207782532
0.002900517974778145
0.002632460651101417
0.002415682708189156
0.002236337747478493
0.002085211395217688
0.001955921941012648
0.001843902367214024
0.001745793658931051
0.001659067268118568
0.001581781457404522
0.001512419067374438
0.001449776542181559
0.0013928862049237
0.001340960675236259
0.001293352378738868
0.001249523558008997
0.001209023727830854
0.001171472496586189
0.001136546314934581
0.001103968138748042
0.001073499282095768
0.00104493293526694
0.001018088962299383
9.92809691527877E-4
9.68956483915825E-4
9.46406915807281E-4
9.25052450925549E-4
9.04796504853344E-4
8.85552826568574E-4
8.67244137784755E-4
8.49800983210595E-4
8.33160754372559E-4
8.17266857043509E-4
8.02067998106728E-4
7.87517572240229E-4
7.73573132415733E-4
7.60195931083858E-4
7.47350521223863E-4
7.3500440829543E-4
7.23127745636832E-4
7.11693067080499E-4
7.00675051560688E-4
6.90050315312958E-4
6.79797227945849E-4
6.6989574922952E-4
6.60327283915499E-4
6.51074552293935E-4
6.4212147452337E-4
6.33453067044562E-4
6.25055349623281E-4
6.16915261764547E-4
6.09020587408634E-4
6.0135988696217E-4
5.93922435839727E-4
5.86698168796092E-4
5.79677629419109E-4
5.72851924230629E-4
5.66212680909777E-4
5.59752010210738E-4
5.53462471197393E-4
5.473370394608E-4
5.41369078023586E-4
5.35552310668497E-4
5.29880797457453E-4
5.24348912232913E-4
5.18951321915783E-4
5.13682967433793E-4
5.08539046131671E-4
5.03514995529786E-4
4.98606478311509E-4
4.93809368431616E-4
4.89119738248717E-4
4.84533846594289E-4
4.80048127699207E-4
4.75659180906417E-4
4.71363761104974E-4
4.67158769826834E-4
4.63041246953128E-4
4.59008362981513E-4
4.55057411810583E-4
4.51185804001211E-4
4.47391060478248E-4
4.43670806639175E-4
4.40022766839197E-4
4.36444759224857E-4
4.32934690890567E-4
4.29490553334658E-4
4.26110418193432E-4
4.22792433233442E-4
4.19534818583857E-4
4.16335863192201E-4
4.13193921488094E-4
4.10107410240778E-4
4.07074805597381E-4
4.04094640289814E-4
4.01165500999165E-4
3.98286025867248E-4
3.95454902145732E-4
3.9267086397409E-4
3.89932690278051E-4
3.87239202781045E-4
3.84589264121523E-4
3.81981776069609E-4
3.79415677837006E-4
3.76889944474457E-4
3.74403585351502E-4
3.71955642713603E-4
3.69545190312068E-4
3.67171332102488E-4
3.64833201007699E-4
3.62529957741561E-4
3.60260789690055E-4
3.58024909846464E-4
3.55821555797587E-4
3.53649988758128E-4
3.51509492650614E-4
3.4939937322833E-4
3.47318957238942E-4
3.4526759162658E-4
3.4324464277036E-4
3.41249495757384E-4
3.39281553688401E-4
3.37340237014431E-4
3.35424982902722E-4
3.33535244630564E-4
3.31670491005493E-4
3.29830205810577E-4
3.28013887273508E-4
3.26221047558309E-4
3.24451212278541E-4
3.22703920030933E-4
3.20978721948458E-4
3.19275181271906E-4
3.17592872939036E-4
3.15931383190503E-4
3.14290309191732E-4
3.12669258670017E-4
3.11067849566092E-4
3.09485709699537E-4
3.07922476447355E-4
3.06377796435127E-4
3.04851325240171E-4
3.03342727106154E-4
3.01851674668639E-4
3.00377848691105E-4
2.98920937810927E-4
2.97480638294932E-4
2.96056653804059E-4
2.94648695166766E-4
2.93256480160783E-4
2.91879733302868E-4
2.90518185646202E-4
2.89171574585119E-4
2.87839643666858E-4
2.86522142410033E-4
2.8521882612955E-4
2.83929455767694E-4
2.82653797731154E-4
2.81391623733718E-4
2.80142710644412E-4
2.78906840340877E-4
2.77683799567766E-4
2.76473379799953E-4
2.75275377110374E-4
2.74089592042307E-4
2.72915829485928E-4
2.71753898558971E-4
2.7060361249132E-4
2.69464788513414E-4
2.68337247748275E-4
2.6722081510706E-4
2.66115319187988E-4
2.65020592178496E-4
2.63936469760541E-4
2.62862791018904E-4
2.61799398352387E-4
2.60746137387803E-4
2.5970285689665E-4
2.5866940871439E-4
2.57645647662206E-4
2.5663143147117E-4
2.55626620708732E-4
2.54631078707454E-4
2.5364467149588E-4
2.5266726773151E-4
2.51698738635763E-4
2.50738957930893E-4
2.49787801778762E-4
2.48845148721425E-4
2.47910879623455E-4
2.46984877615962E-4
2.46067028042219E-4
2.4515721840487E-4
2.44255338314663E-4
2.43361279440634E-4
2.42474935461721E-4
2.41596202019735E-4
2.4072497667368E-4
2.39861158855329E-4
2.39004649826055E-4
2.38155352634854E-4
2.37313172077533E-4
2.36478014657023E-4
2.35649788544766E-4
2.34828403543175E-4
2.34013771049088E-4
2.33205804018225E-4
2.32404416930598E-4
2.31609525756844E-4
2.30821047925446E-4
2.3003890229084E-4
2.29263009102348E-4
2.28493289973932E-4
2.27729667854745E-4
2.2697206700043E-4
2.26220412945186E-4
2.25474632474532E-4
2.24734653598788E-4
2.24000405527226E-4
2.23271818642872E-4
2.22548824477955E-4
2.2183135568998E-4
2.21119346038382E-4
2.2041273036179E-4
2.19711444555832E-4
2.19015425551508E-4
2.18324611294088E-4
2.17638940722525E-4
2.16958353749387E-4
2.16282791241259E-4
2.15612194999634E-4
2.14946507742259E-4
2.14285673084934E-4
2.1362963552374E-4
2.12978340417698E-4
2.1233173397184E-4
2.11689763220673E-4
2.11052376012041E-4
2.10419520991363E-4
2.09791147586236E-4
2.09167205991406E-4
2.08547647154065E-4
2.07932422759522E-4
2.07321485217172E-4
2.067147876468E-4
2.06112283865203E-4
2.05513928373103E-4
2.04919676342366E-4
2.04329483603503E-4
2.03743306633454E-4
2.03161102543649E-4
2.0258282906833E-4
2.02008444553135E-4
2.01437907943927E-4
2.00871178775884E-4
2.00308217162818E-4
1.99748983786724E-4
1.99193439887563E-4
1.98641547253273E-4
1.98093268209979E-4
1.97548565612428E-4
1.97007402834624E-4
1.96469743760658E-4
1.95935552775749E-4
1.95404794757455E-4
1.94877435067086E-4
1.94353439541285E-4
1.93832774483799E-4
1.93315406657409E-4
1.92801303276036E-4
1.92290431997011E-4
1.917827609135E-4
1.91278258547089E-4
1.90776893840517E-4
1.90278636150566E-4
1.89783455241088E-4
1.89291321276173E-4
1.88802204813465E-4
1.883160767976E-4
1.87832908553788E-4
1.87352671781509E-4
1.86875338548356E-4
1.86400881283979E-4
1.85929272774158E-4
1.85460486154998E-4
1.84994494907233E-4
1.84531272850637E-4
1.84070794138554E-4
1.83613033252529E-4
1.83157964997044E-4
1.82705564494356E-4
1.82255807179435E-4
1.81808668795001E-4
1.81364125386651E-4
1.80922153298084E-4
1.80482729166417E-4
1.80045829917582E-4
1.79611432761821E-4
1.79179515189263E-4
1.78750054965575E-4
1.78323030127707E-4
1.7789841897971E-4
1.77476200088631E-4
1.77056352280487E-4
1.76638854636309E-4
1.76223686488268E-4
1.75810827415863E-4
1.75400257242181E-4
1.74991956030228E-4
1.74585904079323E-4
1.74182081921561E-4
1.7378047031834E-4
1.73381050256944E-4
1.72983802947197E-4
1.72588709818167E-4
1.7219575251494E-4
1.71804912895443E-4
1.71416173027323E-4
1.71029515184888E-4
1.70644921846095E-4
1.70262375689594E-4
1.69881859591828E-4
1.69503356624172E-4
1.69126850050138E-4
1.68752323322608E-4
1.6837976008114E-4
1.68009144149297E-4
1.67640459532034E-4
1.6727369041313E-4
1.66908821152664E-4
1.66545836284524E-4
1.66184720513976E-4
1.65825458715255E-4
1.65468035929215E-4
1.65112437361001E-4
1.64758648377775E-4
1.64406654506474E-4
1.64056441431599E-4
1.63707994993058E-4
1.63361301184024E-4
1.63016346148841E-4
1.62673116180968E-4
1.62331597720943E-4
1.61991777354396E-4
1.6165364181008E-4
1.61317177957944E-4
1.60982372807237E-4
1.60649213504639E-4
1.60317687332418E-4
1.59987781706633E-4
1.59659484175343E-4
1.59332782416869E-4
1.59007664238061E-4
1.58684117572612E-4
1.58362130479387E-4
1.58041691140779E-4
1.57722787861097E-4
1.57405409064979E-4
1.57089543295821E-4
1.56775179214243E-4
1.56462305596567E-4
1.56150911333329E-4
1.55840985427812E-4
1.55532516994593E-4
1.55225495258123E-4
1.54919909551328E-4
1.54615749314224E-4
1.5431300409256E-4
1.54011663536482E-4
1.5371171739921E-4
1.53413155535745E-4
1.53115967901591E-4
1.5282014455149E-4
1.52525675638193E-4
1.52232551411232E-4
1.51940762215717E-4
1.51650298491157E-4
1.5136115077029E-4
1.51073309677934E-4
1.50786765929852E-4
1.50501510331642E-4
1.50217533777638E-4
1.49934827249821E-4
1.49653381816758E-4
1.49373188632552E-4
1.490942389358E-4
1.48816524048579E-4
1.4854003537544E-4
1.48264764402412E-4
1.47990702696032E-4
1.47717841902376E-4
1.47446173746118E-4
1.47175690029588E-4
1.46906382631856E-4
1.4663824350782E-4
1.46371264687316E-4
1.46105438274228E-4
1.45840756445623E-4
1.45577211450895E-4
1.45314795610915E-4
1.45053501317201E-4
1.44793321031095E-4
1.44534247282952E-4
1.44276272671345E-4
1.44019389862271E-4
1.4376359158838E-4
1.43508870648208E-4
1.43255219905417E-4
1.43002632288057E-4
1.4275110078783E-4
1.4250061845936E-4
1.42251178419485E-4
1.42002773846553E-4
1.41755397979718E-4
1.41509044118266E-4
1.41263705620934E-4
1.41019375905239E-4
1.40776048446828E-4
1.40533716778819E-4
1.40292374491172E-4
1.40052015230049E-4
1.39812632697197E-4
1.39574220649325E-4
1.39336772897505E-4
1.39100283306573E-4
1.38864745794534E-4
1.3863015433198E-4
1.38396502941519E-4
1.38163785697205E-4
1.37931996723976E-4
1.37701130197106E-4
1.37471180341658E-4
1.37242141431941E-4
1.37014007790989E-4
1.36786773790025E-4
1.36560433847954E-4
1.36334982430846E-4
1.36110414051432E-4
1.3588672326861E-4
1.35663904686951E-4
1.35441952956217E-4
1.35220862770878E-4
1.35000628869641E-4
1.34781246034987E-4
1.34562709092708E-4
1.34345012911451E-4
1.34128152402268E-4
1.3391212251818E-4
1.3369691825373E-4
1.33482534644559E-4
1.33268966766973E-4
1.33056209737525E-4
1.32844258712597E-4
1.32633108887994E-4
1.32422755498531E-4
1.32213193817637E-4
1.3200441915696E-4
1.3179642686597E-4
1.31589212331583E-4
1.31382770977769E-4
1.31177098265185E-4
1.30972189690798E-4
1.30768040787514E-4
1.30564647123825E-4
1.30362004303441E-4
1.30160107964943E-4
1.2995895378143E-4
1.29758537460172E-4
1.2955885474227E-4
1.29359901402321E-4
1.29161673248082E-4
1.28964166120141E-4
1.28767375891594E-4
1.2857129846772E-4
1.2837592978567E-4
1.28181265814143E-4
1.27987302553087E-4
1.27794036033385E-4
1.27601462316557E-4
1.27409577494457E-4
1.27218377688981E-4
1.27027859051774E-4
1.26838017763938E-4
1.26648850035749E-4
1.26460352106382E-4
1.26272520243618E-4
1.2608535074358E-4
1.25898839930459E-4
1.2571298415624E-4
1.25527779800442E-4
1.25343223269852E-4
1.25159310998263E-4
1.24976039446224E-4
1.24793405100781E-4
1.24611404475225E-4
1.24430034108849E-4
1.24249290566698E-4
1.24069170439331E-4
1.23889670342573E-4
1.23710786917291E-4
1.23532516829147E-4
1.23354856768375E-4
1.23177803449548E-4
1.23001353611352E-4
1.22825504016363E-4
1.22650251450825E-4
1.22475592724431E-4
1.22301524670107E-4
1.221280441438E-4
1.21955148024261E-4
1.21782833212839E-4
1.21611096633276E-4
1.21439935231498E-4
1.21269345975418E-4
1.21099325854729E-4
1.2092987188071E-4
1.20760981086032E-4
1.20592650524561E-4
1.20424877271167E-4
1.20257658421537E-4
1.20090991091984E-4
1.19924872419263E-4
1.1975929956039E-4
1.19594269692455E-4
1.19429780012451E-4
1.19265827737091E-4
1.1910241010263E-4
1.18939524364696E-4
1.1877716779812E-4
1.18615337696758E-4
1.18454031373331E-4
1.18293246159256E-4
1.18132979404478E-4
1.17973228477314E-4
1.17813990764285E-4
1.17655263669961E-4
1.17497044616801E-4
1.17339331044998E-4
1.17182120412327E-4
1.17025410193987E-4
1.16869197882455E-4
1.16713480987332E-4
1.16558257035198E-4
1.16403523569467E-4
1.16249278150236E-4
1.16095518354148E-4
1.15942241774246E-4
1.15789446019835E-4
1.15637128716342E-4
1.15485287505177E-4
1.153339200436E-4
1.15183024004585E-4
1.15032597076684E-4
1.14882636963899E-4
1.1473314138555E-4
1.14584108076144E-4
1.14435534785247E-4
1.14287419277363E-4
1.141397593318E-4
1.13992552742553E-4
1.13845797318176E-4
1.13699490881663E-4
1.13553631270329E-4
1.13408216335689E-4
1.13263243943338E-4
1.13118711972838E-4
1.129746183176E-4
1.12830960884771E-4
1.12687737595119E-4
1.12544946382922E-4
1.12402585195858E-4
1.12260651994891E-4
1.12119144754167E-4
1.11978061460905E-4
1.11837400115285E-4
1.11697158730351E-4
1.115573353319E-4
1.11417927958381E-4
1.1127893466079E-4
1.11140353502574E-4
1.11002182559522E-4
1.10864419919672E-4
1.10727063683213E-4
1.1059011196238E-4
1.10453562881367E-4
1.10317414576221E-4
1.10181665194754E-4
1.10046312896451E-4
1.09911355852368E-4
1.09776792245049E-4
1.09642620268429E-4
1.09508838127746E-4
1.09375444039451E-4
1.0924243623112E-4
1.09109812941365E-4
1.08977572419747E-4
1.08845712926693E-4
1.08714232733406E-4
1.08583130121782E-4
1.0845240338433E-4
1.08322050824081E-4
1.08192070754516E-4
1.08062461499478E-4
1.07933221393092E-4
1.07804348779687E-4
1.07675842013715E-4
1.07547699459675E-4
1.07419919492034E-4
1.0729250049515E-4
1.07165440863194E-4
1.07038739000079E-4
1.06912393319383E-4
1.06786402244274E-4
1.06660764207436E-4
1.06535477651E-4
1.06410541026469E-4
1.06285952794646E-4
1.06161711425566E-4
1.06037815398424E-4
1.05914263201508E-4
1.05791053332125E-4
1.05668184296537E-4
1.05545654609894E-4
1.05423462796165E-4
1.05301607388072E-4
1.05180086927028E-4
1.05058899963064E-4
1.04938045054771E-4
1.04817520769236E-4
1.04697325681974E-4
1.0457745837687E-4
1.04457917446114E-4
1.0433870149014E-4
1.04219809117567E-4
1.04101238945133E-4
1.03982989597642E-4
1.03865059707899E-4
1.03747447916656E-4
1.03630152872546E-4
1.03513173232035E-4
1.03396507659354E-4
1.03280154826453E-4
1.03164113412934E-4
1.03048382106005E-4
1.02932959600416E-4
1.02817844598411E-4
1.02703035809669E-4
1.02588531951251E-4
1.0247433174755E-4
1.02360433930231E-4
1.02246837238187E-4
1.02133540417481E-4
1.02020542221293E-4
1.01907841409877E-4
1.01795436750501E-4
1.01683327017403E-4
1.01571510991738E-4
1.01459987461529E-4
1.01348755221622E-4
1.01237813073628E-4
1.01127159825887E-4
1.01016794293409E-4
1.00906715297835E-4
1.00796921667386E-4
1.00687412236819E-4
1.00578185847374E-4
1.00469241346739E-4
1.00360577588996E-4
1.00252193434581E-4
1.00144087750237E-4
1.00036259408969E-4
9.9928707290004E-5
9.9821430278745E-5
9.9714427266725E-5
9.9607697151571E-5
9.9501238836957E-5
9.9395051232561E-5
9.9289133254029E-5
9.9183483822925E-5
9.9078101866701E-5
9.8972986318648E-5
9.8868136117855E-5
9.8763550209179E-5
9.8659227543192E-5
9.8555167076152E-5
9.845136776996E-5
9.8347828592122E-5
9.824454851571E-5
9.8141526519324E-5
9.8038761587058E-5
9.7936252708455E-5
9.7833998878478E-5
9.7731999097469E-5
9.763025237111E-5
9.7528757710396E-5
9.7427514131589E-5
9.7326520656186E-5
9.7225776310889E-5
9.7125280127561E-5
9.7025031143197E-5
9.692502839989E-5
9.6825270944794E-5
9.672575783009E-5
9.6626488112956E-5
9.6527460855529E-5
9.6428675124876E-5
9.633012999296E-5
9.6231824536607E-5
9.6133757837471E-5
9.6035928982008E-5
9.5938337061439E-5
9.5840981171724E-5
9.5743860413523E-5
9.5646973892172E-5
9.5550320717649E-5
9.5453900004541E-5
9.5357710872024E-5
9.5261752443818E-5
9.516602384817E-5
9.5070524217819E-5
9.4975252689965E-5
9.4880208406245E-5
9.4785390512699E-5
9.4690798159744E-5
9.4596430502146E-5
9.4502286698991E-5
9.4408365913658E-5
9.4314667313787E-5
9.4221190071259E-5
9.4127933362163E-5
9.403489636677E-5
9.3942078269505E-5
9.3849478258927E-5
9.3757095527692E-5
9.3664929272537E-5
9.3572978694244E-5
9.3481242997624E-5
9.3389721391484E-5
9.3298413088606E-5
9.3207317305719E-5
9.3116433263474E-5
9.3025760186421E-5
9.2935297302984E-5
9.2845043845435E-5
9.2754999049871E-5
9.2665162156188E-5
9.2575532408061E-5
9.2486109052915E-5
9.2396891341906E-5
9.2307878529896E-5
9.2219069875427E-5
9.2130464640704E-5
9.2042062091567E-5
9.1953861497469E-5
9.1865862131455E-5
9.1778063270141E-5
9.1690464193688E-5
9.1603064185782E-5
9.1515862533612E-5
9.1428858527849E-5
9.1342051462622E-5
9.1255440635501E-5
9.1169025347473E-5
9.1082804902919E-5
9.0996778609596E-5
9.0910945778618E-5
9.082530572443E-5
9.0739857764792E-5
9.0654601220757E-5
9.0569535416651E-5
9.0484659680054E-5
9.0399973341778E-5
9.0315475735849E-5
9.0231166199489E-5
9.0147044073092E-5
9.006310870021E-5
8.9979359427528E-5
8.9895795604853E-5
8.9812416585088E-5
8.9729221724214E-5
8.9646210381275E-5
8.9563381918361E-5
8.9480735700581E-5
8.9398271096054E-5
8.9315987475888E-5
8.9233884214158E-5
8.9151960687896E-5
8.9070216277066E-5
8.898865036455E-5
8.8907262336131E-5
8.8826051580475E-5
8.8745017489114E-5
8.8664159456429E-5
8.8583476879633E-5
8.8502969158752E-5
8.8422635696614E-5
8.8342475898827E-5
8.8262489173763E-5
8.8182674932545E-5
8.8103032589032E-5
8.8023561559795E-5
8.794426126411E-5
8.7865131123935E-5
8.7786170563902E-5
8.7707379011292E-5
8.7628755896027E-5
8.7550300650653E-5
8.7472012710322E-5
8.7393891512779E-5
8.7315936498346E-5
8.723814710991E-5
8.7160522792903E-5
8.7083062995291E-5
8.7005767167559E-5
8.6928634762694E-5
8.6851665236176E-5
8.6774858045957E-5
8.6698212652448E-5
8.6621728518511E-5
8.6545405109438E-5
8.646924189294E-5
8.6393238339133E-5
8.6317393920523E-5
8.6241708111995E-5
8.6166180390797E-5
8.6090810236527E-5
8.601559713112E-5
8.5940540558836E-5
8.5865640006243E-5
8.5790894962209E-5
8.5716304917884E-5
8.5641869366691E-5
8.556758780431E-5
8.5493459728669E-5
8.5419484639927E-5
8.5345662040464E-5
8.527199143487E-5
8.519847232993E-5
8.5125104234609E-5
8.5051886660047E-5
8.4978819119542E-5
8.4905901128538E-5
8.4833132204615E-5
8.4760511867474E-5
8.468803963893E-5
8.4615715042896E-5
8.4543537605372E-5
8.4471506854436E-5
8.4399622320229E-5
8.4327883534945E-5
8.4256290032822E-5
8.4184841350125E-5
8.4113537025142E-5
8.4042376598167E-5
8.3971359611492E-5
8.3900485609395E-5
8.3829754138129E-5
8.3759164745912E-5
8.3688716982914E-5
8.3618410401251E-5
8.3548244554968E-5
8.3478219000034E-5
8.3408333294328E-5
8.333858699763E-5
8.3268979671612E-5
8.3199510879825E-5
8.3130180187688E-5
8.3060987162484E-5
8.2991931373343E-5
8.2923012391235E-5
8.2854229788963E-5
8.2785583141143E-5
8.2717072024208E-5
8.2648696016389E-5
8.2580454697706E-5
8.2512347649963E-5
8.2444374456732E-5
8.237653470335E-5
8.2308827976907E-5
8.2241253866233E-5
8.2173811961894E-5
8.210650185618E-5
8.2039323143096E-5
8.1972275418355E-5
8.1905358279365E-5
8.1838571325223E-5
8.1771914156706E-5
8.170538637626E-5
8.1638987587993E-5
8.1572717397667E-5
8.1506575412684E-5
8.1440561242086E-5
8.1374674496539E-5
8.1308914788327E-5
8.1243281731344E-5
8.1177774941084E-5
8.1112394034635E-5
8.104713863067E-5
8.0982008349437E-5
8.091700281275E-5
8.0852121643985E-5
8.0787364468068E-5
8.0722730911471E-5
8.0658220602197E-5
8.0593833169779E-5
8.0529568245269E-5
8.046542546123E-5
8.0401404451729E-5
8.0337504852329E-5
8.0273726300081E-5
8.0210068433515E-5
8.0146530892636E-5
8.0083113318913E-5
8.001981535527E-5
7.9956636646086E-5
7.989357683718E-5
7.9830635575807E-5
7.9767812510648E-5
7.9705107291806E-5
7.9642519570798E-5
7.9580049000545E-5
7.9517695235369E-5
7.9455457930982E-5
7.9393336744482E-5
7.9331331334342E-5
7.926944136041E-5
7.9207666483894E-5
7.9146006367359E-5
7.908446067472E-5
7.9023029071236E-5
7.8961711223501E-5
7.8900506799439E-5
7.8839415468297E-5
7.8778436900638E-5
7.8717570768333E-5
7.8656816744556E-5
7.859617450378E-5
7.8535643721765E-5
7.8475224075553E-5
7.8414915243466E-5
7.8354716905096E-5
7.8294628741296E-5
7.8234650434183E-5
7.8174781667118E-5
7.8115022124712E-5
7.8055371492813E-5
7.7995829458504E-5
7.7936395710091E-5
7.7877069937106E-5
7.781785183029E-5
7.7758741081597E-5
7.7699737384181E-5
7.7640840432394E-5
7.7582049921778E-5
7.7523365549059E-5
7.7464787012146E-5
7.7406314010116E-5
7.7347946243217E-5
7.7289683412855E-5
7.7231525221599E-5
7.717347137316E-5
7.71155215724E-5
7.7057675525317E-5
7.6999932939043E-5
7.694229352184E-5
7.6884756983088E-5
7.6827323033289E-5
7.6769991384054E-5
7.6712761748101E-5
7.6655633839247E-5
7.6598607372408E-5
7.6541682063587E-5
7.6484857629874E-5
7.6428133789438E-5
7.637151026152E-5
7.6314986766434E-5
7.6258563025557E-5
7.6202238761323E-5
7.6146013697222E-5
7.6089887557792E-5
7.6033860068615E-5
7.5977930956312E-5
7.5922099948536E-5
7.5866366773971E-5
7.5810731162323E-5
7.575519284432E-5
7.5699751551701E-5
7.5644407017215E-5
7.5589158974617E-5
7.5534007158659E-5
7.5478951305092E-5
7.5423991150654E-5
7.5369126433068E-5
7.531435689104E-5
7.5259682264253E-5
7.5205102293358E-5
