6.1578860227052E-4
6.07522241765082E-4
5.99512043536694E-4
5.91745749792963E-4
5.84211888660515E-4
5.76899711450423E-4
5.69799135883758E-4
5.62900694623534E-4
5.56195488540196E-4
5.49675144207841E-4
5.4333177518856E-4
5.37157946714746E-4
5.31146643424594E-4
5.25291239845593E-4
5.19585473355338E-4
5.14023419379116E-4
5.08599468610194E-4
5.03308306061909E-4
4.98144891781072E-4
4.93104443070093E-4
4.88182418081236E-4
4.83374500660327E-4
4.78676586329673E-4
4.74084769310993E-4
4.69595330498965E-4
4.65204726304669E-4
4.60909578295981E-4
4.56706663568965E-4
4.52592905790386E-4
4.4856536685716E-4
4.44621239123428E-4
4.40757838150458E-4
4.36972595938556E-4
4.33263054603827E-4
4.29626860465834E-4
4.26061758515184E-4
4.22565587232695E-4
4.19136273734186E-4
4.15771829217168E-4
4.12470344687614E-4
4.09229986946782E-4
4.06048994819759E-4
4.02925675608769E-4
3.99858401755703E-4
3.96845607699539E-4
3.93885786915405E-4
3.90977489123105E-4
3.88119317653833E-4
3.8530992696465E-4
3.82548020291088E-4
3.79832347428945E-4
3.77161702637028E-4
3.7453492265318E-4
3.71950884816427E-4
3.69408505288699E-4
3.66906737369957E-4
3.64444569901022E-4
3.6202102574881E-4
3.59635160368985E-4
3.57286060441499E-4
3.54972842574631E-4
3.52694652073612E-4
3.50450661770008E-4
3.48240070908438E-4
3.46062104087315E-4
3.43916010250587E-4
3.41801061727597E-4
3.39716553318407E-4
3.37661801422069E-4
3.35636143205502E-4
3.33638935810759E-4
3.31669555598638E-4
3.2972739742669E-4
3.2781187395979E-4
3.25922415011576E-4
3.24058466915142E-4
3.22219491921469E-4
3.20404967624165E-4
3.18614386409193E-4
3.16847254928293E-4
3.15103093594935E-4
3.13381436101674E-4
3.1168182895783E-4
3.10003831046519E-4
3.08347013200084E-4
3.06710957793032E-4
3.05095258351624E-4
3.03499519179359E-4
3.01923354997556E-4
3.00366390600359E-4
2.98828260523462E-4
2.97308608725946E-4
2.95807088284595E-4
2.9432336110014E-4
2.92857097614882E-4
2.91407976541184E-4
2.89975684600324E-4
2.88559916271288E-4
2.87160373549023E-4
2.85776765711751E-4
2.84408809096949E-4
2.83056226885617E-4
2.81718748894468E-4
2.80396111375722E-4
2.79088056824154E-4
2.7779433379111E-4
2.76514696705167E-4
2.75248905699216E-4
2.73996726443642E-4
2.72757929985372E-4
2.71532292592566E-4
2.7031959560469E-4
2.69119625287788E-4
2.67932172694701E-4
2.6675703353008E-4
2.65594008019962E-4
2.6444290078576E-4
2.63303520722475E-4
2.62175680880964E-4
2.61059198354113E-4
2.59953894166777E-4
2.58859593169301E-4
2.57776123934536E-4
2.56703318658176E-4
2.55641013062314E-4
2.5458904630209E-4
2.53547260875311E-4
2.52515502534931E-4
2.51493620204303E-4
2.50481465895071E-4
2.49478894627633E-4
2.48485764354071E-4
2.47501935883446E-4
2.46527272809405E-4
2.45561641439977E-4
2.44604910729509E-4
2.4365695221266E-4
2.4271763994037E-4
2.41786850417758E-4
2.40864462543838E-4
2.39950357553051E-4
2.39044418958492E-4
2.38146532496804E-4
2.37256586074694E-4
2.36374469716978E-4
2.35500075516132E-4
2.3463329758329E-4
2.33774032000644E-4
2.32922176775194E-4
2.32077631793796E-4
2.31240298779495E-4
2.30410081249058E-4
2.29586884471707E-4
2.28770615428985E-4
2.27961182775737E-4
2.27158496802153E-4
2.26362469396863E-4
2.25573014011015E-4
2.24790045623347E-4
2.24013480706186E-4
2.23243237192359E-4
2.22479234442996E-4
2.21721393216184E-4
2.20969635636443E-4
2.20223885165021E-4
2.19484066570948E-4
2.18750105902865E-4
2.18021930461568E-4
2.17299468773273E-4
2.16582650563561E-4
2.15871406732E-4
2.151656693274E-4
2.14465371523711E-4
2.13770447596527E-4
2.13080832900174E-4
2.12396463845376E-4
2.11717277877485E-4
2.11043213455243E-4
2.10374210030071E-4
2.09710208025874E-4
2.09051148819332E-4
2.08396974720684E-4
2.0774762895497E-4
2.0710305564373E-4
2.06463199787142E-4
2.05828007246598E-4
2.05197424727686E-4
2.04571399763582E-4
2.03949880698835E-4
2.03332816673541E-4
2.02720157607876E-4
2.02111854187002E-4
2.01507857846328E-4
2.009081207571E-4
2.00312595812334E-4
1.99721236613078E-4
1.99133997454978E-4
1.98550833315156E-4
1.97971699839389E-4
1.97396553329579E-4
1.96825350731501E-4
1.96258049622832E-4
1.95694608201449E-4
1.95134985273983E-4
1.94579140244627E-4
1.94027033104207E-4
1.93478624419473E-4
1.92933875322638E-4
1.92392747501146E-4
1.91855203187663E-4
1.91321205150278E-4
1.90790716682927E-4
1.90263701596017E-4
1.8974012420725E-4
1.89219949332656E-4
1.887031422778E-4
1.88189668829187E-4
1.87679495245847E-4
1.87172588251097E-4
1.86668915024475E-4
1.86168443193845E-4
1.85671140827664E-4
1.85176976427419E-4
1.84685918920203E-4
1.84197937651466E-4
1.83713002377893E-4
1.83231083260448E-4
1.82752150857548E-4
1.82276176118379E-4
1.81803130376349E-4
1.81332985342668E-4
1.80865713100069E-4
1.80401286096642E-4
1.79939677139799E-4
1.79480859390356E-4
1.79024806356735E-4
1.78571491889279E-4
1.78120890174679E-4
1.77672975730514E-4
1.77227723399892E-4
1.767851083462E-4
1.76345106047959E-4
1.75907692293767E-4
1.75472843177357E-4
1.75040535092734E-4
1.74610744729414E-4
1.74183449067756E-4
1.73758625374374E-4
1.73336251197646E-4
1.729163043633E-4
1.72498762970091E-4
1.72083605385555E-4
1.71670810241839E-4
1.7126035643162E-4
1.70852223104086E-4
1.70446389661007E-4
1.70042835752862E-4
1.69641541275056E-4
1.69242486364187E-4
1.68845651394398E-4
1.68451016973788E-4
1.68058563940887E-4
1.67668273361197E-4
1.67280126523807E-4
1.66894104938041E-4
1.66510190330194E-4
1.66128364640317E-4
1.65748610019056E-4
1.65370908824551E-4
1.64995243619386E-4
1.646215971676E-4
1.64249952431749E-4
1.63880292570012E-4
1.63512600933358E-4
1.63146861062756E-4
1.62783056686437E-4
1.62421171717204E-4
1.62061190249784E-4
1.61703096558232E-4
1.61346875093374E-4
1.60992510480302E-4
1.60639987515902E-4
1.60289291166427E-4
1.59940406565119E-4
1.59593319009865E-4
1.59248013960889E-4
1.5890447703849E-4
1.58562694020817E-4
1.5822265084168E-4
1.57884333588395E-4
1.57547728499668E-4
1.57212821963515E-4
1.56879600515211E-4
1.56548050835287E-4
1.56218159747539E-4
1.55889914217088E-4
1.55563301348464E-4
1.55238308383719E-4
1.54914922700575E-4
1.54593131810604E-4
1.54272923357433E-4
1.53954285114978E-4
1.53637204985708E-4
1.53321670998941E-4
1.5300767130916E-4
1.52695194194359E-4
1.52384228054417E-4
1.52074761409498E-4
1.51766782898472E-4
1.51460281277367E-4
1.51155245417837E-4
1.50851664305667E-4
1.50549527039288E-4
1.50248822828323E-4
1.49949540992154E-4
1.49651670958512E-4
1.49355202262088E-4
1.49060124543161E-4
1.48766427546259E-4
1.48474101118828E-4
1.4818313520993E-4
1.47893519868955E-4
1.47605245244357E-4
1.47318301582407E-4
1.47032679225965E-4
1.46748368613273E-4
1.46465360276764E-4
1.46183644841887E-4
1.45903213025954E-4
1.45624055637005E-4
1.45346163572679E-4
1.45069527819122E-4
1.44794139449886E-4
1.44519989624871E-4
1.44247069589258E-4
1.43975370672479E-4
1.43704884287182E-4
1.43435601928232E-4
1.43167515171707E-4
1.42900615673926E-4
1.42634895170476E-4
1.42370345475265E-4
1.4210695847958E-4
1.41844726151166E-4
1.41583640533309E-4
1.41323693743949E-4
1.41064877974784E-4
1.40807185490401E-4
1.40550608627418E-4
1.40295139793634E-4
1.40040771467191E-4
1.39787496195759E-4
1.39535306595713E-4
1.39284195351338E-4
1.3903415521404E-4
1.38785179001563E-4
1.38537259597227E-4
1.38290389949168E-4
1.38044563069593E-4
1.37799772034042E-4
1.37556009980666E-4
1.37313270109509E-4
1.37071545681801E-4
1.36830830019265E-4
1.36591116503428E-4
1.36352398574949E-4
1.36114669732941E-4
1.35877923534324E-4
1.35642153593168E-4
1.35407353580055E-4
1.35173517221443E-4
1.34940638299049E-4
1.34708710649227E-4
1.34477728162367E-4
1.34247684782292E-4
1.34018574505666E-4
1.33790391381416E-4
1.33563129510154E-4
1.3333678304361E-4
1.33111346184071E-4
1.32886813183828E-4
1.32663178344635E-4
1.32440436017164E-4
1.32218580600481E-4
1.31997606541519E-4
1.31777508334558E-4
1.31558280520718E-4
1.31339917687454E-4
1.31122414468062E-4
1.3090576554118E-4
1.30689965630313E-4
1.30475009503348E-4
1.30260891972088E-4
1.30047607891779E-4
1.29835152160653E-4
1.29623519719479E-4
1.29412705551103E-4
1.29202704680019E-4
1.28993512171923E-4
1.28785123133282E-4
1.28577532710912E-4
1.28370736091556E-4
1.28164728501466E-4
1.27959505205995E-4
1.27755061509194E-4
1.27551392753408E-4
1.27348494318884E-4
1.2714636162338E-4
1.26944990121779E-4
1.26744375305712E-4
1.26544512703176E-4
1.26345397878173E-4
1.26147026430331E-4
1.25949393994554E-4
1.25752496240655E-4
1.25556328873009E-4
1.25360887630202E-4
1.25166168284686E-4
1.24972166642442E-4
1.24778878542637E-4
1.24586299857299E-4
1.24394426490983E-4
1.24203254380453E-4
1.24012779494356E-4
1.23822997832909E-4
1.23633905427586E-4
1.23445498340807E-4
1.23257772665634E-4
1.23070724525472E-4
1.22884350073766E-4
1.22698645493711E-4
1.22513606997958E-4
1.2232923082833E-4
1.22145513255533E-4
1.2196245057888E-4
1.21780039126012E-4
1.21598275252621E-4
1.21417155342181E-4
1.21236675805684E-4
1.21056833081369E-4
1.20877623634462E-4
1.2069904395692E-4
1.20521090567175E-4
1.20343760009876E-4
1.20167048855647E-4
1.19990953700833E-4
1.19815471167264E-4
1.19640597902007E-4
1.19466330577128E-4
1.19292665889459E-4
1.19119600560363E-4
1.18947131335506E-4
1.18775254984628E-4
1.18603968301314E-4
1.18433268102777E-4
1.18263151229638E-4
1.18093614545699E-4
1.1792465493774E-4
1.177562693153E-4
1.17588454610467E-4
1.17421207777668E-4
1.17254525793467E-4
1.1708840565636E-4
1.16922844386573E-4
1.16757839025864E-4
1.16593386637327E-4
1.16429484305194E-4
1.16266129134648E-4
1.16103318251626E-4
1.15941048802634E-4
1.15779317954564E-4
1.15618122894506E-4
1.15457460829565E-4
1.15297328986685E-4
1.15137724612465E-4
1.14978644972988E-4
1.14820087353645E-4
1.14662049058961E-4
1.14504527412426E-4
1.14347519756325E-4
1.14191023451575E-4
1.14035035877551E-4
1.13879554431934E-4
1.1372457653054E-4
1.13570099607164E-4
1.13416121113424E-4
1.13262638518598E-4
1.13109649309476E-4
1.12957150990203E-4
1.12805141082128E-4
1.12653617123654E-4
1.1250257667009E-4
1.12352017293504E-4
1.12201936582577E-4
1.1205233214246E-4
1.11903201594632E-4
1.11754542576758E-4
1.11606352742549E-4
1.11458629761629E-4
1.11311371319391E-4
1.11164575116867E-4
1.11018238870595E-4
1.10872360312483E-4
1.1072693718968E-4
1.10581967264449E-4
1.10437448314032E-4
1.1029337813053E-4
1.10149754520775E-4
1.10006575306204E-4
1.09863838322739E-4
1.09721541420661E-4
1.09579682464496E-4
1.09438259332885E-4
1.0929726991848E-4
1.09156712127813E-4
1.09016583881192E-4
1.08876883112577E-4
1.08737607769473E-4
1.08598755812816E-4
1.08460325216857E-4
1.08322313969061E-4
1.08184720069992E-4
1.08047541533205E-4
1.07910776385141E-4
1.0777442266502E-4
1.07638478424739E-4
1.07502941728764E-4
1.07367810654033E-4
1.07233083289848E-4
1.07098757737778E-4
1.06964832111559E-4
1.06831304536997E-4
1.06698173151867E-4
1.06565436105817E-4
1.06433091560275E-4
1.06301137688351E-4
1.06169572674745E-4
1.06038394715651E-4
1.0590760201867E-4
1.05777192802715E-4
1.05647165297919E-4
1.05517517745553E-4
1.05388248397927E-4
1.05259355518312E-4
1.05130837380846E-4
1.05002692270452E-4
1.04874918482753E-4
1.04747514323983E-4
1.04620478110908E-4
1.04493808170743E-4
1.04367502841065E-4
1.04241560469738E-4
1.04115979414829E-4
1.03990758044529E-4
1.03865894737074E-4
1.03741387880667E-4
1.036172358734E-4
1.03493437123177E-4
1.03369990047641E-4
1.03246893074092E-4
1.03124144639421E-4
1.03001743190028E-4
1.02879687181755E-4
1.02757975079808E-4
1.02636605358689E-4
1.02515576502126E-4
1.02394887002996E-4
1.02274535363262E-4
1.02154520093901E-4
1.02034839714832E-4
1.01915492754856E-4
1.01796477751579E-4
1.01677793251353E-4
1.01559437809208E-4
1.01441409988782E-4
1.01323708362264E-4
1.01206331510321E-4
1.01089278022041E-4
1.00972546494865E-4
1.00856135534529E-4
1.00740043754999E-4
1.00624269778407E-4
1.00508812234997E-4
1.00393669763061E-4
1.00278841008876E-4
1.00164324626651E-4
1.0005011927846E-4
9.9936223634194E-5
9.9822636371493E-5
9.97093561757E-5
9.9596381739793E-5
9.9483711764334E-5
9.9371344957416E-5
9.9259280034603E-5
9.9147515718879E-5
9.903605074059E-5
9.8924883837392E-5
9.8814013754201E-5
9.8703439243135E-5
9.8593159063466E-5
9.8483171981562E-5
9.8373476770844E-5
9.8264072211729E-5
9.8154957091581E-5
9.8046130204662E-5
9.793759035208E-5
9.7829336341742E-5
9.7721366988306E-5
9.7613681113127E-5
9.7506277544218E-5
9.7399155116194E-5
9.7292312670231E-5
9.7185749054016E-5
9.70794631217E-5
9.6973453733857E-5
9.686771975743E-5
9.6762260065697E-5
9.6657073538215E-5
9.6552159060783E-5
9.6447515525397E-5
9.6343141830204E-5
9.6239036879461E-5
9.6135199583489E-5
9.6031628858634E-5
9.5928323627225E-5
9.5825282817528E-5
9.572250536371E-5
9.5619990205793E-5
9.5517736289617E-5
9.5415742566798E-5
9.5314007994687E-5
9.5212531536332E-5
9.5111312160439E-5
9.5010348841331E-5
9.4909640558909E-5
9.4809186298616E-5
9.4708985051398E-5
9.4609035813665E-5
9.4509337587255E-5
9.4409889379396E-5
9.4310690202669E-5
9.4211739074975E-5
9.411303501949E-5
9.4014577064641E-5
9.391636424406E-5
9.3818395596553E-5
9.3720670166067E-5
9.362318700165E-5
9.3525945157422E-5
9.3428943692537E-5
9.3332181671151E-5
9.3235658162388E-5
9.3139372240304E-5
9.3043322983858E-5
9.2947509476878E-5
9.2851930808026E-5
9.2756586070769E-5
9.2661474363346E-5
9.2566594788732E-5
9.2471946454614E-5
9.2377528473356E-5
9.2283339961963E-5
9.2189380042061E-5
9.2095647839858E-5
9.2002142486115E-5
9.190886311612E-5
9.1815808869653E-5
9.1722978890959E-5
9.1630372328721E-5
9.1537988336025E-5
9.1445826070336E-5
9.1353884693469E-5
9.1262163371558E-5
9.1170661275029E-5
9.1079377578575E-5
9.0988311461121E-5
9.0897462105807E-5
9.0806828699948E-5
9.071641043502E-5
9.0626206506622E-5
9.0536216114458E-5
9.0446438462302E-5
9.0356872757982E-5
9.0267518213343E-5
9.0178374044231E-5
9.0089439470459E-5
9.0000713715787E-5
8.9912196007895E-5
8.982388557836E-5
8.9735781662625E-5
8.9647883499983E-5
8.9560190333545E-5
8.9472701410219E-5
8.9385415980688E-5
8.929833329938E-5
8.9211452624453E-5
8.912477321776E-5
8.9038294344837E-5
8.8952015274873E-5
8.8865935280691E-5
8.8780053638718E-5
8.8694369628973E-5
8.8608882535036E-5
8.8523591644028E-5
8.8438496246589E-5
8.8353595636859E-5
8.8268889112451E-5
8.8184375974434E-5
8.8100055527307E-5
8.8015927078981E-5
8.7931989940757E-5
8.7848243427305E-5
8.7764686856644E-5
8.7681319550117E-5
8.7598140832376E-5
8.7515150031359E-5
8.743234647827E-5
8.7349729507559E-5
8.7267298456902E-5
8.7185052667182E-5
8.7102991482468E-5
8.7021114249994E-5
8.6939420320145E-5
8.6857909046433E-5
8.6776579785481E-5
8.6695431896998E-5
8.6614464743771E-5
8.6533677691636E-5
8.6453070109463E-5
8.6372641369141E-5
8.6292390845557E-5
8.6212317916573E-5
8.6132421963019E-5
8.6052702368665E-5
8.5973158520208E-5
8.5893789807256E-5
8.5814595622306E-5
8.5735575360727E-5
8.5656728420749E-5
8.5578054203439E-5
8.5499552112688E-5
8.542122155519E-5
8.534306194043E-5
8.5265072680667E-5
8.5187253190914E-5
8.5109602888922E-5
8.5032121195171E-5
8.4954807532841E-5
8.4877661327808E-5
8.4800682008623E-5
8.4723869006496E-5
8.4647221755279E-5
8.4570739691455E-5
8.449442225412E-5
8.4418268884966E-5
8.4342279028267E-5
8.4266452130865E-5
8.4190787642155E-5
8.4115285014069E-5
8.4039943701059E-5
8.3964763160088E-5
8.3889742850612E-5
8.3814882234563E-5
8.3740180776339E-5
8.3665637942789E-5
8.3591253203197E-5
8.3517026029268E-5
8.3442955895115E-5
8.3369042277246E-5
8.3295284654548E-5
8.3221682508275E-5
8.3148235322033E-5
8.3074942581768E-5
8.3001803775752E-5
8.2928818394569E-5
8.2855985931101E-5
8.2783305880519E-5
8.2710777740266E-5
8.2638401010044E-5
8.2566175191803E-5
8.2494099789728E-5
8.2422174310226E-5
8.2350398261911E-5
8.2278771155597E-5
8.2207292504279E-5
8.2135961823127E-5
8.2064778629468E-5
8.1993742442778E-5
8.1922852784669E-5
8.1852109178873E-5
8.1781511151238E-5
8.1711058229707E-5
8.1640749944314E-5
8.157058582717E-5
8.1500565412447E-5
8.1430688236373E-5
8.1360953837214E-5
8.1291361755269E-5
8.1221911532857E-5
8.1152602714302E-5
8.1083434845925E-5
8.1014407476032E-5
8.0945520154905E-5
8.0876772434789E-5
8.0808163869879E-5
8.0739694016316E-5
8.0671362432169E-5
8.0603168677428E-5
8.0535112313996E-5
8.0467192905671E-5
8.0399410018142E-5
8.0331763218977E-5
8.0264252077611E-5
8.019687616534E-5
8.0129635055304E-5
8.0062528322483E-5
7.9995555543686E-5
7.9928716297538E-5
7.9862010164472E-5
7.9795436726721E-5
7.9728995568305E-5
7.9662686275024E-5
7.9596508434445E-5
7.9530461635896E-5
7.9464545470455E-5
7.939875953094E-5
7.9333103411902E-5
7.9267576709612E-5
7.9202179022055E-5
7.9136909948917E-5
7.9071769091581E-5
7.9006756053115E-5
7.8941870438262E-5
7.8877111853434E-5
7.8812479906698E-5
7.8747974207774E-5
7.8683594368022E-5
7.8619340000432E-5
7.8555210719619E-5
7.8491206141812E-5
7.8427325884848E-5
7.8363569568159E-5
7.8299936812767E-5
7.8236427241276E-5
7.817304047786E-5
7.810977614826E-5
7.804663387977E-5
7.7983613301235E-5
7.7920714043035E-5
7.7857935737085E-5
7.7795278016824E-5
7.7732740517203E-5
7.7670322874683E-5
7.7608024727226E-5
7.754584571428E-5
7.7483785476784E-5
7.7421843657148E-5
7.7360019899254E-5
7.7298313848443E-5
7.7236725151511E-5
7.7175253456697E-5
7.7113898413681E-5
7.7052659673574E-5
7.6991536888908E-5
7.6930529713633E-5
7.6869637803109E-5
7.6808860814094E-5
7.6748198404743E-5
7.6687650234598E-5
7.6627215964579E-5
7.6566895256983E-5
7.6506687775468E-5
7.6446593185055E-5
7.6386611152115E-5
7.6326741344364E-5
7.6266983430857E-5
7.620733708198E-5
7.6147801969443E-5
7.6088377766274E-5
7.6029064146814E-5
7.5969860786705E-5
7.5910767362891E-5
7.5851783553604E-5
7.5792909038362E-5
7.5734143497961E-5
7.567548661447E-5
7.5616938071223E-5
7.5558497552811E-5
7.550016474508E-5
7.5441939335122E-5
7.5383821011266E-5
7.5325809463081E-5
7.5267904381358E-5
7.5210105458113E-5
7.5152412386576E-5
7.5094824861186E-5
7.5037342577587E-5
7.497996523262E-5
7.4922692524314E-5
7.4865524151889E-5
7.480845981574E-5
7.4751499217438E-5
7.4694642059722E-5
7.4637888046491E-5
7.4581236882802E-5
7.4524688274863E-5
7.4468241930027E-5
7.4411897556784E-5
7.435565486476E-5
7.4299513564709E-5
7.4243473368505E-5
7.4187533989143E-5
7.4131695140726E-5
7.4075956538465E-5
7.4020317898671E-5
7.3964778938751E-5
7.39093393772E-5
7.3853998933601E-5
7.3798757328613E-5
7.374361428397E-5
7.3688569522476E-5
7.3633622767998E-5
7.3578773745459E-5
7.3524022180841E-5
7.3469367801169E-5
7.3414810334513E-5
7.336034950998E-5
7.3305985057713E-5
7.325171670888E-5
7.3197544195673E-5
7.3143467251302E-5
7.3089485609992E-5
7.3035599006975E-5
7.2981807178485E-5
7.2928109861759E-5
7.2874506795024E-5
7.2820997717497E-5
7.2767582369381E-5
7.2714260491857E-5
7.2661031827083E-5
7.2607896118185E-5
7.2554853109258E-5
7.2501902545354E-5
7.2449044172486E-5
7.2396277737616E-5
7.2343602988654E-5
7.2291019674456E-5
7.2238527544811E-5
7.2186126350449E-5
7.2133815843023E-5
7.2081595775116E-5
7.2029465900231E-5
7.1977425972788E-5
7.1925475748116E-5
7.1873614982456E-5
7.1821843432951E-5
7.1770160857644E-5
7.1718567015473E-5
7.1667061666268E-5
7.1615644570745E-5
7.1564315490502E-5
7.1513074188019E-5
7.1461920426646E-5
7.1410853970606E-5
7.1359874584989E-5
7.1308982035747E-5
7.1258176089688E-5
7.1207456514479E-5
7.1156823078634E-5
7.1106275551513E-5
7.1055813703322E-5
7.1005437305102E-5
7.0955146128731E-5
7.0904939946917E-5
7.0854818533197E-5
7.0804781661928E-5
7.0754829108288E-5
7.0704960648273E-5
7.0655176058688E-5
7.0605475117147E-5
7.055585760207E-5
7.0506323292677E-5
7.0456871968982E-5
7.0407503411798E-5
7.0358217402726E-5
7.0309013724152E-5
7.0259892159245E-5
7.0210852491955E-5
7.0161894507007E-5
7.0113017989894E-5
7.0064222726885E-5
7.0015508505007E-5
6.9966875112056E-5
6.9918322336578E-5
6.986984996788E-5
6.9821457796019E-5
6.9773145611797E-5
6.9724913206764E-5
6.967676037321E-5
6.9628686904163E-5
6.9580692593385E-5
6.9532777235369E-5
6.9484940625339E-5
6.9437182559239E-5
6.9389502833739E-5
6.9341901246224E-5
6.9294377594795E-5
6.9246931678267E-5
6.919956329616E-5
6.9152272248701E-5
6.9105058336821E-5
6.9057921362147E-5
6.9010861127005E-5
6.8963877434413E-5
6.8916970088079E-5
6.8870138892398E-5
6.8823383652447E-5
6.8776704173987E-5
6.8730100263455E-5
6.8683571727962E-5
6.8637118375293E-5
6.8590740013899E-5
6.8544436452901E-5
6.8498207502079E-5
6.8452052971875E-5
6.8405972673388E-5
6.8359966418372E-5
6.8314034019229E-5
6.8268175289015E-5
6.8222390041427E-5
6.8176678090806E-5
6.8131039252136E-5
6.8085473341034E-5
6.8039980173756E-5
6.7994559567185E-5
6.7949211338836E-5
6.7903935306849E-5
6.785873128999E-5
6.7813599107641E-5
6.7768538579807E-5
6.7723549527106E-5
6.767863177077E-5
6.763378513264E-5
6.7589009435164E-5
6.7544304501397E-5
6.7499670154994E-5
6.7455106220211E-5
6.7410612521902E-5
6.7366188885512E-5
6.7321835137082E-5
6.727755110324E-5
6.7233336611202E-5
6.7189191488768E-5
6.714511556432E-5
6.7101108666818E-5
6.7057170625801E-5
6.7013301271382E-5
6.6969500434244E-5
6.6925767945643E-5
6.6882103637398E-5
6.6838507341897E-5
6.6794978892087E-5
6.6751518121477E-5
6.6708124864132E-5
6.6664798954673E-5
6.6621540228273E-5
6.6578348520656E-5
6.6535223668096E-5
6.649216550741E-5
6.644917387596E-5
6.6406248611649E-5
6.6363389552918E-5
6.6320596538746E-5
6.6277869408646E-5
6.6235208002664E-5
6.6192612161373E-5
6.6150081725878E-5
6.6107616537807E-5
6.606521643931E-5
6.6022881273062E-5
6.5980610882253E-5
6.5938405110592E-5
6.5896263802302E-5
6.5854186802119E-5
6.5812173955289E-5
6.5770225107564E-5
6.5728340105207E-5
6.5686518794981E-5
6.5644761024153E-5
6.5603066640488E-5
6.5561435492249E-5
6.5519867428197E-5
6.5478362297584E-5
6.5436919950155E-5
6.5395540236143E-5
6.5354223006272E-5
6.5312968111747E-5
6.5271775404259E-5
6.5230644735982E-5
6.5189575959566E-5
6.5148568928141E-5
6.5107623495313E-5
6.506673951516E-5
6.5025916842233E-5
6.4985155331551E-5
6.4944454838603E-5
6.4903815219344E-5
6.4863236330191E-5
6.4822718028025E-5
6.4782260170186E-5
6.4741862614475E-5
6.4701525219145E-5
6.4661247842908E-5
6.4621030344928E-5
6.4580872584817E-5
6.454077442264E-5
6.4500735718908E-5
6.4460756334576E-5
6.4420836131045E-5
6.4380974970156E-5
6.4341172714193E-5
6.4301429225875E-5
6.426174436836E-5
6.422211800524E-5
6.4182550000539E-5
6.4143040218715E-5
6.4103588524653E-5
6.4064194783668E-5
6.40248588615E-5
6.3985580624314E-5
6.3946359938697E-5
6.3907196671658E-5
6.3868090690625E-5
6.3829041863444E-5
6.3790050058376E-5
6.3751115144099E-5
6.37122369897E-5
6.367341546468E-5
6.363465043895E-5
6.3595941782826E-5
6.3557289367032E-5
6.3518693062697E-5
6.3480152741351E-5
6.3441668274928E-5
6.340323953576E-5
6.3364866396578E-5
6.332654873051E-5
6.3288286411078E-5
6.3250079312199E-5
6.321192730818E-5
6.3173830273721E-5
6.3135788083909E-5
6.309780061422E-5
6.3059867740513E-5
6.3021989339034E-5
6.2984165286412E-5
6.2946395459656E-5
6.2908679736155E-5
6.2871017993676E-5
6.2833410110365E-5
6.2795855964741E-5
6.2758355435698E-5
6.2720908402503E-5
6.2683514744793E-5
6.2646174342575E-5
6.2608887076225E-5
6.2571652826483E-5
6.2534471474458E-5
6.2497342901621E-5
6.2460266989806E-5
6.2423243621206E-5
6.2386272678378E-5
6.2349354044232E-5
6.2312487602039E-5
6.2275673235424E-5
6.2238910828367E-5
6.2202200265198E-5
6.2165541430603E-5
6.2128934209614E-5
6.2092378487613E-5
6.2055874150331E-5
6.2019421083842E-5
6.1983019174569E-5
6.1946668309273E-5
6.1910368375063E-5
6.1874119259383E-5
6.1837920850021E-5
6.1801773035101E-5
6.1765675703083E-5
6.1729628742766E-5
6.169363204328E-5
6.165768549409E-5
6.1621788984991E-5
6.1585942406111E-5
6.1550145647905E-5
6.1514398601156E-5
6.1478701156977E-5
6.1443053206802E-5
6.1407454642394E-5
6.1371905355834E-5
6.1336405239529E-5
6.1300954186204E-5
6.1265552088907E-5
6.1230198840999E-5
6.1194894336162E-5
6.1159638468392E-5
6.1124431132001E-5
6.1089272221614E-5
6.1054161632167E-5
6.1019099258908E-5
6.0984084997397E-5
6.0949118743499E-5
6.0914200393389E-5
6.0879329843547E-5
6.0844506990762E-5
6.0809731732121E-5
6.077500396502E-5
6.0740323587153E-5
6.0705690496518E-5
6.0671104591409E-5
6.0636565770422E-5
6.0602073932448E-5
6.0567628976675E-5
6.0533230802587E-5
6.0498879309962E-5
6.046457439887E-5
6.0430315969674E-5
6.0396103923028E-5
6.0361938159875E-5
6.0327818581447E-5
6.0293745089264E-5
6.0259717585132E-5
6.0225735971144E-5
6.0191800149676E-5
6.0157910023389E-5
6.0124065495223E-5
6.0090266468403E-5
6.0056512846435E-5
6.0022804533099E-5
5.998914143246E-5
5.9955523448854E-5
5.9921950486899E-5
5.9888422451485E-5
5.9854939247776E-5
5.982150078121E-5
5.9788106957497E-5
5.9754757682619E-5
5.9721452862829E-5
5.9688192404646E-5
5.9654976214861E-5
5.9621804200529E-5
5.9588676268975E-5
5.9555592327785E-5
5.9522552284814E-5
5.9489556048178E-5
5.9456603526255E-5
5.9423694627686E-5
5.9390829261372E-5
5.9358007336474E-5
5.9325228762411E-5
5.929249344886E-5
5.9259801305755E-5
5.9227152243287E-5
5.91945461719E-5
5.9161983002293E-5
5.912946264542E-5
5.9096985012484E-5
5.9064550014942E-5
5.90321575645E-5
5.8999807573114E-5
5.8967499952989E-5
5.8935234616578E-5
5.890301147658E-5
5.8870830445941E-5
5.8838691437851E-5
5.8806594365745E-5
5.8774539143302E-5
5.8742525684442E-5
5.8710553903329E-5
5.8678623714365E-5
5.8646735032193E-5
5.8614887771697E-5
5.8583081847998E-5
5.8551317176452E-5
5.8519593672655E-5
5.8487911252437E-5
5.8456269831863E-5
5.8424669327234E-5
5.839310965508E-5
5.8361590732169E-5
5.8330112475496E-5
5.8298674802289E-5
5.8267277630004E-5
5.823592087633E-5
5.820460445918E-5
5.8173328296698E-5
5.8142092307252E-5
5.8110896409437E-5
5.8079740522075E-5
5.8048624564209E-5
5.8017548455109E-5
5.7986512114265E-5
5.795551546139E-5
5.7924558416419E-5
5.7893640899507E-5
5.7862762831029E-5
5.7831924131577E-5
5.7801124721965E-5
5.777036452322E-5
5.7739643456589E-5
5.7708961443534E-5
5.7678318405731E-5
5.7647714265073E-5
5.7617148943663E-5
5.758662236382E-5
5.7556134448075E-5
5.7525685119167E-5
5.7495274300051E-5
5.7464901913889E-5
5.7434567884051E-5
5.7404272134119E-5
5.737401458788E-5
5.7343795169329E-5
5.7313613802669E-5
5.7283470412306E-5
5.7253364922852E-5
5.7223297259125E-5
5.7193267346144E-5
5.7163275109132E-5
5.7133320473515E-5
5.7103403364919E-5
5.7073523709171E-5
5.70436814323E-5
5.7013876460533E-5
5.6984108720294E-5
5.6954378138209E-5
5.6924684641098E-5
5.689502815598E-5
5.6865408610068E-5
5.6835825930772E-5
5.6806280045696E-5
5.6776770882639E-5
5.6747298369592E-5
5.671786243474E-5
5.668846300646E-5
5.6659100013318E-5
5.6629773384075E-5
5.6600483047678E-5
5.6571228933267E-5
5.6542010970168E-5
5.6512829087899E-5
5.648368321616E-5
5.6454573284843E-5
5.6425499224025E-5
5.6396460963966E-5
5.6367458435115E-5
5.6338491568103E-5
5.6309560293745E-5
5.6280664543042E-5
5.6251804247172E-5
5.6222979337501E-5
5.6194189745573E-5
5.6165435403114E-5
5.6136716242028E-5
5.6108032194402E-5
5.6079383192499E-5
5.6050769168763E-5
5.6022190055813E-5
5.5993645786448E-5
5.5965136293641E-5
5.5936661510542E-5
5.5908221370478E-5
5.5879815806949E-5
5.5851444753628E-5
5.5823108144366E-5
5.5794805913183E-5
5.5766537994273E-5
5.5738304322002E-5
5.5710104830908E-5
5.5681939455699E-5
5.5653808131253E-5
5.5625710792618E-5
5.5597647375012E-5
5.556961781382E-5
5.5541622044597E-5
5.5513660003063E-5
5.5485731625107E-5
5.5457836846784E-5
5.5429975604313E-5
5.5402147834082E-5
5.5374353472639E-5
5.5346592456701E-5
5.5318864723145E-5
5.5291170209012E-5
5.5263508851506E-5
5.5235880587994E-5
5.5208285356002E-5
5.5180723093222E-5
5.5153193737499E-5
5.5125697226844E-5
5.5098233499425E-5
5.5070802493569E-5
5.5043404147763E-5
5.5016038400648E-5
5.4988705191028E-5
5.4961404457859E-5
5.4934136140255E-5
5.4906900177486E-5
5.4879696508977E-5
5.485252507431E-5
5.4825385813218E-5
5.4798278665588E-5
5.4771203571464E-5
5.4744160471038E-5
5.4717149304659E-5
5.4690170012824E-5
5.4663222536183E-5
5.4636306815536E-5
5.4609422791836E-5
5.4582570406184E-5
5.4555749599829E-5
5.4528960314171E-5
5.4502202490758E-5
5.4475476071285E-5
5.4448780997597E-5
5.4422117211683E-5
5.439548465568E-5
5.4368883271872E-5
5.4342313002686E-5
5.4315773790698E-5
5.4289265578624E-5
5.4262788309329E-5
5.4236341925817E-5
5.4209926371239E-5
5.4183541588888E-5
5.4157187522199E-5
5.4130864114749E-5
5.4104571310256E-5
5.4078309052581E-5
5.4052077285722E-5
5.4025875953821E-5
5.3999705001157E-5
5.397356437215E-5
5.3947454011357E-5
5.3921373863476E-5
5.389532387334E-5
5.3869303985922E-5
5.3843314146331E-5
5.3817354299813E-5
5.3791424391749E-5
5.3765524367656E-5
5.3739654173189E-5
5.3713813754136E-5
5.3688003056418E-5
5.3662222026092E-5
5.3636470609348E-5
5.3610748752511E-5
5.3585056402035E-5
5.355939350451E-5
5.3533760006657E-5
5.3508155855328E-5
5.3482580997505E-5
5.3457035380305E-5
5.3431518950971E-5
5.3406031656877E-5
5.3380573445528E-5
5.3355144264557E-5
5.3329744061726E-5
5.3304372784925E-5
5.3279030382172E-5
5.3253716801613E-5
5.3228431991522E-5
5.3203175900297E-5
5.3177948476464E-5
5.3152749668675E-5
5.3127579425708E-5
5.3102437696466E-5
5.3077324429976E-5
5.3052239575389E-5
5.3027183081982E-5
5.3002154899155E-5
5.2977154976429E-5
5.295218326345E-5
5.2927239709988E-5
5.2902324265931E-5
5.2877436881292E-5
5.2852577506205E-5
5.2827746090923E-5
5.2802942585822E-5
5.2778166941396E-5
5.2753419108261E-5
5.2728699037152E-5
5.2704006678922E-5
5.2679341984543E-5
5.2654704905107E-5
5.2630095391823E-5
5.2605513396017E-5
5.2580958869134E-5
5.2556431762733E-5
5.2531932028495E-5
5.2507459618211E-5
5.2483014483792E-5
5.2458596577263E-5
5.2434205850765E-5
5.2409842256552E-5
5.2385505746996E-5
5.236119627458E-5
5.2336913791903E-5
5.2312658251674E-5
5.228842960672E-5
5.2264227809977E-5
5.2240052814494E-5
5.2215904573435E-5
5.2191783040071E-5
5.2167688167789E-5
5.2143619910084E-5
5.2119578220563E-5
5.2095563052943E-5
5.2071574361052E-5
5.2047612098826E-5
5.2023676220313E-5
5.1999766679666E-5
5.1975883431152E-5
5.1952026429142E-5
5.1928195628118E-5
5.1904390982668E-5
5.1880612447487E-5
5.185685997738E-5
5.1833133527257E-5
5.1809433052133E-5
5.1785758507132E-5
5.1762109847482E-5
5.1738487028517E-5
5.1714890005677E-5
5.1691318734505E-5
5.1667773170652E-5
5.1644253269869E-5
5.1620758988015E-5
5.1597290281049E-5
5.1573847105036E-5
5.1550429416143E-5
5.152703717064E-5
5.1503670324901E-5
5.1480328835397E-5
5.1457012658708E-5
5.143372175151E-5
5.1410456070582E-5
5.1387215572804E-5
5.1364000215159E-5
5.1340809954725E-5
5.1317644748685E-5
5.1294504554319E-5
5.1271389329008E-5
5.1248299030231E-5
5.1225233615565E-5
5.1202193042688E-5
5.1179177269376E-5
5.1156186253502E-5
5.1133219953035E-5
5.1110278326045E-5
5.1087361330697E-5
5.1064468925253E-5
5.1041601068072E-5
5.1018757717609E-5
5.0995938832415E-5
5.0973144371138E-5
5.0950374292518E-5
5.0927628555394E-5
5.0904907118698E-5
5.0882209941457E-5
5.0859536982791E-5
5.0836888201917E-5
5.0814263558143E-5
5.0791663010872E-5
5.0769086519599E-5
5.0746534043914E-5
5.0724005543496E-5
5.0701500978122E-5
5.0679020307656E-5
5.0656563492057E-5
5.0634130491373E-5
5.0611721265746E-5
5.0589335775408E-5
5.0566973980682E-5
5.054463584198E-5
5.0522321319806E-5
5.0500030374755E-5
5.0477762967509E-5
5.0455519058842E-5
5.0433298609615E-5
5.0411101580781E-5
5.0388927933378E-5
5.0366777628535E-5
5.034465062747E-5
5.0322546891487E-5
5.0300466381977E-5
5.0278409060421E-5
5.0256374888387E-5
5.0234363827528E-5
5.0212375839584E-5
5.0190410886384E-5
5.0168468929841E-5
5.0146549931954E-5
5.0124653854809E-5
5.0102780660576E-5
5.0080930311512E-5
5.0059102769957E-5
5.0037297998336E-5
5.0015515959162E-5
4.9993756615027E-5
4.9972019928611E-5
4.9950305862676E-5
4.9928614380068E-5
4.9906945443716E-5
4.9885299016632E-5
4.9863675061913E-5
4.9842073542734E-5
4.9820494422358E-5
4.9798937664126E-5
4.9777403231463E-5
4.9755891087875E-5
4.9734401196948E-5
4.9712933522352E-5
4.9691488027836E-5
4.9670064677231E-5
4.9648663434448E-5
4.9627284263477E-5
4.9605927128391E-5
4.958459199334E-5
4.9563278822556E-5
4.9541987580348E-5
4.9520718231106E-5
4.9499470739297E-5
4.9478245069471E-5
4.9457041186252E-5
4.9435859054343E-5
4.9414698638528E-5
4.9393559903666E-5
4.9372442814694E-5
4.9351347336628E-5
4.9330273434559E-5
4.9309221073656E-5
4.9288190219167E-5
4.9267180836412E-5
4.9246192890792E-5
4.922522634778E-5
4.9204281172928E-5
4.9183357331863E-5
4.9162454790286E-5
4.9141573513975E-5
4.9120713468783E-5
4.9099874620636E-5
4.9079056935536E-5
4.9058260379562E-5
4.9037484918862E-5
4.9016730519662E-5
4.899599714826E-5
4.8975284771029E-5
4.8954593354415E-5
4.8933922864936E-5
4.8913273269183E-5
4.8892644533823E-5
4.8872036625592E-5
4.8851449511299E-5
4.8830883157828E-5
4.8810337532132E-5
4.8789812601237E-5
4.8769308332241E-5
4.8748824692311E-5
4.872836164869E-5
4.8707919168688E-5
4.8687497219686E-5
4.8667095769138E-5
4.8646714784567E-5
4.8626354233565E-5
4.8606014083797E-5
4.8585694302996E-5
4.8565394858965E-5
4.8545115719576E-5
4.8524856852772E-5
4.8504618226562E-5
4.8484399809028E-5
4.8464201568318E-5
4.8444023472649E-5
4.8423865490305E-5
4.8403727589642E-5
4.838360973908E-5
4.836351190711E-5
4.8343434062288E-5
4.8323376173239E-5
4.8303338208654E-5
4.8283320137293E-5
4.8263321927982E-5
4.8243343549613E-5
4.8223384971144E-5
4.8203446161601E-5
4.8183527090076E-5
4.8163627725726E-5
4.8143748037775E-5
4.8123887995511E-5
4.8104047568289E-5
4.8084226725528E-5
4.8064425436714E-5
4.8044643671395E-5
4.8024881399187E-5
4.8005138589769E-5
4.7985415212883E-5
4.7965711238338E-5
4.7946026636005E-5
4.7926361375819E-5
4.7906715427782E-5
4.7887088761954E-5
4.7867481348462E-5
4.7847893157496E-5
4.7828324159308E-5
4.7808774324213E-5
4.7789243622589E-5
4.7769732024878E-5
4.7750239501582E-5
4.7730766023265E-5
4.7711311560556E-5
4.7691876084143E-5
4.7672459564776E-5
4.7653061973268E-5
4.7633683280492E-5
4.7614323457384E-5
4.7594982474939E-5
4.7575660304213E-5
4.7556356916324E-5
4.7537072282451E-5
4.7517806373831E-5
4.7498559161763E-5
4.7479330617606E-5
4.7460120712778E-5
4.7440929418757E-5
4.7421756707082E-5
4.740260254935E-5
4.7383466917217E-5
4.73643497824E-5
4.7345251116673E-5
4.7326170891869E-5
4.7307109079881E-5
4.7288065652659E-5
4.7269040582213E-5
4.725003384061E-5
4.7231045399974E-5
4.721207523249E-5
4.7193123310398E-5
4.7174189605997E-5
4.7155274091642E-5
4.7136376739747E-5
4.7117497522782E-5
4.7098636413274E-5
4.7079793383809E-5
4.7060968407026E-5
4.7042161455622E-5
4.7023372502353E-5
4.7004601520027E-5
4.6985848481511E-5
4.6967113359726E-5
4.6948396127652E-5
4.692969675832E-5
4.6911015224821E-5
4.6892351500298E-5
4.6873705557951E-5
4.6855077371035E-5
4.6836466912859E-5
4.6817874156789E-5
4.6799299076242E-5
4.6780741644693E-5
4.6762201835668E-5
4.6743679622752E-5
4.6725174979578E-5
4.6706687879839E-5
4.6688218297277E-5
4.666976620569E-5
4.665133157893E-5
4.66329143909E-5
4.661451461556E-5
4.6596132226918E-5
4.657776719904E-5
4.6559419506042E-5
4.6541089122093E-5
4.6522776021416E-5
4.6504480178284E-5
4.6486201567024E-5
4.6467940162016E-5
4.6449695937689E-5
4.6431468868528E-5
4.6413258929065E-5
4.6395066093887E-5
4.6376890337632E-5
4.6358731634989E-5
4.6340589960698E-5
4.6322465289549E-5
4.6304357596387E-5
4.6286266856102E-5
4.626819304364E-5
4.6250136133994E-5
4.6232096102209E-5
4.6214072923381E-5
4.6196066572654E-5
4.6178077025224E-5
4.6160104256336E-5
4.6142148241285E-5
4.6124208955416E-5
4.6106286374123E-5
4.608838047285E-5
4.607049122709E-5
4.6052618612384E-5
4.6034762604325E-5
4.6016923178552E-5
4.5999100310755E-5
4.598129397667E-5
4.5963504152084E-5
4.5945730812832E-5
4.5927973934797E-5
4.5910233493909E-5
4.5892509466147E-5
4.587480182754E-5
4.5857110554161E-5
4.5839435622133E-5
4.5821777007626E-5
4.5804134686859E-5
4.5786508636095E-5
4.5768898831648E-5
4.5751305249875E-5
4.5733727867184E-5
4.5716166660027E-5
4.5698621604905E-5
4.5681092678365E-5
4.5663579856997E-5
4.5646083117443E-5
4.5628602436389E-5
4.5611137790564E-5
4.5593689156748E-5
4.5576256511764E-5
4.5558839832483E-5
4.5541439095818E-5
4.5524054278731E-5
4.5506685358228E-5
4.5489332311362E-5
4.5471995115227E-5
4.5454673746968E-5
4.5437368183771E-5
4.5420078402868E-5
4.5402804381536E-5
4.5385546097095E-5
4.5368303526912E-5
4.5351076648398E-5
4.5333865439007E-5
4.5316669876239E-5
4.5299489937636E-5
4.5282325600786E-5
4.5265176843319E-5
4.5248043642911E-5
4.523092597728E-5
4.5213823824189E-5
4.5196737161443E-5
4.517966596689E-5
4.5162610218424E-5
4.514556989398E-5
4.5128544971536E-5
4.5111535429113E-5
4.5094541244776E-5
4.5077562396631E-5
4.506059886283E-5
4.5043650621561E-5
4.5026717651063E-5
4.5009799929609E-5
4.499289743552E-5
4.4976010147157E-5
4.4959138042923E-5
4.4942281101263E-5
4.4925439300662E-5
4.4908612619651E-5
4.4891801036799E-5
4.4875004530717E-5
4.4858223080059E-5
4.4841456663519E-5
4.4824705259831E-5
4.4807968847773E-5
4.4791247406162E-5
4.4774540913856E-5
4.4757849349754E-5
4.4741172692796E-5
4.4724510921961E-5
4.4707864016272E-5
4.4691231954788E-5
4.4674614716612E-5
4.4658012280885E-5
4.464142462679E-5
4.4624851733546E-5
4.4608293580417E-5
4.4591750146703E-5
4.4575221411746E-5
4.4558707354926E-5
4.4542207955663E-5
4.4525723193417E-5
4.4509253047687E-5
4.4492797498011E-5
4.4476356523966E-5
4.4459930105169E-5
4.4443518221274E-5
4.4427120851975E-5
4.4410737977006E-5
4.4394369576137E-5
4.4378015629179E-5
4.436167611598E-5
4.4345351016427E-5
4.4329040310445E-5
4.4312743977997E-5
4.4296461999084E-5
4.4280194353747E-5
4.4263941022061E-5
4.4247701984142E-5
4.4231477220144E-5
4.4215266710256E-5
4.4199070434706E-5
4.418288837376E-5
4.4166720507721E-5
4.4150566816928E-5
4.413442728176E-5
4.4118301882629E-5
4.4102190599989E-5
4.4086093414326E-5
4.4070010306167E-5
4.4053941256072E-5
4.4037886244641E-5
4.4021845252508E-5
4.4005818260346E-5
4.3989805248861E-5
4.3973806198799E-5
4.395782109094E-5
4.3941849906101E-5
4.3925892625134E-5
4.3909949228928E-5
4.3894019698407E-5
4.3878104014531E-5
4.3862202158298E-5
4.3846314110738E-5
4.3830439852917E-5
4.381457936594E-5
4.3798732630945E-5
4.3782899629103E-5
4.3767080341625E-5
4.3751274749752E-5
4.3735482834765E-5
4.3719704577976E-5
4.3703939960735E-5
4.3688188964423E-5
4.367245157046E-5
4.3656727760298E-5
4.3641017515423E-5
4.3625320817358E-5
4.3609637647658E-5
4.3593967987914E-5
4.3578311819749E-5
4.3562669124824E-5
4.3547039884829E-5
4.3531424081492E-5
4.3515821696574E-5
4.3500232711868E-5
4.3484657109203E-5
4.346909487044E-5
4.3453545977475E-5
4.3438010412236E-5
4.3422488156685E-5
4.3406979192819E-5
4.3391483502666E-5
4.3376001068288E-5
4.336053187178E-5
4.334507589527E-5
4.3329633120919E-5
4.3314203530921E-5
4.3298787107503E-5
4.3283383832925E-5
4.3267993689478E-5
4.3252616659487E-5
4.323725272531E-5
4.3221901869336E-5
4.3206564073987E-5
4.3191239321717E-5
4.3175927595012E-5
4.3160628876392E-5
4.3145343148406E-5
4.3130070393638E-5
4.3114810594702E-5
4.3099563734243E-5
4.308432979494E-5
4.3069108759503E-5
4.3053900610672E-5
4.3038705331221E-5
4.3023522903954E-5
4.3008353311707E-5
4.2993196537346E-5
4.2978052563769E-5
4.2962921373906E-5
4.2947802950718E-5
4.2932697277196E-5
4.2917604336362E-5
4.2902524111269E-5
4.2887456585002E-5
4.2872401740675E-5
4.2857359561434E-5
4.2842330030455E-5
4.2827313130945E-5
4.281230884614E-5
4.2797317159309E-5
4.2782338053748E-5
4.2767371512786E-5
4.2752417519781E-5
4.2737476058121E-5
4.2722547111224E-5
4.2707630662539E-5
4.2692726695544E-5
4.2677835193747E-5
4.2662956140686E-5
4.2648089519927E-5
4.2633235315069E-5
4.2618393509737E-5
4.2603564087589E-5
4.2588747032309E-5
4.2573942327612E-5
4.2559149957243E-5
4.2544369904976E-5
4.2529602154611E-5
4.2514846689982E-5
4.2500103494949E-5
4.2485372553401E-5
4.2470653849258E-5
4.2455947366465E-5
4.2441253089001E-5
4.2426571000868E-5
4.2411901086102E-5
4.2397243328764E-5
4.2382597712943E-5
4.2367964222761E-5
4.2353342842362E-5
4.2338733555924E-5
4.232413634765E-5
4.2309551201772E-5
4.229497810255E-5
4.2280417034273E-5
4.2265867981256E-5
4.2251330927844E-5
4.2236805858409E-5
4.2222292757351E-5
4.2207791609096E-5
4.2193302398101E-5
4.2178825108848E-5
4.2164359725847E-5
4.2149906233637E-5
4.2135464616782E-5
4.2121034859876E-5
4.2106616947537E-5
4.2092210864414E-5
4.207781659518E-5
4.2063434124538E-5
4.2049063437215E-5
4.2034704517967E-5
4.2020357351577E-5
4.2006021922854E-5
4.1991698216634E-5
4.1977386217779E-5
4.1963085911181E-5
4.1948797281754E-5
4.1934520314442E-5
4.1920254994215E-5
4.1906001306067E-5
4.1891759235022E-5
4.1877528766127E-5
4.1863309884457E-5
4.1849102575114E-5
4.1834906823225E-5
4.1820722613942E-5
4.1806549932446E-5
4.1792388763942E-5
4.1778239093661E-5
4.176410090686E-5
4.1749974188823E-5
4.1735858924857E-5
4.1721755100298E-5
4.1707662700506E-5
4.1693581710866E-5
4.1679512116789E-5
4.1665453903713E-5
4.1651407057099E-5
4.1637371562435E-5
4.1623347405233E-5
4.1609334571032E-5
4.1595333045395E-5
4.1581342813911E-5
4.1567363862192E-5
4.1553396175877E-5
4.1539439740631E-5
4.152549454214E-5
4.1511560566119E-5
4.1497637798305E-5
4.1483726224461E-5
4.1469825830375E-5
4.145593660186E-5
4.1442058524751E-5
4.142819158491E-5
4.1414335768223E-5
4.1400491060601E-5
4.1386657447976E-5
4.137283491631E-5
4.1359023451584E-5
4.1345223039807E-5
4.133143366701E-5
4.1317655319247E-5
4.13038879826E-5
4.1290131643173E-5
4.1276386287091E-5
4.1262651900508E-5
4.1248928469599E-5
4.1235215980563E-5
4.1221514419623E-5
4.1207823773025E-5
4.1194144027041E-5
4.1180475167963E-5
4.116681718211E-5
4.1153170055822E-5
4.1139533775464E-5
4.1125908327423E-5
4.1112293698111E-5
4.1098689873962E-5
4.1085096841434E-5
4.1071514587007E-5
4.1057943097185E-5
4.1044382358496E-5
4.103083235749E-5
4.1017293080738E-5
4.1003764514839E-5
4.0990246646409E-5
4.0976739462092E-5
4.096324294855E-5
4.0949757092473E-5
4.0936281880569E-5
4.0922817299571E-5
4.0909363336234E-5
4.0895919977336E-5
4.0882487209677E-5
4.086906502008E-5
4.0855653395389E-5
4.0842252322473E-5
4.0828861788219E-5
4.0815481779541E-5
4.0802112283373E-5
4.078875328667E-5
4.0775404776411E-5
4.0762066739596E-5
4.0748739163248E-5
4.0735422034412E-5
4.0722115340153E-5
4.0708819067559E-5
4.0695533203741E-5
4.068225773583E-5
4.066899265098E-5
4.0655737936366E-5
4.0642493579185E-5
4.0629259566655E-5
4.0616035886016E-5
4.0602822524529E-5
4.0589619469478E-5
4.0576426708167E-5
4.0563244227921E-5
4.0550072016088E-5
4.0536910060035E-5
4.0523758347152E-5
4.051061686485E-5
4.0497485600561E-5
4.0484364541736E-5
4.0471253675852E-5
4.0458152990401E-5
4.0445062472901E-5
4.0431982110888E-5
4.0418911891919E-5
4.0405851803573E-5
4.0392801833449E-5
4.0379761969168E-5
4.036673219837E-5
4.0353712508716E-5
4.0340702887888E-5
4.0327703323588E-5
4.031471380354E-5
4.0301734315488E-5
4.0288764847194E-5
4.0275805386444E-5
4.0262855921042E-5
4.0249916438812E-5
4.0236986927601E-5
4.0224067375273E-5
4.0211157769713E-5
4.0198258098829E-5
4.0185368350545E-5
4.0172488512808E-5
4.0159618573582E-5
4.0146758520855E-5
4.0133908342631E-5
4.0121068026936E-5
4.0108237561816E-5
4.0095416935336E-5
4.008260613558E-5
4.0069805150654E-5
4.0057013968682E-5
4.0044232577808E-5
4.0031460966195E-5
4.0018699122027E-5
4.0005947033505E-5
3.9993204688853E-5
3.9980472076312E-5
3.9967749184142E-5
3.9955036000623E-5
3.9942332514056E-5
3.9929638712759E-5
3.991695458507E-5
3.9904280119346E-5
3.9891615303963E-5
3.9878960127318E-5
3.9866314577823E-5
3.9853678643914E-5
3.9841052314042E-5
3.9828435576678E-5
3.9815828420314E-5
3.9803230833458E-5
3.9790642804638E-5
3.9778064322402E-5
3.9765495375314E-5
3.9752935951959E-5
3.974038604094E-5
3.9727845630878E-5
3.9715314710414E-5
3.9702793268206E-5
3.9690281292932E-5
3.9677778773286E-5
3.9665285697984E-5
3.9652802055758E-5
3.9640327835358E-5
3.9627863025555E-5
3.9615407615134E-5
3.9602961592903E-5
3.9590524947685E-5
3.9578097668322E-5
3.9565679743675E-5
3.9553271162622E-5
3.9540871914059E-5
3.95284819869E-5
3.9516101370079E-5
3.9503730052545E-5
3.9491368023268E-5
3.9479015271232E-5
3.9466671785443E-5
3.9454337554921E-5
3.9442012568707E-5
3.9429696815857E-5
3.9417390285448E-5
3.9405092966571E-5
3.9392804848336E-5
3.9380525919873E-5
3.9368256170325E-5
3.9355995588856E-5
3.9343744164646E-5
3.9331501886894E-5
3.9319268744814E-5
3.930704472764E-5
3.929482982462E-5
3.9282624025023E-5
3.9270427318133E-5
3.9258239693251E-5
3.9246061139697E-5
3.9233891646806E-5
3.9221731203933E-5
3.9209579800447E-5
3.9197437425735E-5
3.9185304069202E-5
3.917317972027E-5
3.9161064368376E-5
3.9148958002976E-5
3.9136860613543E-5
3.9124772189564E-5
3.9112692720546E-5
3.9100622196012E-5
3.90885606055E-5
3.9076507938567E-5
3.9064464184786E-5
3.9052429333745E-5
3.9040403375051E-5
3.9028386298326E-5
3.901637809321E-5
3.9004378749358E-5
3.8992388256442E-5
3.898040660415E-5
3.8968433782188E-5
3.8956469780276E-5
3.8944514588153E-5
3.8932568195572E-5
3.8920630592303E-5
3.8908701768134E-5
3.8896781712866E-5
3.8884870416318E-5
3.8872967868327E-5
3.8861074058741E-5
3.884918897743E-5
3.8837312614276E-5
3.8825444959178E-5
3.8813586002051E-5
3.8801735732828E-5
3.8789894141454E-5
3.8778061217894E-5
3.8766236952125E-5
3.8754421334143E-5
3.8742614353958E-5
3.8730816001596E-5
3.87190262671E-5
3.8707245140526E-5
3.8695472611949E-5
3.8683708671458E-5
3.8671953309156E-5
3.8660206515164E-5
3.8648468279619E-5
3.863673859267E-5
3.8625017444486E-5
3.8613304825247E-5
3.8601600725152E-5
3.8589905134413E-5
3.857821804326E-5
3.8566539441935E-5
3.8554869320697E-5
3.8543207669822E-5
3.8531554479597E-5
3.8519909740329E-5
3.8508273442336E-5
3.8496645575954E-5
3.8485026131532E-5
3.8473415099437E-5
3.8461812470048E-5
3.8450218233761E-5
3.8438632380986E-5
3.8427054902148E-5
3.8415485787687E-5
3.8403925028059E-5
3.8392372613733E-5
3.8380828535194E-5
3.8369292782942E-5
3.8357765347492E-5
3.8346246219372E-5
3.8334735389126E-5
3.8323232847313E-5
3.8311738584507E-5
3.8300252591295E-5
3.828877485828E-5
3.8277305376079E-5
3.8265844135324E-5
3.8254391126661E-5
3.824294634075E-5
3.8231509768268E-5
3.8220081399903E-5
3.820866122636E-5
3.8197249238357E-5
3.8185845426627E-5
3.8174449781917E-5
3.8163062294989E-5
3.8151682956618E-5
3.8140311757595E-5
3.8128948688724E-5
3.8117593740822E-5
3.8106246904723E-5
3.8094908171273E-5
3.8083577531334E-5
3.8072254975779E-5
3.8060940495499E-5
3.8049634081395E-5
3.8038335724385E-5
3.80270454154E-5
3.8015763145384E-5
3.8004488905297E-5
3.7993222686112E-5
3.7981964478814E-5
3.7970714274404E-5
3.7959472063897E-5
3.794823783832E-5
3.7937011588715E-5
3.7925793306138E-5
3.7914582981658E-5
3.7903380606357E-5
3.7892186171333E-5
3.7880999667694E-5
3.7869821086566E-5
3.7858650419085E-5
3.7847487656403E-5
3.7836332789682E-5
3.7825185810102E-5
3.7814046708854E-5
3.7802915477142E-5
3.7791792106185E-5
3.7780676587214E-5
3.7769568911474E-5
3.7758469070223E-5
3.7747377054733E-5
3.7736292856288E-5
3.7725216466188E-5
3.7714147875742E-5
3.7703087076276E-5
3.7692034059128E-5
3.7680988815648E-5
3.76699513372E-5
3.7658921615161E-5
3.7647899640922E-5
3.7636885405886E-5
3.7625878901469E-5
3.76148801191E-5
3.7603889050222E-5
3.759290568629E-5
3.7581930018772E-5
3.7570962039148E-5
3.7560001738914E-5
3.7549049109576E-5
3.7538104142653E-5
3.7527166829678E-5
3.7516237162196E-5
3.7505315131765E-5
3.7494400729956E-5
3.7483493948352E-5
3.747259477855E-5
3.7461703212158E-5
3.7450819240797E-5
3.7439942856102E-5
3.7429074049719E-5
3.7418212813307E-5
3.7407359138538E-5
3.7396513017097E-5
3.7385674440679E-5
3.7374843400994E-5
3.7364019889764E-5
3.7353203898724E-5
3.7342395419618E-5
3.7331594444207E-5
3.7320800964261E-5
3.7310014971563E-5
3.729923645791E-5
3.728846541511E-5
3.7277701834983E-5
3.7266945709362E-5
3.7256197030091E-5
3.7245455789027E-5
3.723472197804E-5
3.7223995589011E-5
3.7213276613833E-5
3.7202565044412E-5
3.7191860872665E-5
3.7181164090523E-5
3.7170474689925E-5
3.7159792662827E-5
3.7149118001194E-5
3.7138450697004E-5
3.7127790742246E-5
3.7117138128921E-5
3.7106492849043E-5
3.7095854894637E-5
3.7085224257741E-5
3.7074600930402E-5
3.7063984904682E-5
3.7053376172653E-5
3.7042774726399E-5
3.7032180558017E-5
3.7021593659614E-5
3.7011014023309E-5
3.7000441641234E-5
3.6989876505531E-5
3.6979318608355E-5
3.6968767941871E-5
3.6958224498257E-5
3.6947688269702E-5
3.6937159248406E-5
3.6926637426582E-5
3.6916122796453E-5
3.6905615350254E-5
3.6895115080232E-5
3.6884621978646E-5
3.6874136037763E-5
3.6863657249865E-5
3.6853185607245E-5
3.6842721102205E-5
3.6832263727061E-5
3.6821813474138E-5
3.6811370335774E-5
3.6800934304318E-5
3.6790505372129E-5
3.6780083531579E-5
3.676966877505E-5
3.6759261094936E-5
3.674886048364E-5
3.673846693358E-5
3.6728080437181E-5
3.6717700986883E-5
3.6707328575133E-5
3.6696963194392E-5
3.6686604837132E-5
3.6676253495834E-5
3.6665909162992E-5
3.6655571831109E-5
3.6645241492701E-5
3.6634918140294E-5
3.6624601766425E-5
3.6614292363642E-5
3.6603989924503E-5
3.6593694441578E-5
3.6583405907447E-5
3.6573124314703E-5
3.6562849655945E-5
3.6552581923788E-5
3.6542321110855E-5
3.653206720978E-5
3.6521820213207E-5
3.6511580113794E-5
3.6501346904206E-5
3.6491120577119E-5
3.6480901125223E-5
3.6470688541214E-5
3.6460482817802E-5
3.6450283947706E-5
3.6440091923656E-5
3.6429906738392E-5
3.6419728384667E-5
3.640955685524E-5
3.6399392142884E-5
3.6389234240381E-5
3.6379083140525E-5
3.6368938836119E-5
3.6358801319975E-5
3.6348670584919E-5
3.6338546623785E-5
3.6328429429418E-5
3.6318318994672E-5
3.6308215312413E-5
3.6298118375517E-5
3.628802817687E-5
3.6277944709368E-5
3.6267867965918E-5
3.6257797939436E-5
3.6247734622848E-5
3.6237678009093E-5
3.6227628091117E-5
3.6217584861877E-5
3.6207548314342E-5
3.6197518441488E-5
3.6187495236304E-5
3.6177478691786E-5
3.6167468800943E-5
3.6157465556793E-5
3.6147468952363E-5
3.613747898069E-5
3.6127495634824E-5
3.6117518907821E-5
3.6107548792749E-5
3.6097585282685E-5
3.6087628370718E-5
3.6077678049944E-5
3.6067734313471E-5
3.6057797154416E-5
3.6047866565905E-5
3.6037942541076E-5
3.6028025073074E-5
3.6018114155057E-5
3.6008209780189E-5
3.5998311941648E-5
3.5988420632618E-5
3.5978535846294E-5
3.5968657575882E-5
3.5958785814596E-5
3.5948920555661E-5
3.5939061792309E-5
3.5929209517785E-5
3.5919363725342E-5
3.5909524408242E-5
3.5899691559757E-5
3.588986517317E-5
3.5880045241772E-5
3.5870231758862E-5
3.5860424717752E-5
3.5850624111762E-5
3.5840829934221E-5
3.5831042178467E-5
3.5821260837848E-5
3.5811485905723E-5
3.5801717375458E-5
3.5791955240429E-5
3.5782199494022E-5
3.5772450129633E-5
3.5762707140665E-5
3.5752970520532E-5
3.5743240262658E-5
3.5733516360474E-5
3.5723798807421E-5
3.5714087596952E-5
3.5704382722525E-5
3.569468417761E-5
3.5684991955685E-5
3.5675306050238E-5
3.5665626454766E-5
3.5655953162774E-5
3.5646286167778E-5
3.5636625463301E-5
3.5626971042877E-5
3.5617322900048E-5
3.5607681028366E-5
3.5598045421391E-5
3.5588416072692E-5
3.5578792975848E-5
3.5569176124447E-5
3.5559565512085E-5
3.5549961132366E-5
3.5540362978907E-5
3.553077104533E-5
3.5521185325267E-5
3.5511605812359E-5
3.5502032500257E-5
3.5492465382619E-5
3.5482904453114E-5
3.5473349705417E-5
3.5463801133215E-5
3.5454258730202E-5
3.544472249008E-5
3.5435192406562E-5
3.5425668473367E-5
3.5416150684227E-5
3.5406639032877E-5
3.5397133513066E-5
3.5387634118549E-5
3.537814084309E-5
3.5368653680463E-5
3.5359172624447E-5
3.5349697668835E-5
3.5340228807423E-5
3.5330766034021E-5
3.5321309342443E-5
3.5311858726516E-5
3.530241418007E-5
3.529297569695E-5
3.5283543271004E-5
3.5274116896091E-5
3.5264696566079E-5
3.5255282274844E-5
3.5245874016269E-5
3.5236471784248E-5
3.5227075572682E-5
3.5217685375479E-5
3.5208301186559E-5
3.5198922999848E-5
3.5189550809279E-5
3.5180184608797E-5
3.5170824392354E-5
3.5161470153909E-5
3.5152121887429E-5
3.5142779586893E-5
3.5133443246284E-5
3.5124112859595E-5
3.5114788420829E-5
3.5105469923994E-5
3.5096157363109E-5
3.5086850732199E-5
3.5077550025299E-5
3.5068255236451E-5
3.5058966359707E-5
3.5049683389125E-5
3.5040406318772E-5
3.5031135142723E-5
3.5021869855062E-5
3.501261044988E-5
3.5003356921276E-5
3.4994109263358E-5
3.4984867470242E-5
3.4975631536051E-5
3.4966401454918E-5
3.4957177220982E-5
3.494795882839E-5
3.4938746271299E-5
3.4929539543872E-5
3.4920338640282E-5
3.4911143554708E-5
3.4901954281337E-5
3.4892770814366E-5
3.4883593147998E-5
3.4874421276444E-5
3.4865255193923E-5
3.4856094894664E-5
3.4846940372901E-5
3.4837791622876E-5
3.4828648638841E-5
3.4819511415055E-5
3.4810379945783E-5
3.48012542253E-5
3.4792134247888E-5
3.4783020007836E-5
3.4773911499443E-5
3.4764808717013E-5
3.475571165486E-5
3.4746620307303E-5
3.4737534668672E-5
3.4728454733303E-5
3.4719380495539E-5
3.4710311949733E-5
3.4701249090242E-5
3.4692191911433E-5
3.4683140407682E-5
3.467409457337E-5
3.4665054402886E-5
3.4656019890628E-5
3.4646991031E-5
3.4637967818416E-5
3.4628950247293E-5
3.4619938312061E-5
3.4610932007154E-5
3.4601931327013E-5
3.459293626609E-5
3.4583946818841E-5
3.4574962979731E-5
3.4565984743233E-5
3.4557012103826E-5
3.4548045055998E-5
3.4539083594243E-5
3.4530127713063E-5
3.4521177406968E-5
3.4512232670473E-5
3.4503293498104E-5
3.4494359884392E-5
3.4485431823875E-5
3.4476509311101E-5
3.4467592340621E-5
3.4458680906998E-5
3.4449775004799E-5
3.4440874628599E-5
3.4431979772982E-5
3.4423090432536E-5
3.441420660186E-5
3.4405328275558E-5
3.439645544824E-5
3.4387588114527E-5
3.4378726269043E-5
3.4369869906423E-5
3.4361019021305E-5
3.4352173608339E-5
3.4343333662179E-5
3.4334499177485E-5
3.4325670148928E-5
3.4316846571183E-5
3.4308028438934E-5
3.429921574687E-5
3.4290408489688E-5
3.4281606662094E-5
3.4272810258798E-5
3.4264019274519E-5
3.4255233703982E-5
3.4246453541921E-5
3.4237678783073E-5
3.4228909422186E-5
3.4220145454013E-5
3.4211386873314E-5
3.4202633674858E-5
3.4193885853417E-5
3.4185143403773E-5
3.4176406320715E-5
3.4167674599038E-5
3.4158948233543E-5
3.4150227219039E-5
3.4141511550343E-5
3.4132801222275E-5
3.4124096229667E-5
3.4115396567355E-5
3.410670223018E-5
3.4098013212994E-5
3.4089329510653E-5
3.408065111802E-5
3.4071978029966E-5
3.4063310241368E-5
3.405464774711E-5
3.4045990542082E-5
3.4037338621181E-5
3.4028691979312E-5
3.4020050611385E-5
3.4011414512317E-5
3.4002783677034E-5
3.3994158100465E-5
3.3985537777548E-5
3.3976922703228E-5
3.3968312872454E-5
3.3959708280186E-5
3.3951108921386E-5
3.3942514791025E-5
3.3933925884081E-5
3.3925342195537E-5
3.3916763720384E-5
3.3908190453619E-5
3.3899622390246E-5
3.3891059525274E-5
3.388250185372E-5
3.3873949370608E-5
3.3865402070967E-5
3.3856859949833E-5
3.384832300225E-5
3.3839791223265E-5
3.3831264607936E-5
3.3822743151323E-5
3.3814226848497E-5
3.3805715694531E-5
3.3797209684507E-5
3.3788708813512E-5
3.3780213076643E-5
3.3771722468998E-5
3.3763236985685E-5
3.3754756621818E-5
3.3746281372516E-5
3.3737811232905E-5
3.3729346198118E-5
3.3720886263294E-5
3.3712431423578E-5
3.3703981674122E-5
3.3695537010082E-5
3.3687097426624E-5
3.3678662918918E-5
3.3670233482139E-5
3.3661809111473E-5
3.3653389802106E-5
3.3644975549235E-5
3.3636566348062E-5
3.3628162193794E-5
3.3619763081645E-5
3.3611369006836E-5
3.3602979964593E-5
3.3594595950148E-5
3.3586216958741E-5
3.3577842985616E-5
3.3569474026025E-5
3.3561110075224E-5
3.3552751128478E-5
3.3544397181055E-5
3.3536048228232E-5
3.352770426529E-5
3.3519365287516E-5
3.3511031290205E-5
3.3502702268656E-5
3.3494378218177E-5
3.3486059134077E-5
3.3477745011677E-5
3.34694358463E-5
3.3461131633275E-5
3.345283236794E-5
3.3444538045636E-5
3.3436248661712E-5
3.3427964211521E-5
3.3419684690424E-5
3.3411410093787E-5
3.3403140416982E-5
3.3394875655387E-5
3.3386615804385E-5
3.3378360859367E-5
3.3370110815729E-5
3.3361865668871E-5
3.3353625414202E-5
3.3345390047135E-5
3.3337159563089E-5
3.3328933957489E-5
3.3320713225766E-5
3.3312497363358E-5
3.3304286365707E-5
3.3296080228261E-5
3.3287878946475E-5
3.3279682515809E-5
3.3271490931729E-5
3.3263304189706E-5
3.3255122285219E-5
3.324694521375E-5
3.3238772970789E-5
3.323060555183E-5
3.3222442952374E-5
3.3214285167928E-5
3.3206132194002E-5
3.3197984026115E-5
3.3189840659791E-5
3.3181702090558E-5
3.3173568313952E-5
3.3165439325513E-5
3.3157315120786E-5
3.3149195695324E-5
3.3141081044685E-5
3.3132971164431E-5
3.3124866050131E-5
3.3116765697359E-5
3.3108670101697E-5
3.3100579258728E-5
3.3092493164045E-5
3.3084411813243E-5
3.3076335201927E-5
3.3068263325703E-5
3.3060196180184E-5
3.3052133760991E-5
3.3044076063747E-5
3.3036023084083E-5
3.3027974817635E-5
3.3019931260043E-5
3.3011892406954E-5
3.300385825402E-5
3.29958287969E-5
3.2987804031256E-5
3.2979783952756E-5
3.2971768557076E-5
3.2963757839894E-5
3.2955751796895E-5
3.294775042377E-5
3.2939753716215E-5
3.2931761669931E-5
3.2923774280624E-5
3.2915791544007E-5
3.2907813455798E-5
3.2899840011718E-5
3.2891871207497E-5
3.2883907038867E-5
3.2875947501569E-5
3.2867992591346E-5
3.2860042303948E-5
3.2852096635129E-5
3.2844155580651E-5
3.2836219136279E-5
3.2828287297784E-5
3.2820360060942E-5
3.2812437421534E-5
3.2804519375348E-5
3.2796605918175E-5
3.2788697045813E-5
3.2780792754065E-5
3.2772893038739E-5
3.2764997895646E-5
3.2757107320607E-5
3.2749221309445E-5
3.2741339857987E-5
3.2733462962069E-5
3.272559061753E-5
3.2717722820213E-5
3.2709859565969E-5
3.2702000850653E-5
3.2694146670123E-5
3.2686297020246E-5
3.2678451896892E-5
3.2670611295936E-5
3.2662775213258E-5
3.2654943644744E-5
3.2647116586285E-5
3.2639294033777E-5
3.2631475983121E-5
3.2623662430222E-5
3.2615853370992E-5
3.2608048801348E-5
3.260024871721E-5
3.2592453114505E-5
3.2584661989165E-5
3.2576875337126E-5
3.2569093154329E-5
3.256131543672E-5
3.2553542180252E-5
3.2545773380882E-5
3.253800903457E-5
3.2530249137283E-5
3.2522493684993E-5
3.2514742673677E-5
3.2506996099316E-5
3.2499253957896E-5
3.2491516245409E-5
3.2483782957852E-5
3.2476054091225E-5
3.2468329641535E-5
3.2460609604794E-5
3.2452893977017E-5
3.2445182754226E-5
3.2437475932446E-5
3.2429773507709E-5
3.2422075476049E-5
3.2414381833509E-5
3.2406692576133E-5
3.2399007699972E-5
3.2391327201081E-5
3.238365107552E-5
3.2375979319354E-5
3.2368311928654E-5
3.2360648899492E-5
3.235299022795E-5
3.234533591011E-5
3.2337685942064E-5
3.2330040319903E-5
3.2322399039727E-5
3.2314762097639E-5
3.2307129489749E-5
3.2299501212167E-5
3.2291877261013E-5
3.2284257632409E-5
3.2276642322482E-5
3.2269031327364E-5
3.2261424643191E-5
3.2253822266106E-5
3.2246224192255E-5
3.2238630417788E-5
3.2231040938861E-5
3.2223455751634E-5
3.2215874852273E-5
3.2208298236946E-5
3.2200725901829E-5
3.21931578431E-5
3.2185594056943E-5
3.2178034539547E-5
3.2170479287103E-5
3.2162928295811E-5
3.2155381561872E-5
3.2147839081492E-5
3.2140300850884E-5
3.2132766866264E-5
3.2125237123852E-5
3.2117711619874E-5
3.2110190350559E-5
3.2102673312142E-5
3.2095160500862E-5
3.2087651912963E-5
3.2080147544693E-5
3.2072647392304E-5
3.2065151452054E-5
3.2057659720205E-5
3.2050172193022E-5
3.2042688866778E-5
3.2035209737747E-5
3.2027734802209E-5
3.2020264056448E-5
3.2012797496754E-5
3.200533511942E-5
3.1997876920744E-5
3.1990422897028E-5
3.1982973044579E-5
3.1975527359708E-5
3.1968085838731E-5
3.1960648477969E-5
3.1953215273745E-5
3.1945786222389E-5
3.1938361320235E-5
3.193094056362E-5
3.1923523948887E-5
3.1916111472383E-5
3.1908703130458E-5
3.1901298919469E-5
3.1893898835774E-5
3.188650287574E-5
3.1879111035733E-5
3.1871723312128E-5
3.1864339701302E-5
3.1856960199637E-5
3.1849584803518E-5
3.1842213509337E-5
3.1834846313488E-5
3.182748321237E-5
3.1820124202387E-5
3.1812769279946E-5
3.180541844146E-5
3.1798071683345E-5
3.1790729002022E-5
3.1783390393915E-5
3.1776055855455E-5
3.1768725383074E-5
3.1761398973211E-5
3.1754076622307E-5
3.1746758326809E-5
3.1739444083168E-5
3.1732133887838E-5
3.1724827737278E-5
3.1717525627952E-5
3.1710227556327E-5
3.1702933518876E-5
3.1695643512074E-5
3.16883575324E-5
3.1681075576341E-5
3.1673797640383E-5
3.1666523721021E-5
3.165925381475E-5
3.1651987918072E-5
3.1644726027493E-5
3.1637468139521E-5
3.1630214250671E-5
3.1622964357459E-5
3.1615718456409E-5
3.1608476544046E-5
3.16012386169E-5
3.1594004671505E-5
3.1586774704401E-5
3.1579548712128E-5
3.1572326691235E-5
3.1565108638272E-5
3.1557894549793E-5
3.1550684422357E-5
3.1543478252529E-5
3.1536276036873E-5
3.1529077771962E-5
3.1521883454371E-5
3.151469308068E-5
3.150750664747E-5
3.1500324151331E-5
3.1493145588853E-5
3.1485970956631E-5
3.1478800251265E-5
3.1471633469359E-5
3.146447060752E-5
3.1457311662359E-5
3.1450156630492E-5
3.1443005508538E-5
3.1435858293122E-5
3.1428714980869E-5
3.1421575568413E-5
3.1414440052388E-5
3.1407308429433E-5
3.1400180696192E-5
3.1393056849312E-5
3.1385936885445E-5
3.1378820801246E-5
3.1371708593373E-5
3.136460025849E-5
3.1357495793264E-5
3.1350395194365E-5
3.1343298458469E-5
3.1336205582255E-5
3.1329116562404E-5
3.1322031395604E-5
3.1314950078544E-5
3.1307872607919E-5
3.1300798980428E-5
3.1293729192772E-5
3.1286663241657E-5
3.1279601123792E-5
3.1272542835893E-5
3.1265488374675E-5
3.1258437736861E-5
3.1251390919176E-5
3.1244347918348E-5
3.1237308731111E-5
3.12302733542E-5
3.1223241784357E-5
3.1216214018326E-5
3.1209190052854E-5
3.1202169884694E-5
3.1195153510601E-5
3.1188140927336E-5
3.118113213166E-5
3.1174127120341E-5
3.116712589015E-5
3.1160128437862E-5
3.1153134760254E-5
3.1146144854108E-5
3.1139158716212E-5
3.1132176343353E-5
3.1125197732326E-5
3.1118222879927E-5
3.1111251782957E-5
3.1104284438221E-5
3.1097320842527E-5
3.1090360992687E-5
3.1083404885516E-5
3.1076452517833E-5
3.1069503886462E-5
3.106255898823E-5
3.1055617819966E-5
3.1048680378505E-5
3.1041746660684E-5
3.1034816663345E-5
3.1027890383332E-5
3.1020967817495E-5
3.1014048962686E-5
3.1007133815761E-5
3.1000222373579E-5
3.0993314633004E-5
3.0986410590903E-5
3.0979510244146E-5
3.0972613589607E-5
3.0965720624165E-5
3.09588313447E-5
3.0951945748097E-5
3.0945063831245E-5
3.0938185591036E-5
3.0931311024365E-5
3.0924440128133E-5
3.0917572899242E-5
3.0910709334599E-5
3.0903849431112E-5
3.0896993185697E-5
3.089014059527E-5
3.0883291656752E-5
3.0876446367068E-5
3.0869604723144E-5
3.0862766721912E-5
3.0855932360308E-5
3.0849101635269E-5
3.0842274543738E-5
3.0835451082659E-5
3.0828631248982E-5
3.0821815039659E-5
3.0815002451647E-5
3.0808193481903E-5
3.0801388127393E-5
3.0794586385081E-5
3.0787788251937E-5
3.0780993724935E-5
3.0774202801052E-5
3.0767415477269E-5
3.0760631750567E-5
3.0753851617936E-5
3.0747075076365E-5
3.0740302122848E-5
3.0733532754384E-5
3.0726766967973E-5
3.072000476062E-5
3.0713246129331E-5
3.0706491071119E-5
3.0699739582998E-5
3.0692991661986E-5
3.0686247305105E-5
3.0679506509379E-5
3.0672769271836E-5
3.0666035589509E-5
3.0659305459432E-5
3.0652578878643E-5
3.0645855844185E-5
3.0639136353101E-5
3.0632420402442E-5
3.0625707989259E-5
3.0618999110606E-5
3.0612293763544E-5
3.0605591945132E-5
3.0598893652438E-5
3.0592198882528E-5
3.0585507632476E-5
3.0578819899356E-5
3.0572135680247E-5
3.056545497223E-5
3.0558777772392E-5
3.055210407782E-5
3.0545433885606E-5
3.0538767192845E-5
3.0532103996636E-5
3.0525444294081E-5
3.0518788082283E-5
3.0512135358352E-5
3.0505486119399E-5
3.0498840362539E-5
3.049219808489E-5
3.0485559283572E-5
3.0478923955711E-5
3.0472292098435E-5
3.0465663708874E-5
3.0459038784163E-5
3.0452417321439E-5
3.0445799317843E-5
3.0439184770519E-5
3.0432573676614E-5
3.0425966033279E-5
3.0419361837667E-5
3.0412761086934E-5
3.0406163778242E-5
3.0399569908754E-5
3.0392979475635E-5
3.0386392476055E-5
3.0379808907188E-5
3.0373228766209E-5
3.0366652050297E-5
3.0360078756635E-5
3.0353508882408E-5
3.0346942424805E-5
3.0340379381017E-5
3.033381974824E-5
3.0327263523672E-5
3.0320710704515E-5
3.0314161287971E-5
3.030761527125E-5
3.0301072651562E-5
3.029453342612E-5
3.0287997592141E-5
3.0281465146846E-5
3.0274936087458E-5
3.0268410411203E-5
3.026188811531E-5
3.0255369197011E-5
3.0248853653544E-5
3.0242341482145E-5
3.0235832680057E-5
3.0229327244525E-5
3.0222825172797E-5
3.0216326462123E-5
3.0209831109757E-5
3.0203339112958E-5
3.0196850468985E-5
3.01903651751E-5
3.0183883228572E-5
3.0177404626668E-5
3.0170929366661E-5
3.0164457445827E-5
3.0157988861445E-5
3.0151523610795E-5
3.0145061691162E-5
3.0138603099834E-5
3.0132147834101E-5
3.0125695891258E-5
3.0119247268599E-5
3.0112801963426E-5
3.0106359973041E-5
3.0099921294748E-5
3.0093485925858E-5
3.0087053863681E-5
3.0080625105533E-5
3.0074199648729E-5
3.0067777490592E-5
3.0061358628444E-5
3.0054943059612E-5
3.0048530781426E-5
3.0042121791217E-5
3.0035716086322E-5
3.0029313664078E-5
3.0022914521826E-5
3.0016518656912E-5
3.0010126066681E-5
3.0003736748484E-5
2.9997350699675E-5
2.9990967917608E-5
2.9984588399643E-5
2.9978212143141E-5
2.9971839145467E-5
2.996546940399E-5
2.9959102916078E-5
2.9952739679106E-5
2.9946379690449E-5
2.9940022947488E-5
2.9933669447603E-5
2.9927319188181E-5
2.9920972166608E-5
2.9914628380276E-5
2.9908287826578E-5
2.990195050291E-5
2.9895616406672E-5
2.9889285535266E-5
2.9882957886097E-5
2.9876633456573E-5
2.9870312244105E-5
2.9863994246105E-5
2.9857679459992E-5
2.9851367883183E-5
2.9845059513102E-5
2.9838754347172E-5
2.9832452382822E-5
2.9826153617482E-5
2.9819858048586E-5
2.9813565673569E-5
2.9807276489871E-5
2.9800990494934E-5
2.9794707686202E-5
2.9788428061123E-5
2.9782151617147E-5
2.9775878351727E-5
2.9769608262318E-5
2.976334134638E-5
2.9757077601373E-5
2.9750817024762E-5
2.9744559614013E-5
2.9738305366596E-5
2.9732054279985E-5
2.9725806351653E-5
2.9719561579079E-5
2.9713319959743E-5
2.970708149113E-5
2.9700846170724E-5
2.9694613996016E-5
2.9688384964496E-5
2.968215907366E-5
2.9675936321004E-5
2.9669716704028E-5
2.9663500220234E-5
2.9657286867129E-5
2.965107664222E-5
2.9644869543017E-5
2.9638665567035E-5
2.9632464711789E-5
2.9626266974798E-5
2.9620072353584E-5
2.9613880845671E-5
2.9607692448585E-5
2.9601507159857E-5
2.9595324977018E-5
2.9589145897604E-5
2.9582969919153E-5
2.9576797039204E-5
2.95706272553E-5
2.9564460564988E-5
2.9558296965815E-5
2.9552136455332E-5
2.9545979031093E-5
2.9539824690654E-5
2.9533673431574E-5
2.9527525251414E-5
2.952138014774E-5
2.9515238118117E-5
2.9509099160114E-5
2.9502963271305E-5
2.9496830449263E-5
2.9490700691566E-5
2.9484573995794E-5
2.9478450359529E-5
2.9472329780357E-5
2.9466212255865E-5
2.9460097783643E-5
2.9453986361285E-5
2.9447877986386E-5
2.9441772656544E-5
2.9435670369359E-5
2.9429571122436E-5
2.942347491338E-5
2.9417381739798E-5
2.9411291599304E-5
2.9405204489509E-5
2.939912040803E-5
2.9393039352486E-5
2.9386961320498E-5
2.9380886309691E-5
2.9374814317689E-5
2.9368745342123E-5
2.9362679380623E-5
2.9356616430824E-5
2.9350556490362E-5
2.9344499556876E-5
2.9338445628008E-5
2.9332394701403E-5
2.9326346774706E-5
2.9320301845567E-5
2.9314259911638E-5
2.9308220970572E-5
2.9302185020027E-5
2.9296152057662E-5
2.9290122081139E-5
2.9284095088121E-5
2.9278071076276E-5
2.9272050043272E-5
2.9266031986782E-5
2.926001690448E-5
2.9254004794042E-5
2.9247995653147E-5
2.9241989479478E-5
2.9235986270718E-5
2.9229986024554E-5
2.9223988738676E-5
2.9217994410773E-5
2.9212003038541E-5
2.9206014619676E-5
2.9200029151877E-5
2.9194046632845E-5
2.9188067060284E-5
2.91820904319E-5
2.9176116745402E-5
2.9170145998501E-5
2.916417818891E-5
2.9158213314346E-5
2.9152251372527E-5
2.9146292361173E-5
2.9140336278009E-5
2.9134383120759E-5
2.9128432887152E-5
2.9122485574918E-5
2.911654118179E-5
2.9110599705504E-5
2.9104661143797E-5
2.9098725494409E-5
2.9092792755082E-5
2.9086862923562E-5
2.9080935997597E-5
2.9075011974934E-5
2.9069090853328E-5
2.9063172630531E-5
2.90572573043E-5
2.9051344872396E-5
2.904543533258E-5
2.9039528682614E-5
2.9033624920266E-5
2.9027724043305E-5
2.90218260495E-5
2.9015930936626E-5
2.9010038702459E-5
2.9004149344775E-5
2.8998262861357E-5
2.8992379249986E-5
2.8986498508447E-5
2.8980620634528E-5
2.8974745626019E-5
2.8968873480711E-5
2.8963004196399E-5
2.8957137770879E-5
2.8951274201952E-5
2.8945413487417E-5
2.8939555625079E-5
2.8933700612743E-5
2.8927848448218E-5
2.8921999129315E-5
2.8916152653846E-5
2.8910309019626E-5
2.8904468224473E-5
2.8898630266207E-5
2.8892795142649E-5
2.8886962851625E-5
2.8881133390959E-5
2.8875306758483E-5
2.8869482952026E-5
2.8863661969421E-5
2.8857843808506E-5
2.8852028467117E-5
2.8846215943095E-5
2.8840406234283E-5
2.8834599338524E-5
2.8828795253667E-5
2.882299397756E-5
2.8817195508055E-5
2.8811399843006E-5
2.8805606980268E-5
2.87998169177E-5
2.8794029653163E-5
2.8788245184518E-5
2.8782463509631E-5
2.8776684626369E-5
2.8770908532602E-5
2.8765135226201E-5
2.875936470504E-5
2.8753596966994E-5
2.8747832009943E-5
2.8742069831767E-5
2.8736310430348E-5
2.8730553803571E-5
2.8724799949324E-5
2.8719048865495E-5
2.8713300549977E-5
2.8707555000661E-5
2.8701812215446E-5
2.8696072192228E-5
2.8690334928908E-5
2.8684600423388E-5
2.8678868673574E-5
2.8673139677371E-5
2.8667413432688E-5
2.8661689937438E-5
2.8655969189532E-5
2.8650251186887E-5
2.8644535927419E-5
2.863882340905E-5
2.86331136297E-5
2.8627406587294E-5
2.8621702279758E-5
2.861600070502E-5
2.8610301861011E-5
2.8604605745664E-5
2.8598912356913E-5
2.8593221692696E-5
2.858753375095E-5
2.8581848529619E-5
2.8576166026644E-5
2.8570486239971E-5
2.8564809167548E-5
2.8559134807325E-5
2.8553463157253E-5
2.8547794215286E-5
2.8542127979381E-5
2.8536464447495E-5
2.8530803617589E-5
2.8525145487624E-5
2.8519490055567E-5
2.8513837319382E-5
2.8508187277039E-5
2.8502539926508E-5
2.8496895265763E-5
2.8491253292777E-5
2.8485614005529E-5
2.8479977401997E-5
2.8474343480162E-5
2.8468712238008E-5
2.846308367352E-5
2.8457457784685E-5
2.8451834569492E-5
2.8446214025934E-5
2.8440596152003E-5
2.8434980945695E-5
2.8429368405009E-5
2.8423758527943E-5
2.84181513125E-5
2.8412546756683E-5
2.8406944858498E-5
2.8401345615953E-5
2.8395749027059E-5
2.8390155089826E-5
2.838456380227E-5
2.8378975162405E-5
2.8373389168251E-5
2.8367805817828E-5
2.8362225109157E-5
2.8356647040263E-5
2.8351071609171E-5
2.8345498813911E-5
2.8339928652512E-5
2.8334361123007E-5
2.832879622343E-5
2.8323233951816E-5
2.8317674306205E-5
2.8312117284636E-5
2.8306562885153E-5
2.8301011105798E-5
2.8295461944619E-5
2.8289915399663E-5
2.8284371468981E-5
2.8278830150625E-5
2.8273291442649E-5
2.826775534311E-5
2.8262221850065E-5
2.8256690961575E-5
2.8251162675701E-5
2.8245636990508E-5
2.8240113904062E-5
2.8234593414431E-5
2.8229075519684E-5
2.8223560217895E-5
2.8218047507135E-5
2.8212537385482E-5
2.8207029851014E-5
2.8201524901809E-5
2.819602253595E-5
2.8190522751521E-5
2.8185025546606E-5
2.8179530919294E-5
2.8174038867673E-5
2.8168549389836E-5
2.8163062483876E-5
2.8157578147887E-5
2.8152096379967E-5
2.8146617178216E-5
2.8141140540733E-5
2.8135666465623E-5
2.813019495099E-5
2.812472599494E-5
2.8119259595582E-5
2.8113795751028E-5
2.810833445939E-5
2.8102875718781E-5
2.8097419527319E-5
2.8091965883121E-5
2.8086514784308E-5
2.8081066229002E-5
2.8075620215326E-5
2.8070176741407E-5
2.8064735805372E-5
2.8059297405351E-5
2.8053861539474E-5
2.8048428205876E-5
2.8042997402692E-5
2.8037569128059E-5
2.8032143380116E-5
2.8026720157003E-5
2.8021299456863E-5
2.8015881277842E-5
2.8010465618085E-5
2.800505247574E-5
2.7999641848959E-5
2.7994233735893E-5
2.7988828134696E-5
2.7983425043522E-5
2.7978024460532E-5
2.7972626383882E-5
2.7967230811736E-5
2.7961837742255E-5
2.7956447173606E-5
2.7951059103954E-5
2.7945673531469E-5
2.7940290454321E-5
2.7934909870681E-5
2.7929531778725E-5
2.7924156176629E-5
2.7918783062569E-5
2.7913412434726E-5
2.7908044291281E-5
2.7902678630418E-5
2.7897315450321E-5
2.7891954749178E-5
2.7886596525177E-5
2.7881240776508E-5
2.7875887501364E-5
2.7870536697939E-5
2.7865188364428E-5
2.7859842499031E-5
2.7854499099945E-5
2.7849158165373E-5
2.7843819693517E-5
2.7838483682583E-5
2.7833150130776E-5
2.7827819036306E-5
2.7822490397383E-5
2.7817164212219E-5
2.7811840479027E-5
2.7806519196024E-5
2.7801200361426E-5
2.7795883973453E-5
2.7790570030325E-5
2.7785258530266E-5
2.7779949471499E-5
2.7774642852251E-5
2.776933867075E-5
2.7764036925225E-5
2.7758737613909E-5
2.7753440735034E-5
2.7748146286835E-5
2.7742854267549E-5
2.7737564675414E-5
2.7732277508672E-5
2.7726992765563E-5
2.7721710444331E-5
2.7716430543222E-5
2.7711153060483E-5
2.7705877994363E-5
2.7700605343112E-5
2.7695335104984E-5
2.7690067278231E-5
2.7684801861111E-5
2.767953885188E-5
2.7674278248798E-5
2.7669020050126E-5
2.7663764254126E-5
2.7658510859063E-5
2.7653259863204E-5
2.7648011264815E-5
2.7642765062167E-5
2.7637521253531E-5
2.7632279837179E-5
2.7627040811388E-5
2.7621804174432E-5
2.761656992459E-5
2.7611338060142E-5
2.7606108579369E-5
2.7600881480555E-5
2.7595656761984E-5
2.7590434421943E-5
2.758521445872E-5
2.7579996870605E-5
2.7574781655889E-5
2.7569568812867E-5
2.7564358339832E-5
2.7559150235082E-5
2.7553944496915E-5
2.754874112363E-5
2.754354011353E-5
2.7538341464918E-5
2.7533145176098E-5
2.7527951245378E-5
2.7522759671065E-5
2.751757045147E-5
2.7512383584904E-5
2.7507199069681E-5
2.7502016904115E-5
2.7496837086523E-5
2.7491659615223E-5
2.7486484488536E-5
2.7481311704782E-5
2.7476141262284E-5
2.7470973159369E-5
2.7465807394361E-5
2.7460643965589E-5
2.7455482871383E-5
2.7450324110074E-5
2.7445167679995E-5
2.7440013579481E-5
2.7434861806868E-5
2.7429712360493E-5
2.7424565238697E-5
2.741942043982E-5
2.7414277962204E-5
2.7409137804195E-5
2.7403999964138E-5
2.7398864440382E-5
2.7393731231273E-5
2.7388600335165E-5
2.7383471750409E-5
2.7378345475359E-5
2.737322150837E-5
2.73680998478E-5
2.7362980492008E-5
2.7357863439354E-5
2.7352748688199E-5
2.7347636236908E-5
2.7342526083846E-5
2.7337418227378E-5
2.7332312665875E-5
2.7327209397705E-5
2.732210842124E-5
2.7317009734853E-5
2.7311913336919E-5
2.7306819225814E-5
2.7301727399916E-5
2.7296637857604E-5
2.7291550597259E-5
2.7286465617263E-5
2.7281382916001E-5
2.7276302491859E-5
2.7271224343223E-5
2.7266148468482E-5
2.7261074866027E-5
2.7256003534249E-5
2.7250934471542E-5
2.7245867676302E-5
2.7240803146923E-5
2.7235740881806E-5
2.7230680879348E-5
2.7225623137952E-5
2.722056765602E-5
2.7215514431957E-5
2.7210463464168E-5
2.720541475106E-5
2.7200368291043E-5
2.7195324082526E-5
2.7190282123923E-5
2.7185242413645E-5
2.718020495011E-5
2.7175169731732E-5
2.7170136756929E-5
2.7165106024123E-5
2.7160077531733E-5
2.7155051278182E-5
2.7150027261895E-5
2.7145005481297E-5
2.7139985934815E-5
2.7134968620879E-5
2.7129953537917E-5
2.7124940684362E-5
2.7119930058647E-5
2.7114921659207E-5
2.7109915484478E-5
2.7104911532898E-5
2.7099909802906E-5
2.7094910292943E-5
2.708991300145E-5
2.7084917926873E-5
2.7079925067655E-5
2.7074934422243E-5
2.7069945989087E-5
2.7064959766635E-5
2.7059975753338E-5
2.705499394765E-5
2.7050014348023E-5
2.7045036952915E-5
2.7040061760782E-5
2.7035088770083E-5
2.7030117979277E-5
2.7025149386826E-5
2.7020182991194E-5
2.7015218790843E-5
2.7010256784241E-5
2.7005296969855E-5
2.7000339346154E-5
2.6995383911608E-5
2.6990430664688E-5
2.6985479603868E-5
2.6980530727623E-5
2.6975584034428E-5
2.6970639522762E-5
2.6965697191103E-5
2.6960757037931E-5
2.6955819061729E-5
2.6950883260981E-5
2.694594963417E-5
2.6941018179784E-5
2.6936088896309E-5
2.6931161782236E-5
2.6926236836054E-5
2.6921314056255E-5
2.6916393441334E-5
2.6911474989784E-5
2.6906558700102E-5
2.6901644570787E-5
2.6896732600336E-5
2.6891822787252E-5
2.6886915130034E-5
2.6882009627189E-5
2.6877106277218E-5
2.6872205078631E-5
2.6867306029933E-5
2.6862409129634E-5
2.6857514376244E-5
2.6852621768277E-5
2.6847731304243E-5
2.684284298266E-5
2.6837956802042E-5
2.6833072760907E-5
2.6828190857775E-5
2.6823311091166E-5
2.68184334596E-5
2.6813557961602E-5
2.6808684595696E-5
2.6803813360408E-5
2.6798944254265E-5
2.6794077275797E-5
2.6789212423532E-5
2.6784349696003E-5
2.6779489091743E-5
2.6774630609285E-5
2.6769774247166E-5
2.6764920003923E-5
2.6760067878093E-5
2.6755217868218E-5
2.6750369972837E-5
2.6745524190494E-5
2.6740680519732E-5
2.6735838959096E-5
2.6730999507135E-5
2.6726162162394E-5
2.6721326923424E-5
2.6716493788776E-5
2.6711662757002E-5
2.6706833826655E-5
2.670200699629E-5
2.6697182264463E-5
2.6692359629732E-5
2.6687539090656E-5
2.6682720645794E-5
2.667790429371E-5
2.6673090032964E-5
2.6668277862123E-5
2.6663467779751E-5
2.6658659784416E-5
2.6653853874686E-5
2.6649050049131E-5
2.6644248306321E-5
2.6639448644829E-5
2.6634651063229E-5
2.6629855560096E-5
2.6625062134006E-5
2.6620270783537E-5
2.6615481507268E-5
2.6610694303779E-5
2.6605909171653E-5
2.6601126109471E-5
2.6596345115819E-5
2.6591566189283E-5
2.6586789328449E-5
2.6582014531905E-5
2.6577241798241E-5
2.6572471126049E-5
2.656770251392E-5
2.6562935960448E-5
2.6558171464227E-5
2.6553409023855E-5
2.6548648637928E-5
2.6543890305046E-5
2.6539134023809E-5
2.6534379792817E-5
2.6529627610675E-5
2.6524877475985E-5
2.6520129387354E-5
2.6515383343387E-5
2.6510639342693E-5
2.6505897383881E-5
2.6501157465562E-5
2.6496419586347E-5
2.6491683744849E-5
2.6486949939683E-5
2.6482218169465E-5
2.6477488432812E-5
2.6472760728341E-5
2.6468035054672E-5
2.6463311410427E-5
2.6458589794227E-5
2.6453870204695E-5
2.6449152640457E-5
2.6444437100138E-5
2.6439723582366E-5
2.6435012085768E-5
2.6430302608976E-5
2.6425595150619E-5
2.642088970933E-5
2.6416186283743E-5
2.6411484872492E-5
2.6406785474214E-5
2.6402088087545E-5
2.6397392711125E-5
2.6392699343593E-5
2.6388007983591E-5
2.638331862976E-5
2.6378631280745E-5
2.6373945935191E-5
2.6369262591742E-5
2.6364581249048E-5
2.6359901905757E-5
2.6355224560517E-5
2.6350549211982E-5
2.6345875858802E-5
2.6341204499632E-5
2.6336535133127E-5
2.6331867757941E-5
2.6327202372734E-5
2.6322538976164E-5
2.631787756689E-5
2.6313218143573E-5
2.6308560704876E-5
2.6303905249461E-5
2.6299251775995E-5
2.6294600283143E-5
2.6289950769572E-5
2.6285303233951E-5
2.6280657674948E-5
2.6276014091236E-5
2.6271372481486E-5
2.6266732844371E-5
2.6262095178567E-5
2.6257459482748E-5
2.6252825755592E-5
2.6248193995777E-5
2.6243564201983E-5
2.6238936372889E-5
2.6234310507178E-5
2.6229686603532E-5
2.6225064660637E-5
2.6220444677178E-5
2.621582665184E-5
2.6211210583313E-5
2.6206596470284E-5
2.6201984311445E-5
2.6197374105486E-5
2.6192765851101E-5
2.6188159546984E-5
2.6183555191828E-5
2.6178952784331E-5
2.617435232319E-5
2.6169753807103E-5
2.6165157234771E-5
2.6160562604894E-5
2.6155969916174E-5
2.6151379167316E-5
2.6146790357022E-5
2.6142203484001E-5
2.6137618546957E-5
2.6133035544599E-5
2.6128454475637E-5
2.612387533878E-5
2.6119298132742E-5
2.6114722856233E-5
2.6110149507969E-5
2.6105578086664E-5
2.6101008591035E-5
2.6096441019799E-5
2.6091875371675E-5
2.6087311645383E-5
2.6082749839643E-5
2.6078189953178E-5
2.6073631984711E-5
2.6069075932967E-5
2.6064521796671E-5
2.605996957455E-5
2.6055419265332E-5
2.6050870867746E-5
2.6046324380522E-5
2.6041779802392E-5
2.6037237132088E-5
2.6032696368343E-5
2.6028157509894E-5
2.6023620555475E-5
2.6019085503825E-5
2.601455235368E-5
2.6010021103781E-5
2.6005491752869E-5
2.6000964299684E-5
2.599643874297E-5
2.5991915081471E-5
2.5987393313932E-5
2.5982873439099E-5
2.5978355455719E-5
2.5973839362542E-5
2.5969325158316E-5
2.5964812841793E-5
2.5960302411725E-5
2.5955793866864E-5
2.5951287205965E-5
2.5946782427783E-5
2.5942279531074E-5
2.5937778514597E-5
2.5933279377109E-5
2.592878211737E-5
2.5924286734142E-5
2.5919793226186E-5
2.5915301592266E-5
2.5910811831146E-5
2.5906323941591E-5
2.5901837922367E-5
2.5897353772244E-5
2.5892871489988E-5
2.5888391074369E-5
2.588391252416E-5
2.5879435838131E-5
2.5874961015057E-5
2.587048805371E-5
2.5866016952867E-5
2.5861547711304E-5
2.5857080327798E-5
2.5852614801128E-5
2.5848151130075E-5
2.5843689313418E-5
2.583922934994E-5
2.5834771238423E-5
2.5830314977652E-5
2.5825860566412E-5
2.5821408003489E-5
2.5816957287671E-5
2.5812508417746E-5
2.5808061392504E-5
2.5803616210735E-5
2.5799172871231E-5
2.5794731372785E-5
2.5790291714191E-5
2.5785853894244E-5
2.5781417911739E-5
2.5776983765474E-5
2.5772551454248E-5
2.5768120976858E-5
2.5763692332107E-5
2.5759265518794E-5
2.5754840535723E-5
2.5750417381698E-5
2.5745996055522E-5
2.5741576556002E-5
2.5737158881944E-5
2.5732743032156E-5
2.5728329005448E-5
2.5723916800629E-5
2.5719506416509E-5
2.5715097851902E-5
2.571069110562E-5
2.5706286176477E-5
2.5701883063289E-5
2.5697481764872E-5
2.5693082280044E-5
2.5688684607622E-5
2.5684288746426E-5
2.5679894695278E-5
2.5675502452998E-5
2.5671112018408E-5
2.5666723390334E-5
2.5662336567599E-5
2.5657951549029E-5
2.5653568333451E-5
2.5649186919693E-5
2.5644807306584E-5
2.5640429492954E-5
2.5636053477633E-5
2.5631679259453E-5
2.5627306837249E-5
2.5622936209853E-5
2.5618567376101E-5
2.5614200334829E-5
2.5609835084875E-5
2.5605471625076E-5
2.5601109954271E-5
2.5596750071302E-5
2.5592391975008E-5
2.5588035664234E-5
2.5583681137821E-5
2.5579328394615E-5
2.557497743346E-5
2.5570628253203E-5
2.5566280852692E-5
2.5561935230775E-5
2.5557591386301E-5
2.5553249318122E-5
2.5548909025088E-5
2.5544570506051E-5
2.5540233759867E-5
2.5535898785388E-5
2.5531565581472E-5
2.5527234146973E-5
2.552290448075E-5
2.5518576581662E-5
2.5514250448567E-5
2.5509926080328E-5
2.5505603475804E-5
2.550128263386E-5
2.5496963553358E-5
2.5492646233163E-5
2.548833067214E-5
2.5484016869157E-5
2.5479704823081E-5
2.5475394532781E-5
2.5471085997125E-5
2.5466779214986E-5
2.5462474185233E-5
2.5458170906741E-5
2.5453869378382E-5
2.5449569599032E-5
2.5445271567565E-5
2.5440975282858E-5
2.5436680743789E-5
2.5432387949236E-5
2.5428096898079E-5
2.5423807589198E-5
2.5419520021475E-5
2.5415234193792E-5
2.5410950105033E-5
2.5406667754082E-5
2.5402387139824E-5
2.5398108261146E-5
2.5393831116935E-5
2.538955570608E-5
2.5385282027469E-5
2.5381010079993E-5
2.5376739862543E-5
2.5372471374012E-5
2.5368204613293E-5
2.5363939579279E-5
2.5359676270866E-5
2.535541468695E-5
2.5351154826429E-5
2.5346896688199E-5
2.534264027116E-5
2.5338385574212E-5
2.5334132596256E-5
2.5329881336194E-5
2.5325631792928E-5
2.5321383965362E-5
2.5317137852402E-5
2.5312893452952E-5
2.5308650765919E-5
2.5304409790212E-5
2.5300170524738E-5
2.5295932968407E-5
2.5291697120129E-5
2.5287462978816E-5
2.528323054338E-5
2.5278999812735E-5
2.5274770785794E-5
2.5270543461473E-5
2.5266317838688E-5
2.5262093916356E-5
2.5257871693396E-5
2.5253651168725E-5
2.5249432341264E-5
2.5245215209934E-5
2.5240999773657E-5
2.5236786031355E-5
2.5232573981951E-5
2.5228363624372E-5
2.5224154957541E-5
2.5219947980385E-5
2.5215742691833E-5
2.5211539090811E-5
2.520733717625E-5
2.5203136947079E-5
2.519893840223E-5
2.5194741540634E-5
2.5190546361225E-5
2.5186352862937E-5
2.5182161044703E-5
2.5177970905461E-5
2.5173782444146E-5
2.5169595659696E-5
2.516541055105E-5
2.5161227117147E-5
2.5157045356928E-5
2.5152865269333E-5
2.5148686853304E-5
2.5144510107786E-5
2.5140335031721E-5
2.5136161624054E-5
2.5131989883733E-5
2.5127819809702E-5
2.512365140091E-5
2.5119484656305E-5
2.5115319574837E-5
2.5111156155456E-5
2.5106994397114E-5
2.5102834298761E-5
2.5098675859353E-5
2.5094519077842E-5
2.5090363953183E-5
2.5086210484332E-5
2.5082058670246E-5
2.5077908509882E-5
2.5073760002199E-5
2.5069613146156E-5
2.5065467940713E-5
2.5061324384832E-5
2.5057182477474E-5
2.5053042217603E-5
2.5048903604182E-5
2.5044766636176E-5
2.504063131255E-5
2.5036497632272E-5
2.5032365594308E-5
2.5028235197627E-5
2.5024106441198E-5
2.501997932399E-5
2.5015853844975E-5
2.5011730003125E-5
2.5007607797413E-5
2.500348722681E-5
2.4999368290294E-5
2.4995250986838E-5
2.4991135315419E-5
2.4987021275013E-5
2.49829088646E-5
2.4978798083157E-5
2.4974688929665E-5
2.4970581403104E-5
2.4966475502455E-5
2.4962371226701E-5
2.4958268574824E-5
2.495416754581E-5
2.4950068138643E-5
2.4945970352308E-5
2.4941874185793E-5
2.4937779638085E-5
2.4933686708172E-5
2.4929595395044E-5
2.4925505697691E-5
2.4921417615103E-5
2.4917331146273E-5
2.4913246290193E-5
2.4909163045857E-5
2.4905081412259E-5
2.4901001388395E-5
2.4896922973261E-5
2.4892846165853E-5
2.488877096517E-5
2.4884697370209E-5
2.4880625379972E-5
2.4876554993458E-5
2.4872486209669E-5
2.4868419027606E-5
2.4864353446273E-5
2.4860289464673E-5
2.4856227081811E-5
2.4852166296693E-5
2.4848107108324E-5
2.4844049515713E-5
2.4839993517866E-5
2.4835939113794E-5
2.4831886302506E-5
2.4827835083012E-5
2.4823785454323E-5
2.4819737415452E-5
2.4815690965413E-5
2.4811646103218E-5
2.4807602827883E-5
2.4803561138423E-5
2.4799521033855E-5
2.4795482513196E-5
2.4791445575464E-5
2.4787410219678E-5
2.4783376444858E-5
2.4779344250024E-5
2.4775313634197E-5
2.4771284596401E-5
2.4767257135658E-5
2.4763231250991E-5
2.4759206941426E-5
2.4755184205989E-5
2.4751163043705E-5
2.4747143453602E-5
2.4743125434707E-5
2.4739108986051E-5
2.4735094106661E-5
2.4731080795569E-5
2.4727069051807E-5
2.4723058874406E-5
2.4719050262398E-5
2.4715043214819E-5
2.4711037730702E-5
2.4707033809083E-5
2.4703031448997E-5
2.4699030649483E-5
2.4695031409578E-5
2.469103372832E-5
2.4687037604749E-5
2.4683043037905E-5
2.467905002683E-5
2.4675058570564E-5
2.4671068668151E-5
2.4667080318634E-5
2.4663093521058E-5
2.4659108274468E-5
2.4655124577908E-5
2.4651142430427E-5
2.4647161831072E-5
2.4643182778891E-5
2.4639205272932E-5
2.4635229312246E-5
2.4631254895884E-5
2.4627282022897E-5
2.4623310692338E-5
2.4619340903259E-5
2.4615372654714E-5
2.4611405945758E-5
2.4607440775446E-5
2.4603477142835E-5
2.4599515046982E-5
2.4595554486945E-5
2.4591595461781E-5
2.4587637970551E-5
2.4583682012315E-5
2.4579727586133E-5
2.4575774691068E-5
2.4571823326182E-5
2.4567873490539E-5
2.4563925183202E-5
2.4559978403237E-5
2.4556033149709E-5
2.4552089421684E-5
2.454814721823E-5
2.4544206538415E-5
2.4540267381308E-5
2.4536329745978E-5
2.4532393631496E-5
2.4528459036933E-5
2.452452596136E-5
2.452059440385E-5
2.4516664363478E-5
2.4512735839317E-5
2.4508808830441E-5
2.4504883335928E-5
2.4500959354853E-5
2.4497036886294E-5
2.4493115929329E-5
2.4489196483036E-5
2.4485278546496E-5
2.4481362118788E-5
2.4477447198995E-5
2.4473533786197E-5
2.4469621879478E-5
2.4465711477921E-5
2.446180258061E-5
2.4457895186629E-5
2.4453989295066E-5
2.4450084905006E-5
2.4446182015537E-5
2.4442280625746E-5
2.4438380734723E-5
2.4434482341557E-5
2.4430585445338E-5
2.4426690045157E-5
2.4422796140107E-5
2.4418903729279E-5
2.4415012811766E-5
2.4411123386664E-5
2.4407235453067E-5
2.440334901007E-5
2.4399464056769E-5
2.4395580592262E-5
2.4391698615646E-5
2.438781812602E-5
2.4383939122484E-5
2.4380061604137E-5
2.437618557008E-5
2.4372311019414E-5
2.4368437951243E-5
2.4364566364668E-5
2.4360696258794E-5
2.4356827632726E-5
2.4352960485567E-5
2.4349094816425E-5
2.4345230624407E-5
2.4341367908618E-5
2.4337506668169E-5
2.4333646902167E-5
2.4329788609722E-5
2.4325931789946E-5
2.4322076441948E-5
2.431822256484E-5
2.4314370157736E-5
2.4310519219749E-5
2.4306669749993E-5
2.4302821747582E-5
2.4298975211632E-5
2.4295130141259E-5
2.4291286535581E-5
2.4287444393714E-5
2.4283603714778E-5
2.4279764497891E-5
2.4275926742174E-5
2.4272090446747E-5
2.4268255610731E-5
2.4264422233249E-5
2.4260590313422E-5
2.4256759850376E-5
2.4252930843233E-5
2.424910329112E-5
2.424527719316E-5
2.4241452548482E-5
2.4237629356211E-5
2.4233807615476E-5
2.4229987325406E-5
2.4226168485129E-5
2.4222351093776E-5
2.4218535150476E-5
2.4214720654362E-5
2.4210907604566E-5
2.4207096000221E-5
2.4203285840459E-5
2.4199477124415E-5
2.4195669851225E-5
2.4191864020023E-5
2.4188059629946E-5
2.4184256680131E-5
2.4180455169717E-5
2.417665509784E-5
2.4172856463641E-5
2.416905926626E-5
2.4165263504836E-5
2.4161469178512E-5
2.4157676286429E-5
2.415388482773E-5
2.4150094801558E-5
2.4146306207058E-5
2.4142519043374E-5
2.4138733309651E-5
2.4134949005037E-5
2.4131166128677E-5
2.4127384679719E-5
2.4123604657312E-5
2.4119826060605E-5
2.4116048888747E-5
2.4112273140888E-5
2.410849881618E-5
2.4104725913775E-5
2.4100954432824E-5
2.409718437248E-5
2.4093415731899E-5
2.4089648510234E-5
2.408588270664E-5
2.4082118320273E-5
2.407835535029E-5
2.4074593795849E-5
2.4070833656106E-5
2.4067074930221E-5
2.4063317617352E-5
2.4059561716661E-5
2.4055807227307E-5
2.4052054148452E-5
2.4048302479258E-5
2.4044552218888E-5
2.4040803366504E-5
2.4037055921272E-5
2.4033309882355E-5
2.402956524892E-5
2.4025822020132E-5
2.4022080195158E-5
2.4018339773166E-5
2.4014600753323E-5
2.4010863134799E-5
2.4007126916763E-5
2.4003392098385E-5
2.3999658678837E-5
2.3995926657288E-5
2.3992196032912E-5
2.3988466804882E-5
2.398473897237E-5
2.3981012534552E-5
2.3977287490601E-5
2.3973563839694E-5
2.3969841581007E-5
2.3966120713716E-5
2.3962401236999E-5
2.3958683150034E-5
2.3954966452E-5
2.3951251142077E-5
2.3947537219445E-5
2.3943824683284E-5
2.3940113532775E-5
2.3936403767102E-5
2.3932695385447E-5
2.3928988386993E-5
2.3925282770925E-5
2.3921578536427E-5
2.3917875682684E-5
2.3914174208883E-5
2.3910474114211E-5
2.3906775397855E-5
2.3903078059002E-5
2.3899382096843E-5
2.3895687510565E-5
2.3891994299359E-5
2.3888302462417E-5
2.3884611998928E-5
2.3880922908085E-5
2.387723518908E-5
2.3873548841108E-5
2.3869863863362E-5
2.3866180255036E-5
2.3862498015325E-5
2.3858817143426E-5
2.3855137638535E-5
2.3851459499849E-5
2.3847782726566E-5
2.3844107317885E-5
2.3840433273003E-5
2.3836760591122E-5
2.3833089271442E-5
2.3829419313163E-5
2.3825750715487E-5
2.3822083477616E-5
2.3818417598754E-5
2.3814753078104E-5
2.381108991487E-5
2.3807428108257E-5
2.3803767657471E-5
2.3800108561717E-5
2.3796450820202E-5
2.3792794432135E-5
2.3789139396721E-5
2.3785485713172E-5
2.3781833380695E-5
2.37781823985E-5
2.3774532765799E-5
2.3770884481802E-5
2.3767237545721E-5
2.3763591956768E-5
2.3759947714158E-5
2.3756304817102E-5
2.3752663264816E-5
2.3749023056515E-5
2.3745384191415E-5
2.374174666873E-5
2.3738110487679E-5
2.3734475647478E-5
2.3730842147346E-5
2.3727209986501E-5
2.3723579164164E-5
2.3719949679553E-5
2.3716321531889E-5
2.3712694720394E-5
2.3709069244289E-5
2.3705445102797E-5
2.370182229514E-5
2.3698200820543E-5
2.369458067823E-5
2.3690961867425E-5
2.3687344387355E-5
2.3683728237244E-5
2.3680113416321E-5
2.3676499923812E-5
2.3672887758945E-5
2.366927692095E-5
2.3665667409054E-5
2.3662059222488E-5
2.3658452360483E-5
2.3654846822269E-5
2.3651242607078E-5
2.3647639714142E-5
2.3644038142695E-5
2.3640437891969E-5
2.3636838961198E-5
2.3633241349618E-5
2.3629645056464E-5
2.3626050080972E-5
2.3622456422378E-5
2.3618864079918E-5
2.3615273052832E-5
2.3611683340357E-5
2.3608094941732E-5
2.3604507856197E-5
2.3600922082992E-5
2.3597337621357E-5
2.3593754470534E-5
2.3590172629764E-5
2.3586592098291E-5
2.3583012875358E-5
2.3579434960208E-5
2.3575858352085E-5
2.3572283050234E-5
2.3568709053902E-5
2.3565136362333E-5
2.3561564974775E-5
2.3557994890475E-5
2.3554426108682E-5
2.3550858628642E-5
2.3547292449606E-5
2.3543727570823E-5
2.3540163991544E-5
2.3536601711018E-5
2.3533040728499E-5
2.3529481043237E-5
2.3525922654486E-5
2.3522365561498E-5
2.3518809763528E-5
2.3515255259829E-5
2.3511702049657E-5
2.3508150132268E-5
2.3504599506916E-5
2.350105017286E-5
2.3497502129356E-5
2.3493955375663E-5
2.3490409911039E-5
2.3486865734742E-5
2.3483322846033E-5
2.3479781244172E-5
2.347624092842E-5
2.3472701898037E-5
2.3469164152287E-5
2.3465627690431E-5
2.3462092511732E-5
2.3458558615455E-5
2.3455026000864E-5
2.3451494667223E-5
2.3447964613798E-5
2.3444435839855E-5
2.344090834466E-5
2.3437382127481E-5
2.3433857187586E-5
2.3430333524242E-5
2.3426811136719E-5
2.3423290024286E-5
2.3419770186213E-5
2.3416251621771E-5
2.3412734330231E-5
2.3409218310864E-5
2.3405703562943E-5
2.3402190085741E-5
2.3398677878531E-5
2.3395166940587E-5
2.3391657271185E-5
2.3388148869598E-5
2.3384641735103E-5
2.3381135866976E-5
2.3377631264494E-5
2.3374127926934E-5
2.3370625853574E-5
2.3367125043693E-5
2.3363625496569E-5
2.3360127211484E-5
2.3356630187716E-5
2.3353134424546E-5
2.3349639921256E-5
2.3346146677129E-5
2.3342654691445E-5
2.3339163963489E-5
2.3335674492543E-5
2.3332186277892E-5
2.3328699318821E-5
2.3325213614615E-5
2.332172916456E-5
2.3318245967942E-5
2.3314764024048E-5
2.3311283332165E-5
2.3307803891582E-5
2.3304325701587E-5
2.3300848761469E-5
2.3297373070518E-5
2.3293898628025E-5
2.3290425433279E-5
2.3286953485573E-5
2.3283482784198E-5
2.3280013328446E-5
2.3276545117611E-5
2.3273078150986E-5
2.3269612427866E-5
2.3266147947544E-5
2.3262684709317E-5
2.3259222712479E-5
2.3255761956327E-5
2.3252302440159E-5
2.324884416327E-5
2.324538712496E-5
2.3241931324526E-5
2.3238476761268E-5
2.3235023434485E-5
2.3231571343477E-5
2.3228120487545E-5
2.3224670865991E-5
2.3221222478114E-5
2.3217775323219E-5
2.3214329400608E-5
2.3210884709584E-5
2.320744124945E-5
2.3203999019512E-5
2.3200558019074E-5
2.3197118247442E-5
2.3193679703922E-5
2.319024238782E-5
2.3186806298444E-5
2.31833714351E-5
2.3179937797097E-5
2.3176505383745E-5
2.3173074194351E-5
2.3169644228226E-5
2.3166215484681E-5
2.3162787963025E-5
2.315936166257E-5
2.3155936582629E-5
2.3152512722513E-5
2.3149090081535E-5
2.3145668659009E-5
2.314224845425E-5
2.313882946657E-5
2.3135411695286E-5
2.3131995139713E-5
2.3128579799167E-5
2.3125165672965E-5
2.3121752760424E-5
2.3118341060861E-5
2.3114930573596E-5
2.3111521297945E-5
2.310811323323E-5
2.3104706378769E-5
2.3101300733883E-5
2.3097896297892E-5
2.3094493070119E-5
2.3091091049884E-5
2.3087690236511E-5
2.3084290629321E-5
2.3080892227639E-5
2.3077495030789E-5
2.3074099038094E-5
2.307070424888E-5
2.3067310662473E-5
2.3063918278198E-5
2.3060527095382E-5
2.3057137113352E-5
2.3053748331435E-5
2.305036074896E-5
2.3046974365254E-5
2.3043589179649E-5
2.3040205191472E-5
2.3036822400053E-5
2.3033440804725E-5
2.3030060404817E-5
2.3026681199662E-5
2.3023303188591E-5
2.3019926370937E-5
2.3016550746034E-5
2.3013176313215E-5
2.3009803071814E-5
2.3006431021167E-5
2.3003060160607E-5
2.2999690489472E-5
2.2996322007097E-5
2.2992954712818E-5
2.2989588605974E-5
2.2986223685902E-5
2.298285995194E-5
2.2979497403428E-5
2.2976136039703E-5
2.2972775860106E-5
2.2969416863978E-5
2.2966059050659E-5
2.296270241949E-5
2.2959346969813E-5
2.295599270097E-5
2.2952639612305E-5
2.2949287703161E-5
2.294593697288E-5
2.2942587420808E-5
2.293923904629E-5
2.293589184867E-5
2.2932545827294E-5
2.292920098151E-5
2.2925857310662E-5
2.2922514814099E-5
2.2919173491169E-5
2.291583334122E-5
2.2912494363599E-5
2.2909156557658E-5
2.2905819922745E-5
2.290248445821E-5
2.2899150163405E-5
2.2895817037681E-5
2.2892485080388E-5
2.2889154290881E-5
2.288582466851E-5
2.288249621263E-5
2.2879168922594E-5
2.2875842797756E-5
2.287251783747E-5
2.2869194041093E-5
2.2865871407979E-5
2.2862549937485E-5
2.2859229628968E-5
2.2855910481784E-5
2.2852592495291E-5
2.2849275668847E-5
2.284596000181E-5
2.284264549354E-5
2.2839332143397E-5
2.2836019950739E-5
2.2832708914928E-5
2.2829399035325E-5
2.282609031129E-5
2.2822782742187E-5
2.2819476327377E-5
2.2816171066223E-5
2.2812866958089E-5
2.2809564002339E-5
2.2806262198336E-5
2.2802961545446E-5
2.2799662043034E-5
2.2796363690466E-5
2.2793066487107E-5
2.2789770432325E-5
2.2786475525487E-5
2.2783181765961E-5
2.2779889153114E-5
2.2776597686316E-5
2.2773307364935E-5
2.2770018188341E-5
2.2766730155904E-5
2.2763443266995E-5
2.2760157520984E-5
2.2756872917244E-5
2.2753589455146E-5
2.2750307134062E-5
2.2747025953366E-5
2.274374591243E-5
2.2740467010629E-5
2.2737189247336E-5
2.2733912621928E-5
2.2730637133778E-5
2.2727362782262E-5
2.2724089566758E-5
2.2720817486641E-5
2.2717546541288E-5
2.2714276730078E-5
2.2711008052387E-5
2.2707740507596E-5
2.2704474095082E-5
2.2701208814225E-5
2.2697944664405E-5
2.2694681645003E-5
2.2691419755399E-5
2.2688158994974E-5
2.2684899363111E-5
2.2681640859191E-5
2.2678383482597E-5
2.2675127232713E-5
2.2671872108922E-5
2.2668618110608E-5
2.2665365237156E-5
2.266211348795E-5
2.2658862862376E-5
2.265561335982E-5
2.2652364979669E-5
2.2649117721309E-5
2.2645871584127E-5
2.2642626567512E-5
2.2639382670851E-5
2.2636139893533E-5
2.2632898234948E-5
2.2629657694484E-5
2.2626418271532E-5
2.2623179965482E-5
2.2619942775726E-5
2.2616706701654E-5
2.2613471742659E-5
2.2610237898133E-5
2.2607005167468E-5
2.2603773550057E-5
2.2600543045296E-5
2.2597313652577E-5
2.2594085371295E-5
2.2590858200845E-5
2.2587632140622E-5
2.2584407190023E-5
2.2581183348444E-5
2.2577960615281E-5
2.2574738989933E-5
2.2571518471796E-5
2.2568299060268E-5
2.2565080754749E-5
2.2561863554638E-5
2.2558647459333E-5
2.2555432468235E-5
2.2552218580744E-5
2.2549005796261E-5
2.2545794114188E-5
2.2542583533926E-5
2.2539374054876E-5
2.2536165676443E-5
2.2532958398029E-5
2.2529752219036E-5
2.252654713887E-5
2.2523343156935E-5
2.2520140272635E-5
2.2516938485376E-5
2.2513737794563E-5
2.2510538199603E-5
2.2507339699902E-5
2.2504142294867E-5
2.2500945983906E-5
2.2497750766426E-5
2.2494556641836E-5
2.2491363609545E-5
2.2488171668962E-5
2.2484980819496E-5
2.2481791060557E-5
2.2478602391557E-5
2.2475414811905E-5
2.2472228321014E-5
2.2469042918295E-5
2.2465858603161E-5
