0.018443531690186494
0.004501784803891142
0.002923817303400604
0.002227688211253444
0.00182551595915216
0.00156019004599586
0.001370506958685601
0.001227360518605563
0.001115034374922309
0.001024253485684954
9.49170722764647E-4
8.85906780307344E-4
8.31780806423591E-4
7.84877368263509E-4
7.43789372674368E-4
7.07458568753675E-4
6.75072853447609E-4
6.45998023541381E-4
6.19731161758708E-4
5.95868029388189E-4
5.74079771626623E-4
5.54095962020052E-4
5.35692053064527E-4
5.18679947341944E-4
5.02900816312931E-4
4.88219563003629E-4
4.74520503863017E-4
4.61703966384343E-4
4.49683582674929E-4
4.38384117645318E-4
4.2773971199224E-4
4.17692449987851E-4
4.0819118379975E-4
3.99190562043218E-4
3.90650222147445E-4
3.82534115038126E-4
3.74809937398413E-4
3.67448651936352E-4
3.60424080067298E-4
3.53712554509485E-4
3.47292621706971E-4
3.41144785895709E-4
3.35251288135093E-4
3.29595914828057E-4
3.24163831215303E-4
3.18941436105049E-4
3.13916234728268E-4
3.09076727121146E-4
3.04412309855236E-4
2.99913189279789E-4
2.95570304724804E-4
2.91375260348632E-4
2.87320264509815E-4
2.83398075706392E-4
2.79601954262982E-4
2.75925619061294E-4
2.72363208707031E-4
2.68909246608571E-4
2.65558609512804E-4
2.62306499103146E-4
2.59148416315688E-4
2.56080138073097E-4
2.53097696173382E-4
2.50197358102942E-4
2.47375609571187E-4
2.44629138588173E-4
2.41954820927643E-4
2.39349706836041E-4
2.36811008863986E-4
2.3433609071051E-4
2.31922456982524E-4
2.29567743782576E-4
2.2726971004737E-4
2.2502622956767E-4
2.22835283627519E-4
2.20694954207091E-4
2.18603417699173E-4
2.16558939094297E-4
2.14559866594002E-4
2.12604626615697E-4
2.10691719156105E-4
2.08819713483447E-4
2.06987244131322E-4
2.05193007169797E-4
2.03435756731406E-4
2.01714301771897E-4
2.0002750304727E-4
1.98374270290372E-4
1.96753559571742E-4
1.95164370830752E-4
1.93605745564289E-4
1.92076764661291E-4
1.90576546372462E-4
1.89104244405352E-4
1.87659046135817E-4
1.86240170927596E-4
1.84846868552401E-4
1.83478417703558E-4
1.82134124596729E-4
1.80813321651811E-4
1.79515366250515E-4
1.78239639564605E-4
1.76985545450082E-4
1.75752509403035E-4
1.74539977573134E-4
1.73347415831089E-4
1.72174308886606E-4
1.71020159453695E-4
1.69884487460353E-4
1.6876682929988E-4
1.67666737121271E-4
1.66583778156328E-4
1.65517534081263E-4
1.64467600410743E-4
1.63433585922445E-4
1.62415112110363E-4
1.61411812665154E-4
1.60423332980001E-4
1.59449329680517E-4
1.58489470177319E-4
1.57543432240029E-4
1.56610903591474E-4
1.55691581520992E-4
1.54785172515784E-4
1.53891391909337E-4
1.53009963545994E-4
1.52140619460811E-4
1.51283099573883E-4
1.50437151398384E-4
1.49602529761595E-4
1.4877899653826E-4
1.47966320395622E-4
1.47164276549547E-4
1.46372646531181E-4
1.455912179636E-4
1.44819784347958E-4
1.44058144858661E-4
1.43306104147127E-4
1.42563472153705E-4
1.41830063927371E-4
1.41105699452802E-4
1.40390203484503E-4
1.39683405387637E-4
1.38985138985241E-4
1.38295242411535E-4
1.37613557971038E-4
1.36939932003221E-4
1.36274214752449E-4
1.35616260242965E-4
1.34965926158691E-4
1.34323073727629E-4
1.33687567610648E-4
1.33059275794491E-4
1.32438069488772E-4
1.31823823026828E-4
1.31216413770236E-4
1.30615722016846E-4
1.30021630912175E-4
1.29434026364017E-4
1.28852796960142E-4
1.28277833888941E-4
1.27709030862902E-4
1.27146284044797E-4
1.26589491976474E-4
1.26038555510126E-4
1.25493377741967E-4
1.24953863948192E-4
1.2441992152314E-4
1.23891459919571E-4
1.23368390590964E-4
1.22850626935776E-4
1.22338084243557E-4
1.21830679642877E-4
1.21328332050969E-4
1.20830962125037E-4
1.20338492215162E-4
1.19850846318745E-4
1.19367950036421E-4
1.188897305294E-4
1.18416116478172E-4
1.17947038042531E-4
1.17482426822867E-4
1.17022215822673E-4
1.16566339412235E-4
1.16114733293449E-4
1.15667334465731E-4
1.15224081192982E-4
1.14784912971559E-4
1.14349770499228E-4
1.13918595645067E-4
1.13491331420263E-4
1.13067921949797E-4
1.12648312444969E-4
1.12232449176749E-4
1.11820279449903E-4
1.11411751577895E-4
1.11006814858509E-4
1.1060541955019E-4
1.10207516849075E-4
1.09813058866671E-4
1.09421998608186E-4
1.09034289951478E-4
1.08649887626592E-4
1.0826874719589E-4
1.07890825034722E-4
1.0751607831266E-4
1.07144464975233E-4
1.0677594372618E-4
1.06410474010194E-4
1.06048015996129E-4
1.0568853056068E-4
1.05331979272495E-4
1.0497832437672E-4
1.04627528779969E-4
1.04279556035681E-4
1.03934370329879E-4
1.03591936467308E-4
1.03252219857931E-4
1.02915186503788E-4
1.02580802986196E-4
1.02249036453283E-4
1.01919854607846E-4
1.01593225695522E-4
1.01269118493265E-4
1.00947502298115E-4
1.00628346916258E-4
1.00311622652359E-4
9.9997300299166E-5
9.9685351127379E-5
9.9375746875766E-5
9.9068459741531E-5
9.8763462370924E-5
9.8460727850067E-5
9.8160229696031E-5
9.7861941848109E-5
9.7565838659317E-5
9.7271894888089E-5
9.6980085690186E-5
9.6690386610791E-5
9.6402773576799E-5
9.6117222889285E-5
9.5833711216157E-5
9.5552215584981E-5
9.5272713375975E-5
9.499518231517E-5
9.4719600467727E-5
9.4445946231412E-5
9.4174198330223E-5
9.3904335808168E-5
9.3636338023174E-5
9.3370184641152E-5
9.3105855630187E-5
9.2843331254857E-5
9.2582592070697E-5
9.2323618918769E-5
9.2066392920369E-5
9.1810895471841E-5
9.1557108239515E-5
9.1305013154755E-5
9.1054592409114E-5
9.08058284496E-5
9.0558703974042E-5
9.0313201926562E-5
9.0069305493143E-5
8.9826998097292E-5
8.9586263395796E-5
8.934708527458E-5
8.9109447844637E-5
8.8873335438058E-5
8.8638732604144E-5
8.8405624105595E-5
8.8173994914787E-5
8.7943830210124E-5
8.7715115372464E-5
8.7487835981627E-5
8.7261977812968E-5
8.7037526834028E-5
8.6814469201246E-5
8.6592791256748E-5
8.6372479525196E-5
8.6153520710706E-5
8.5935901693822E-5
8.5719609528558E-5
8.5504631439499E-5
8.5290954818957E-5
8.5078567224187E-5
8.486745637466E-5
8.4657610149385E-5
8.4449016584293E-5
8.4241663869663E-5
8.4035540347608E-5
8.3830634509602E-5
8.3626934994066E-5
8.3424430583989E-5
8.3223110204605E-5
8.302296292111E-5
8.2823977936427E-5
8.262614458901E-5
8.2429452350695E-5
8.2233890824586E-5
