0.001622654934804375
0.00141791702590836
0.001265804721330128
0.001147661334908815
0.001052847676341738
9.748177666605E-4
9.09305831725056E-4
8.53403812706527E-4
8.05055797653621E-4
7.62764074013437E-4
7.25409771504737E-4
6.92138935075112E-4
6.62287653208564E-4
6.35331394464287E-4
6.10849844622397E-4
5.88501953512666E-4
5.68007875763491E-4
5.49135670175824E-4
5.3169134898158E-4
5.15511327273656E-4
5.00456619775832E-4
4.86408328229239E-4
4.73264094716116E-4
4.60935286712037E-4
4.49344742639547E-4
4.38424951187553E-4
4.28116569516659E-4
4.18367208565745E-4
4.09130430613148E-4
4.00364916802725E-4
3.92033771747713E-4
3.84103939432222E-4
3.76545710049476E-4
3.69332301582227E-4
3.62439503158965E-4
3.55845369738959E-4
3.49529959659314E-4
3.434751081433E-4
3.37664231115987E-4
3.3208215467108E-4
3.26714966336446E-4
3.21549884935958E-4
3.16575146374321E-4
3.1177990310377E-4
3.07154135386543E-4
3.02688572759705E-4
2.98374624351366E-4
2.94204316898857E-4
2.90170239487667E-4
2.86265494170928E-4
2.82483651747638E-4
2.78818712077832E-4
2.75265068397474E-4
2.71817475167667E-4
2.68471019053927E-4
2.65221092683513E-4
2.62063370873517E-4
2.58993789060854E-4
2.56008523698358E-4
2.53103974409749E-4
2.50276747720942E-4
2.4752364220659E-4
2.44841634909405E-4
2.42227868906008E-4
2.39679641907268E-4
2.3719439579344E-4
2.34769706995349E-4
2.32403277642376E-4
2.30092927406405E-4
2.27836585978341E-4
2.25632286120329E-4
2.23478157242603E-4
2.21372419459028E-4
2.19313378079973E-4
2.17299418505194E-4
2.15329001483026E-4
2.13400658705389E-4
2.11512988711029E-4
2.09664653071933E-4
2.07854372840228E-4
2.06080925234888E-4
2.04343140549466E-4
2.02639899263737E-4
2.00970129343617E-4
1.99332803715121E-4
1.97726937899318E-4
1.96151587796378E-4
1.94605847607764E-4
1.93088847886587E-4
1.91599753706918E-4
1.9013776294363E-4
1.88702104655021E-4
1.87292037561048E-4
1.85906848610641E-4
1.84545851631998E-4
1.83208386060299E-4
1.81893815737655E-4
1.80601527780526E-4
1.79330931510206E-4
1.78081457442279E-4
1.76852556331263E-4
1.75643698266938E-4
1.74454371819105E-4
1.73284083227757E-4
1.72132355635845E-4
1.70998728362051E-4
1.69882756211111E-4
1.68784008819463E-4
1.67702070034087E-4
1.66636537322593E-4
1.65587021212718E-4
1.6455314475953E-4
1.63534543038742E-4
1.62530862664639E-4
1.61541761331235E-4
1.60566907375364E-4
1.59605979360445E-4
1.58658665679838E-4
1.57724664178672E-4
1.56803681793156E-4
1.55895434206441E-4
1.54999645520134E-4
1.54116047940641E-4
1.53244381479563E-4
1.52384393667399E-4
1.51535839279885E-4
1.5069848007629E-4
1.498720845491E-4
1.49056427684475E-4
1.48251290732964E-4
1.47456460989944E-4
1.46671731585328E-4
1.45896901282058E-4
1.45131774282985E-4
1.44376160045691E-4
1.43629873104918E-4
1.42892732902192E-4
1.42164563622349E-4
1.41445194036589E-4
1.40734457351795E-4
1.40032191065803E-4
1.39338236828356E-4
1.38652440307475E-4
1.37974651061005E-4
1.37304722413117E-4
1.36642511335506E-4
1.35987878333119E-4
1.35340687334179E-4
1.34700805584338E-4
1.34068103544761E-4
1.33442454793987E-4
1.32823735933387E-4
1.32211826496083E-4
1.31606608859164E-4
1.31007968159069E-4
1.3041579221E-4
1.29829971425241E-4
1.29250398741261E-4
1.28676969544483E-4
1.28109581600615E-4
1.27548134986435E-4
1.26992532023928E-4
1.26442677216689E-4
1.25898477188493E-4
1.25359840623947E-4
1.24826678211144E-4
1.24298902586239E-4
1.23776428279872E-4
1.23259171665365E-4
1.22747050908626E-4
1.22239985919693E-4
1.21737898305859E-4
1.21240711326309E-4
1.20748349848221E-4
1.20260740304273E-4
1.19777810651503E-4
1.19299490331469E-4
1.18825710231667E-4
1.18356402648151E-4
1.1789150124933E-4
1.17430941040869E-4
1.16974658331686E-4
1.16522590700986E-4
1.16074676966298E-4
1.15630857152482E-4
1.15191072461673E-4
1.14755265244124E-4
1.14323378969924E-4
1.13895358201548E-4
1.13471148567226E-4
1.13050696735088E-4
1.12633950388071E-4
1.12220858199551E-4
1.1181136980968E-4
1.11405435802412E-4
1.11003007683177E-4
1.10604037857198E-4
1.10208479608421E-4
1.09816287079044E-4
1.09427415249611E-4
1.09041819919672E-4
1.08659457688979E-4
1.08280285939199E-4
1.07904262816136E-4
1.07531347212436E-4
1.07161498750761E-4
1.06794677767433E-4
1.06430845296507E-4
1.06069963054276E-4
1.05711993424195E-4
1.053568994422E-4
1.05004644782427E-4
1.04655193743294E-4
1.0430851123396E-4
1.03964562761136E-4
1.03623314416232E-4
1.03284732862853E-4
1.02948785324599E-4
1.02615439573193E-4
1.02284663916905E-4
1.01956427189274E-4
1.01630698738116E-4
1.01307448414807E-4
1.00986646563837E-4
1.00668264012628E-4
1.00352272061599E-4
1.00038642474483E-4
9.9727347468885E-5
9.9418359707062E-5
9.9111652286942E-5
9.8807198733353E-5
9.8504972989466E-5
9.8204949408448E-5
9.7907102745316E-5
9.7611408148982E-5
9.7317841154492E-5
9.7026377675446E-5
9.6736993996604E-5
9.6449666766659E-5
9.6164372991182E-5
9.5881090025734E-5
9.5599795569138E-5
9.5320467656904E-5
9.504308465481E-5
9.4767625252627E-5
9.4494068457994E-5
9.422239359042E-5
9.3952580275441E-5
9.3684608438892E-5
9.3418458301319E-5
9.3154110372509E-5
9.2891545446154E-5
9.2630744594617E-5
9.2371689163831E-5
9.2114360768299E-5
9.1858741286212E-5
9.1604812854669E-5
9.1352557865002E-5
9.1101958958208E-5
9.0852999020471E-5
9.0605661178794E-5
9.0359928796707E-5
9.0115785470088E-5
8.9873215023056E-5
8.9632201503959E-5
8.939272918145E-5
8.9154782540639E-5
8.8918346279327E-5
8.8683405304326E-5
8.8449944727854E-5
8.8217949863994E-5
8.7987406225241E-5
8.7758299519111E-5
8.7530615644829E-5
8.7304340690071E-5
8.707946092779E-5
8.6855962813089E-5
8.6633832980175E-5
8.6413058239357E-5
8.6193625574122E-5
8.5975522138254E-5
8.5758735253024E-5
8.5543252404425E-5
8.532906124047E-5
8.5116149568542E-5
8.4904505352789E-5
8.4694116711586E-5
8.4484971915027E-5
8.4277059382483E-5
8.4070367680198E-5
8.3864885518936E-5
8.3660601751668E-5
8.3457505371315E-5
8.3255585508519E-5
8.3054831429469E-5
8.2855232533765E-5
8.2656778352319E-5
8.2459458545302E-5
8.2263262900123E-5
8.2068181329451E-5
8.1874203869276E-5
8.1681320676996E-5
8.1489522029557E-5
8.1298798321605E-5
8.1109140063696E-5
8.0920537880521E-5
8.0732982509173E-5
8.0546464797441E-5
8.036097570214E-5
8.017650628747E-5
7.99930477234E-5
7.9810591284088E-5
7.9629128346325E-5
7.944865038801E-5
7.9269148986651E-5
7.9090615817891E-5
7.8913042654066E-5
7.8736421362781E-5
7.8560743905517E-5
7.8386002336263E-5
7.8212188800163E-5
7.8039295532202E-5
7.7867314855903E-5
7.7696239182049E-5
7.7526061007431E-5
7.7356772913615E-5
7.718836756573E-5
7.7020837711279E-5
7.6854176178968E-5
7.6688375877556E-5
7.6523429794727E-5
7.6359330995977E-5
7.6196072623525E-5
7.6033647895233E-5
7.5872050103561E-5
7.571127261452E-5
7.5551308866657E-5
7.5392152370051E-5
7.5233796705327E-5
7.5076235522684E-5
7.4919462540945E-5
7.4763471546616E-5
7.4608256392966E-5
7.4453810999119E-5
7.430012934916E-5
7.4147205491258E-5
7.3995033536807E-5
7.3843607659568E-5
7.3692922094842E-5
7.3542971138643E-5
7.3393749146889E-5
7.3245250534612E-5
7.3097469775165E-5
7.2950401399464E-5
7.2804039995218E-5
7.265838020619E-5
7.2513416731461E-5
7.2369144324708E-5
7.222555779349E-5
7.2082651998553E-5
7.1940421853136E-5
7.1798862322295E-5
7.1657968422235E-5
7.1517735219653E-5
7.1378157831091E-5
7.1239231422299E-5
7.1100951207608E-5
7.0963312449309E-5
7.0826310457052E-5
7.0689940587241E-5
7.0554198242446E-5
7.0419078870824E-5
7.0284577965547E-5
7.0150691064237E-5
7.0017413748411E-5
6.9884741642938E-5
6.97526704155E-5
6.962119577606E-5
6.949031347634E-5
6.9360019309309E-5
6.9230309108676E-5
6.910117874839E-5
6.8972624142148E-5
6.884464124291E-5
6.8717226042424E-5
6.8590374570755E-5
6.8464082895821E-5
6.8338347122935E-5
6.8213163394358E-5
6.8088527888854E-5
6.7964436821252E-5
6.7840886442018E-5
6.7717873036828E-5
6.7595392926151E-5
6.7473442464837E-5
6.7352018041707E-5
6.7231116079158E-5
6.7110733032765E-5
6.6990865390892E-5
6.6871509674307E-5
6.6752662435806E-5
6.6634320259839E-5
6.6516479762142E-5
6.6399137589373E-5
6.6282290418758E-5
6.6165934957737E-5
6.6050067943613E-5
6.5934686143214E-5
6.5819786352554E-5
6.5705365396497E-5
6.559142012843E-5
6.5477947429939E-5
6.536494421049E-5
6.5252407407113E-5
6.5140333984087E-5
6.502872093264E-5
6.4917565270644E-5
6.4806864042312E-5
6.4696614317909E-5
6.4586813193461E-5
6.4477457790464E-5
6.4368545255606E-5
6.4260072760487E-5
6.415203750134E-5
6.4044436698765E-5
6.3937267597458E-5
6.3830527465947E-5
6.3724213596332E-5
6.3618323304025E-5
6.3512853927501E-5
6.3407802828041E-5
6.3303167389491E-5
6.3198945018011E-5
6.3095133141841E-5
6.2991729211059E-5
6.2888730697348E-5
6.2786135093762E-5
6.2683939914501E-5
6.2582142694681E-5
6.2480740990116E-5
6.2379732377094E-5
6.2279114452162E-5
6.2178884831912E-5
6.2079041152769E-5
6.197958107078E-5
6.1880502261411E-5
6.1781802419341E-5
6.1683479258265E-5
6.1585530510689E-5
6.148795392774E-5
6.139074727897E-5
6.1293908352162E-5
6.119743495315E-5
6.1101324905623E-5
6.1005576050948E-5
6.0910186247981E-5
6.0815153372898E-5
6.0720475319006E-5
6.0626149996579E-5
6.0532175332677E-5
6.0438549270978E-5
6.0345269771613E-5
6.0252334810992E-5
6.0159742381646E-5
6.0067490492061E-5
5.997557716652E-5
5.9884000444942E-5
5.9792758382726E-5
5.9701849050597E-5
5.9611270534453E-5
5.9521020935214E-5
5.9431098368671E-5
5.9341500965343E-5
5.9252226870324E-5
5.9163274243147E-5
5.9074641257638E-5
5.8986326101773E-5
5.8898326977545E-5
5.8810642100823E-5
5.8723269701216E-5
5.8636208021941E-5
5.854945531969E-5
5.8463009864499E-5
5.8376869939619E-5
5.8291033841386E-5
5.82054998791E-5
5.8120266374894E-5
5.8035331663614E-5
5.7950694092699E-5
5.7866352022053E-5
5.7782303823937E-5
5.7698547882841E-5
5.7615082595373E-5
5.7531906370143E-5
5.7449017627648E-5
5.7366414800162E-5
5.7284096331624E-5
5.7202060677526E-5
5.7120306304805E-5
5.7038831691741E-5
5.6957635327842E-5
5.6876715713746E-5
5.6796071361113E-5
5.6715700792528E-5
5.663560254139E-5
5.6555775151821E-5
5.6476217178563E-5
5.6396927186878E-5
5.6317903752457E-5
5.6239145461317E-5
5.616065090971E-5
5.6082418704029E-5
5.6004447460716E-5
5.5926735806167E-5
5.5849282376644E-5
5.5772085818187E-5
5.569514478652E-5
5.5618457946969E-5
5.554202397437E-5
5.5465841552987E-5
5.5389909376427E-5
5.5314226147552E-5
5.5238790578401E-5
5.5163601390105E-5
5.5088657312806E-5
5.5013957085578E-5
5.4939499456346E-5
5.4865283181805E-5
5.4791307027349E-5
5.4717569766989E-5
5.4644070183276E-5
5.4570807067229E-5
5.4497779218258E-5
5.4424985444092E-5
5.4352424560705E-5
5.4280095392243E-5
5.4207996770955E-5
5.413612753712E-5
5.4064486538979E-5
5.3993072632662E-5
5.3921884682127E-5
5.3850921559082E-5
5.3780182142928E-5
5.3709665320686E-5
5.3639369986934E-5
5.3569295043742E-5
5.3499439400608E-5
5.3429801974391E-5
5.3360381689253E-5
5.3291177476594E-5
5.322218827499E-5
5.3153413030133E-5
5.3084850694773E-5
5.301650022865E-5
5.2948360598446E-5
5.2880430777716E-5
5.281270974684E-5
5.2745196492955E-5
5.2677890009908E-5
5.2610789298194E-5
5.25438933649E-5
5.2477201223655E-5
5.241071189457E-5
5.2344424404187E-5
5.2278337785425E-5
5.2212451077526E-5
5.2146763326004E-5
5.2081273582594E-5
5.2015980905198E-5
5.1950884357835E-5
5.1885983010593E-5
5.1821275939576E-5
5.1756762226858E-5
5.169244096043E-5
5.1628311234156E-5
5.1564372147722E-5
5.150062280659E-5
5.1437062321951E-5
5.137368981068E-5
5.1310504395285E-5
5.1247505203868E-5
5.1184691370074E-5
5.1122062033051E-5
5.1059616337404E-5
5.0997353433151E-5
5.0935272475678E-5
5.0873372625698E-5
5.081165304921E-5
5.0750112917454E-5
5.068875140687E-5
5.0627567699057E-5
5.0566560980732E-5
5.050573044369E-5
5.0445075284764E-5
5.0384594705783E-5
5.0324287913536E-5
5.0264154119729E-5
5.020419254095E-5
5.0144402398631E-5
5.0084782919006E-5
5.0025333333075E-5
4.9966052876571E-5
4.9906940789918E-5
4.9847996318195E-5
4.9789218711105E-5
4.9730607222931E-5
4.967216111251E-5
4.9613879643187E-5
4.955576208279E-5
4.949780770359E-5
4.944001578227E-5
4.9382385599887E-5
4.9324916441843E-5
4.9267607597848E-5
4.921045836189E-5
4.91534680322E-5
4.9096635911224E-5
4.9039961305583E-5
4.8983443526051E-5
4.8927081887514E-5
4.8870875708948E-5
4.8814824313381E-5
4.8758927027867E-5
4.8703183183451E-5
4.8647592115144E-5
4.8592153161891E-5
4.8536865666542E-5
4.8481728975821E-5
4.8426742440299E-5
4.8371905414365E-5
4.8317217256197E-5
4.8262677327735E-5
4.8208284994651E-5
4.8154039626324E-5
4.809994059581E-5
4.8045987279817E-5
4.7992179058675E-5
4.7938515316315E-5
4.7884995440236E-5
4.7831618821483E-5
4.7778384854619E-5
4.7725292937701E-5
4.7672342472252E-5
4.7619532863238E-5
4.7566863519044E-5
4.7514333851443E-5
4.7461943275579E-5
4.7409691209939E-5
4.7357577076326E-5
4.7305600299842E-5
4.7253760308858E-5
4.7202056534994E-5
4.7150488413091E-5
4.7099055381195E-5
4.7047756880528E-5
4.6996592355468E-5
4.6945561253526E-5
4.6894663025323E-5
4.6843897124568E-5
4.6793263008037E-5
4.6742760135551E-5
4.6692387969951E-5
4.6642145977083E-5
4.6592033625771E-5
4.6542050387799E-5
4.6492195737889E-5
4.6442469153679E-5
4.6392870115708E-5
4.6343398107387E-5
4.6294052614986E-5
4.6244833127613E-5
4.6195739137189E-5
4.6146770138434E-5
4.6097925628846E-5
4.604920510868E-5
4.600060808093E-5
4.5952134051311E-5
4.5903782528238E-5
4.5855553022808E-5
4.5807445048784E-5
4.5759458122573E-5
4.5711591763208E-5
4.5663845492334E-5
4.5616218834184E-5
4.5568711315568E-5
4.5521322465849E-5
4.547405181693E-5
4.5426898903234E-5
4.5379863261688E-5
4.5332944431705E-5
4.528614195517E-5
4.523945537642E-5
4.5192884242227E-5
4.5146428101785E-5
4.5100086506689E-5
4.5053859010925E-5
4.5007745170847E-5
4.4961744545164E-5
4.4915856694929E-5
4.4870081183513E-5
4.4824417576598E-5
4.4778865442158E-5
4.4733424350445E-5
4.4688093873972E-5
4.46428735875E-5
4.4597763068023E-5
4.4552761894749E-5
4.4507869649092E-5
4.4463085914651E-5
4.4418410277201E-5
4.4373842324674E-5
4.4329381647148E-5
4.4285027836831E-5
4.4240780488048E-5
4.4196639197227E-5
4.4152603562884E-5
4.4108673185611E-5
4.4064847668061E-5
4.4021126614937E-5
4.3977509632973E-5
4.3933996330927E-5
4.3890586319567E-5
4.3847279211653E-5
4.3804074621929E-5
4.3760972167107E-5
4.3717971465858E-5
4.3675072138796E-5
4.3632273808465E-5
4.3589576099331E-5
4.3546978637764E-5
4.350448105203E-5
4.3462082972277E-5
4.3419784030521E-5
4.3377583860641E-5
4.3335482098356E-5
4.3293478381227E-5
4.325157234863E-5
4.3209763641758E-5
4.3168051903602E-5
4.3126436778939E-5
4.3084917914326E-5
4.3043494958084E-5
4.3002167560288E-5
4.2960935372758E-5
4.2919798049046E-5
4.2878755244424E-5
4.2837806615877E-5
4.2796951822086E-5
4.2756190523425E-5
4.2715522381946E-5
4.2674947061367E-5
4.2634464227066E-5
4.2594073546067E-5
4.255377468703E-5
4.2513567320244E-5
4.2473451117614E-5
4.2433425752652E-5
4.2393490900465E-5
4.2353646237748E-5
4.2313891442774E-5
4.2274226195382E-5
4.2234650176968E-5
4.2195163070478E-5
4.2155764560393E-5
4.2116454332728E-5
4.2077232075012E-5
4.203809747629E-5
4.1999050227102E-5
4.1960090019485E-5
4.1921216546956E-5
4.1882429504507E-5
4.1843728588593E-5
4.1805113497127E-5
4.1766583929468E-5
4.1728139586412E-5
4.1689780170187E-5
4.1651505384438E-5
4.1613314934227E-5
4.1575208526016E-5
4.1537185867663E-5
4.1499246668415E-5
4.1461390638895E-5
4.1423617491097E-5
4.1385926938376E-5
4.1348318695444E-5
4.1310792478355E-5
4.1273348004503E-5
4.123598499261E-5
4.1198703162723E-5
4.1161502236198E-5
4.1124381935701E-5
4.1087341985196E-5
4.1050382109935E-5
4.1013502036456E-5
4.0976701492571E-5
4.0939980207359E-5
4.0903337911161E-5
4.0866774335571E-5
4.0830289213428E-5
4.0793882278808E-5
4.0757553267019E-5
4.0721301914594E-5
4.0685127959281E-5
4.0649031140039E-5
4.0613011197027E-5
4.0577067871601E-5
4.0541200906305E-5
4.0505410044866E-5
4.0469695032183E-5
4.0434055614326E-5
4.0398491538522E-5
4.0363002553156E-5
4.0327588407759E-5
4.0292248853002E-5
4.0256983640693E-5
4.0221792523765E-5
4.0186675256276E-5
4.0151631593395E-5
4.0116661291402E-5
4.0081764107678E-5
4.0046939800701E-5
4.0012188130037E-5
3.9977508856337E-5
3.9942901741329E-5
3.9908366547811E-5
3.9873903039645E-5
3.9839510981755E-5
3.9805190140117E-5
3.9770940281751E-5
3.973676117472E-5
3.9702652588124E-5
3.9668614292088E-5
3.9634646057764E-5
3.9600747657321E-5
3.9566918863937E-5
3.9533159451799E-5
3.9499469196095E-5
3.9465847873005E-5
3.9432295259702E-5
3.9398811134339E-5
3.9365395276051E-5
3.9332047464942E-5
3.9298767482087E-5
3.9265555109522E-5
3.9232410130236E-5
3.9199332328176E-5
3.916632148823E-5
3.9133377396228E-5
3.9100499838936E-5
3.906768860405E-5
3.9034943480191E-5
3.9002264256902E-5
3.8969650724639E-5
3.8937102674768E-5
3.8904619899562E-5
3.8872202192193E-5
3.8839849346727E-5
3.8807561158121E-5
3.8775337422218E-5
3.8743177935741E-5
3.8711082496288E-5
3.8679050902328E-5
3.8647082953199E-5
3.8615178449095E-5
3.8583337191072E-5
3.8551558981035E-5
3.8519843621738E-5
3.8488190916776E-5
3.8456600670584E-5
3.8425072688431E-5
3.8393606776413E-5
3.8362202741454E-5
3.8330860391296E-5
3.8299579534498E-5
3.8268359980429E-5
3.8237201539267E-5
3.8206104021992E-5
3.8175067240383E-5
3.8144091007013E-5
3.8113175135244E-5
3.8082319439226E-5
3.8051523733889E-5
3.8020787834941E-5
3.7990111558862E-5
3.7959494722904E-5
3.7928937145082E-5
3.7898438644173E-5
3.7867999039709E-5
3.7837618151977E-5
3.7807295802013E-5
3.7777031811598E-5
3.7746826003253E-5
3.7716678200238E-5
3.7686588226545E-5
3.7656555906896E-5
3.7626581066738E-5
3.759666353224E-5
3.7566803130291E-5
3.7536999688491E-5
3.7507253035155E-5
3.7477562999299E-5
3.7447929410648E-5
3.7418352099624E-5
3.7388830897343E-5
3.7359365635617E-5
3.7329956146944E-5
3.7300602264507E-5
3.7271303822174E-5
3.7242060654485E-5
3.7212872596661E-5
3.7183739484589E-5
3.7154661154826E-5
3.7125637444594E-5
3.7096668191773E-5
3.7067753234901E-5
3.7038892413172E-5
3.7010085566429E-5
3.6981332535162E-5
3.6952633160505E-5
3.6923987284233E-5
3.6895394748759E-5
3.6866855397129E-5
3.6838369073019E-5
3.6809935620736E-5
3.6781554885207E-5
3.6753226711985E-5
3.6724950947237E-5
3.6696727437747E-5
3.6668556030912E-5
3.6640436574735E-5
3.6612368917826E-5
3.6584352909398E-5
3.6556388399264E-5
3.6528475237833E-5
3.6500613276106E-5
3.6472802365677E-5
3.6445042358727E-5
3.6417333108022E-5
3.6389674466907E-5
3.636206628931E-5
3.6334508429732E-5
3.6307000743249E-5
3.6279543085504E-5
3.6252135312712E-5
3.6224777281648E-5
3.6197468849653E-5
3.6170209874623E-5
3.6143000215013E-5
3.6115839729829E-5
3.6088728278631E-5
3.6061665721523E-5
3.6034651919156E-5
3.6007686732725E-5
3.5980770023963E-5
3.5953901655141E-5
3.5927081489063E-5
3.5900309389067E-5
3.587358521902E-5
3.5846908843314E-5
3.5820280126867E-5
3.5793698935118E-5
3.5767165134024E-5
3.574067859006E-5
3.5714239170215E-5
3.5687846741987E-5
3.5661501173385E-5
3.5635202332925E-5
3.5608950089626E-5
3.5582744313008E-5
3.5556584873091E-5
3.5530471640393E-5
3.5504404485922E-5
3.5478383281182E-5
3.5452407898167E-5
3.5426478209353E-5
3.5400594087707E-5
3.5374755406675E-5
3.5348962040183E-5
3.5323213862637E-5
3.5297510748916E-5
3.5271852574375E-5
3.5246239214837E-5
3.5220670546595E-5
3.5195146446411E-5
3.5169666791507E-5
3.5144231459571E-5
3.5118840328747E-5
3.509349327764E-5
3.5068190185308E-5
3.5042930931265E-5
3.5017715395474E-5
3.4992543458347E-5
3.4967415000743E-5
3.4942329903969E-5
3.4917288049769E-5
3.4892289320332E-5
3.4867333598285E-5
3.4842420766688E-5
3.481755070904E-5
3.479272330927E-5
