9.11839908957697E-4
8.46919546176706E-4
7.91976504717296E-4
7.44793547377473E-4
7.03775120149054E-4
6.67741934566564E-4
6.35802365469197E-4
6.07269003493864E-4
5.81602822145728E-4
5.5837481627426E-4
5.37239025563871E-4
5.17913171469936E-4
5.00164503381834E-4
4.83799282487611E-4
4.68654852835142E-4
4.54593583086625E-4
4.4149818129885E-4
4.29268031300437E-4
4.17816298733805E-4
4.07067623644257E-4
3.96956264814801E-4
3.87424595442684E-4
3.78421874557537E-4
3.69903236680696E-4
3.61828855579295E-4
3.54163247923222E-4
3.46874690144946E-4
3.39934727491874E-4
3.33317758618162E-4
3.27000682426729E-4
3.20962596488242E-4
3.15184538412974E-4
3.09649263167069E-4
3.04341050606745E-4
2.99245538527314E-4
2.94349577345425E-4
2.89641103195998E-4
2.85109026763264E-4
2.80743135603931E-4
2.76534008079689E-4
2.72472937311857E-4
2.68551863815188E-4
2.64763315670441E-4
2.6110035526414E-4
2.57556531764965E-4
2.54125838624661E-4
2.50802675491014E-4
2.47581814004602E-4
2.44458367022459E-4
2.41427760872396E-4
2.38485710293477E-4
2.3562819576235E-4
2.32851442943075E-4
2.30151904030661E-4
2.27526240786678E-4
2.24971309089502E-4
2.22484144842861E-4
2.20061951104579E-4
2.17702086313268E-4
2.15402053504629E-4
2.13159490421081E-4
2.1097216042906E-4
2.08837944167619E-4
2.06754831860159E-4
2.04720916228287E-4
2.02734385953187E-4
2.00793519635462E-4
1.98896680209451E-4
1.97042309772328E-4
1.95228924792339E-4
1.93455111663891E-4
1.91719522580407E-4
1.90020871698588E-4
1.88357931570223E-4
1.86729529819879E-4
1.85134546048829E-4
1.83571908947319E-4
1.82040593598921E-4
1.80539618962125E-4
1.79068045515648E-4
1.77624973055094E-4
1.76209538629677E-4
1.74820914608656E-4
1.73458306868014E-4
1.72120953088701E-4
1.70808121158442E-4
1.69519107669816E-4
1.68253236507855E-4
1.67009857520937E-4
1.65788345269315E-4
1.64588097845958E-4
1.63408535764871E-4
1.62249100912408E-4
1.61109255557418E-4
1.59988481416376E-4
1.58886278769977E-4
1.57802165627853E-4
1.56735676938411E-4
1.55686363840925E-4
1.54653792957251E-4
1.5363754572075E-4
1.52637217740117E-4
1.51652418196009E-4
1.50682769268517E-4
1.49727905593631E-4
1.48787473746996E-4
1.47861131753359E-4
1.4694854862023E-4
1.46049403894349E-4
1.4516338723967E-4
1.44290198035646E-4
1.43429544994679E-4
1.4258114579766E-4
1.41744726746609E-4
1.40920022433498E-4
1.40106775424337E-4
1.39304735957746E-4
1.38513661657211E-4
1.3773331725632E-4
1.36963474336277E-4
1.3620391107507E-4
1.35454412007687E-4
1.34714767796803E-4
1.33984775013416E-4
1.3326423592693E-4
1.32552958304197E-4
1.31850755217089E-4
1.31157444858165E-4
1.30472850364043E-4
1.29796799646105E-4
1.29129125228158E-4
1.28469664090754E-4
1.27818257521822E-4
1.27174750973316E-4
1.26538993923614E-4
1.25910839745381E-4
1.25290145578649E-4
1.24676772208879E-4
1.24070583949767E-4
1.23471448530586E-4
1.22879236987855E-4
1.2229382356115E-4
1.21715085592852E-4
1.21142903431686E-4
1.20577160339859E-4
1.20017742403657E-4
1.1946453844734E-4
1.18917439950202E-4
1.18376340966647E-4
1.17841138049173E-4
1.17311730174123E-4
1.16788018670089E-4
1.16269907148873E-4
1.15757301438876E-4
1.15250109520834E-4
1.147482414658E-4
1.1425160937527E-4
1.1376012732338E-4
1.13273711301085E-4
1.12792279162235E-4
1.12315750571488E-4
1.11844046953964E-4
1.11377091446596E-4
1.10914808851097E-4
1.10457125588483E-4
1.10003969655089E-4
1.09555270580033E-4
1.09110959384055E-4
1.08670968539693E-4
1.08235231932738E-4
1.07803684824921E-4
1.07376263817788E-4
1.06952906817723E-4
1.06533553002058E-4
1.06118142786259E-4
1.05706617792122E-4
1.05298920816961E-4
1.04894995803734E-4
1.04494787812098E-4
1.04098242990336E-4
1.03705308548132E-4
1.0331593273018E-4
1.02930064790565E-4
1.02547654967928E-4
1.02168654461352E-4
1.01793015406967E-4
1.01420690855245E-4
1.01051634748945E-4
1.00685801901721E-4
1.00323147977324E-4
9.9963629469421E-5
9.9607203681983E-5
9.9253828710235E-5
9.8903463422145E-5
9.8556067440431E-5
9.8211601125083E-5
9.7870025556363E-5
9.7531302518283E-5
9.7195394482538E-5
9.6862264592884E-5
9.6531876649939E-5
9.6204195096407E-5
9.5879185002689E-5
9.5556812052899E-5
9.5237042531243E-5
9.4919843308771E-5
9.4605181830478E-5
9.4293026102742E-5
9.3983344681106E-5
9.3676106658371E-5
9.3371281652999E-5
9.3068839797828E-5
9.276875172907E-5
9.2470988575598E-5
9.2175521948499E-5
9.1882323930915E-5
9.1591367068113E-5
9.1302624357834E-5
9.1016069240867E-5
9.0731675591871E-5
9.0449417710416E-5
9.016927031226E-5
8.989120852083E-5
8.9615207858922E-5
8.9341244240597E-5
8.9069293963284E-5
8.8799333700068E-5
8.8531340492171E-5
8.8265291741609E-5
8.8001165204033E-5
8.773893898173E-5
8.7478591516805E-5
8.7220101584514E-5
8.6963448286761E-5
8.6708611045745E-5
8.6455569597754E-5
8.6204303987115E-5
8.5954794560269E-5
8.5707021959995E-5
8.5460967119765E-5
8.5216611258223E-5
8.4973935873801E-5
8.4732922739444E-5
8.4493553897472E-5
8.4255811654539E-5
8.4019678576724E-5
8.3785137484717E-5
8.3552171449128E-5
8.332076378588E-5
8.3090898051727E-5
8.2862558039854E-5
8.2635727775585E-5
8.2410391512173E-5
8.2186533726698E-5
8.196413911604E-5
8.1743192592945E-5
8.1523679282181E-5
8.1305584516765E-5
8.1088893834282E-5
8.0873592973277E-5
8.0659667869726E-5
8.0447104653578E-5
8.0235889645379E-5
8.0026009352952E-5
7.9817450468164E-5
7.9610199863751E-5
7.9404244590203E-5
7.9199571872731E-5
7.899616910828E-5
7.8794023862611E-5
7.8593123867447E-5
7.8393457017666E-5
7.8195011368559E-5
7.7997775133148E-5
7.7801736679543E-5
7.760688452837E-5
7.741320735024E-5
7.7220693963267E-5
7.7029333330647E-5
7.6839114558273E-5
7.6650026892402E-5
7.6462059717373E-5
7.6275202553357E-5
7.6089445054164E-5
7.5904777005091E-5
7.5721188320801E-5
7.553866904326E-5
7.5357209339697E-5
7.5176799500616E-5
7.4997429937842E-5
7.4819091182598E-5
7.4641773883633E-5
7.4465468805371E-5
7.4290166826105E-5
7.4115858936218E-5
7.3942536236443E-5
7.3770189936156E-5
7.3598811351693E-5
7.3428391904707E-5
7.3258923120555E-5
7.3090396626706E-5
7.2922804151193E-5
7.2756137521077E-5
7.2590388660953E-5
7.2425549591477E-5
7.2261612427918E-5
7.209856937874E-5
7.1936412744212E-5
7.1775134915035E-5
7.1614728371003E-5
7.1455185679677E-5
7.1296499495096E-5
7.1138662556502E-5
7.0981667687089E-5
7.0825507792774E-5
7.0670175860993E-5
7.0515664959517E-5
7.0361968235284E-5
7.0209078913258E-5
7.0056990295304E-5
6.9905695759086E-5
6.9755188756978E-5
6.9605462815001E-5
6.9456511531772E-5
6.9308328577479E-5
6.9160907692862E-5
6.9014242688223E-5
6.8868327442447E-5
6.872315590204E-5
6.8578722080183E-5
6.8435020055805E-5
6.8292043972667E-5
6.8149788038466E-5
6.800824652395E-5
6.7867413762052E-5
6.7727284147033E-5
6.7587852133644E-5
6.7449112236301E-5
6.7311059028271E-5
6.7173687140872E-5
6.7036991262691E-5
6.6900966138808E-5
6.6765606570036E-5
6.6630907412176E-5
6.6496863575275E-5
6.6363470022909E-5
6.6230721771466E-5
6.6098613889447E-5
6.5967141496777E-5
6.5836299764124E-5
6.5706083912233E-5
6.5576489211272E-5
6.5447510980177E-5
6.5319144586024E-5
6.5191385443398E-5
6.5064229013779E-5
6.4937670804932E-5
6.4811706370312E-5
6.4686331308475E-5
6.45615412625E-5
6.4437331919416E-5
6.4313699009646E-5
6.4190638306451E-5
6.4068145625386E-5
6.3946216823765E-5
6.3824847800135E-5
6.3704034493753E-5
6.3583772884079E-5
6.3464058990269E-5
6.3344888870679E-5
6.322625862238E-5
6.3108164380671E-5
6.2990602318611E-5
6.2873568646549E-5
6.2757059611662E-5
6.2641071497507E-5
6.2525600623572E-5
6.2410643344833E-5
6.2296196051328E-5
6.2182255167724E-5
6.20688171529E-5
6.1955878499531E-5
6.184343573368E-5
6.1731485414397E-5
6.1620024133319E-5
6.1509048514284E-5
6.1398555212942E-5
6.1288540916378E-5
6.1179002342738E-5
6.1069936240858E-5
6.0961339389904E-5
6.0853208599009E-5
6.0745540706925E-5
6.0638332581674E-5
6.0531581120203E-5
6.0425283248046E-5
6.0319435918994E-5
6.021403611476E-5
6.0109080844661E-5
6.0004567145296E-5
5.990049208023E-5
5.9796852739686E-5
5.9693646240236E-5
5.9590869724499E-5
5.9488520360846E-5
5.9386595343102E-5
5.928509189026E-5
5.9184007246194E-5
5.9083338679376E-5
5.8983083482599E-5
5.8883238972703E-5
5.8783802490305E-5
5.8684771399532E-5
5.8586143087756E-5
5.8487914965337E-5
5.8390084465365E-5
5.8292649043411E-5
5.819560617727E-5
5.8098953366726E-5
5.8002688133299E-5
5.7906808020013E-5
5.7811310591156E-5
5.7716193432047E-5
5.762145414881E-5
5.7527090368141E-5
5.743309973709E-5
5.7339479922835E-5
5.7246228612468E-5
5.7153343512778E-5
5.7060822350037E-5
5.6968662869793E-5
5.6876862836662E-5
5.6785420034124E-5
5.6694332264322E-5
5.6603597347862E-5
5.6513213123617E-5
5.6423177448531E-5
5.6333488197434E-5
5.6244143262845E-5
5.6155140554791E-5
5.6066478000622E-5
5.5978153544824E-5
5.589016514885E-5
5.5802510790932E-5
5.5715188465914E-5
5.5628196185072E-5
5.5541531975949E-5
5.5455193882188E-5
5.5369179963357E-5
5.5283488294794E-5
5.519811696744E-5
5.5113064087678E-5
5.502832777718E-5
5.4943906172743E-5
5.4859797426143E-5
5.4775999703977E-5
5.4692511187512E-5
5.4609330072542E-5
5.4526454569235E-5
5.4443882901991E-5
5.4361613309297E-5
5.4279644043589E-5
5.4197973371108E-5
5.4116599571763E-5
5.4035520938997E-5
5.3954735779647E-5
5.3874242413817E-5
5.3794039174742E-5
5.3714124408661E-5
5.3634496474685E-5
5.3555153744672E-5
5.3476094603103E-5
5.3397317446958E-5
5.3318820685587E-5
5.32406027406E-5
5.3162662045738E-5
5.3084997046761E-5
5.3007606201327E-5
5.2930487978878E-5
5.2853640860528E-5
5.2777063338948E-5
5.2700753918254E-5
5.2624711113901E-5
5.2548933452568E-5
5.2473419472056E-5
5.2398167721179E-5
5.2323176759659E-5
5.2248445158023E-5
5.2173971497498E-5
5.2099754369916E-5
5.2025792377605E-5
5.1952084133294E-5
5.1878628260018E-5
5.1805423391015E-5
5.1732468169634E-5
5.165976124924E-5
5.158730129312E-5
5.1515086974388E-5
5.1443116975899E-5
5.1371389990152E-5
5.1299904719205E-5
5.1228659874585E-5
5.1157654177202E-5
5.1086886357258E-5
5.1016355154168E-5
5.0946059316469E-5
5.0875997601741E-5
5.0806168776521E-5
5.0736571616224E-5
5.0667204905062E-5
5.059806743596E-5
5.052915801048E-5
5.0460475438744E-5
5.0392018539353E-5
5.0323786139314E-5
5.0255777073962E-5
5.0187990186885E-5
5.0120424329851E-5
5.0053078362734E-5
4.9985951153443E-5
4.9919041577848E-5
4.9852348519711E-5
4.9785870870612E-5
4.9719607529887E-5
4.9653557404552E-5
4.9587719409239E-5
4.9522092466127E-5
4.9456675504876E-5
4.9391467462563E-5
4.9326467283615E-5
4.9261673919743E-5
4.9197086329883E-5
4.9132703480127E-5
4.9068524343668E-5
4.9004547900731E-5
4.8940773138516E-5
4.8877199051137E-5
4.8813824639561E-5
4.875064891155E-5
4.8687670881604E-5
4.8624889570897E-5
4.8562304007228E-5
4.8499913224959E-5
4.8437716264959E-5
4.8375712174551E-5
4.8313900007452E-5
4.8252278823728E-5
4.8190847689728E-5
4.812960567804E-5
4.8068551867435E-5
4.8007685342815E-5
4.7947005195159E-5
4.7886510521477E-5
4.7826200424754E-5
4.7766074013903E-5
4.7706130403715E-5
4.7646368714809E-5
4.7586788073584E-5
4.7527387612171E-5
4.7468166468384E-5
4.7409123785675E-5
4.7350258713086E-5
4.7291570405202E-5
4.7233058022108E-5
4.7174720729341E-5
4.7116557697845E-5
4.7058568103929E-5
4.7000751129221E-5
4.6943105960627E-5
4.6885631790283E-5
4.6828327815518E-5
4.6771193238806E-5
4.6714227267732E-5
4.6657429114941E-5
4.6600797998106E-5
4.654433313988E-5
4.6488033767861E-5
4.6431899114549E-5
4.6375928417308E-5
4.6320120918327E-5
4.6264475864581E-5
4.6208992507794E-5
4.6153670104396E-5
4.6098507915493E-5
4.6043505206825E-5
4.5988661248729E-5
4.5933975316106E-5
4.5879446688379E-5
4.5825074649466E-5
4.5770858487733E-5
4.571679749597E-5
4.5662890971351E-5
4.5609138215397E-5
4.5555538533947E-5
4.5502091237124E-5
4.5448795639295E-5
4.5395651059046E-5
4.5342656819145E-5
4.5289812246509E-5
4.5237116672174E-5
4.5184569431262E-5
4.5132169862947E-5
4.5079917310431E-5
4.5027811120901E-5
4.4975850645512E-5
4.4924035239345E-5
4.4872364261384E-5
4.4820837074483E-5
4.4769453045337E-5
4.4718211544452E-5
4.4667111946119E-5
4.461615362838E-5
4.4565335973004E-5
4.4514658365456E-5
4.4464120194872E-5
4.4413720854026E-5
4.4363459739309E-5
4.4313336250697E-5
4.4263349791725E-5
4.4213499769461E-5
4.4163785594481E-5
4.4114206680838E-5
4.4064762446042E-5
4.4015452311027E-5
4.3966275700135E-5
4.391723204108E-5
4.3868320764931E-5
4.3819541306084E-5
4.3770893102236E-5
4.3722375594364E-5
4.3673988226698E-5
4.3625730446698E-5
4.357760170503E-5
4.3529601455542E-5
4.3481729155243E-5
4.3433984264276E-5
4.3386366245898E-5
4.3338874566457E-5
4.3291508695366E-5
4.3244268105086E-5
4.3197152271101E-5
4.3150160671896E-5
4.3103292788935E-5
4.305654810664E-5
4.300992611237E-5
4.29634262964E-5
4.2917048151897E-5
4.2870791174904E-5
4.2824654864317E-5
4.2778638721862E-5
4.2732742252079E-5
4.26869649623E-5
4.2641306362627E-5
4.2595765965918E-5
4.2550343287761E-5
4.2505037846457E-5
4.2459849163003E-5
4.241477676107E-5
4.2369820166984E-5
4.2324978909709E-5
4.2280252520828E-5
4.2235640534524E-5
4.2191142487563E-5
4.2146757919271E-5
4.2102486371523E-5
4.2058327388721E-5
4.2014280517779E-5
4.19703453081E-5
4.1926521311565E-5
4.1882808082513E-5
4.1839205177722E-5
4.1795712156397E-5
4.1752328580148E-5
4.1709054012977E-5
4.166588802126E-5
4.1622830173728E-5
4.1579880041457E-5
4.1537037197847E-5
4.1494301218607E-5
4.1451671681739E-5
4.1409148167524E-5
4.1366730258505E-5
4.1324417539471E-5
4.1282209597443E-5
4.1240106021659E-5
4.1198106403556E-5
4.1156210336759E-5
4.1114417417064E-5
4.1072727242423E-5
4.1031139412931E-5
4.0989653530811E-5
4.0948269200397E-5
4.0906986028124E-5
4.0865803622511E-5
4.082472159415E-5
4.0783739555686E-5
4.0742857121812E-5
4.0702073909247E-5
4.0661389536727E-5
4.0620803624992E-5
4.0580315796769E-5
4.0539925676764E-5
4.0499632891642E-5
4.0459437070021E-5
4.0419337842456E-5
4.0379334841424E-5
4.0339427701316E-5
4.029961605842E-5
4.0259899550911E-5
4.0220277818838E-5
4.0180750504113E-5
4.0141317250495E-5
4.0101977703582E-5
4.0062731510797E-5
4.0023578321377E-5
3.9984517786361E-5
3.9945549558574E-5
3.9906673292626E-5
3.9867888644887E-5
3.9829195273487E-5
3.9790592838297E-5
3.9752081000922E-5
3.9713659424689E-5
3.9675327774634E-5
3.9637085717493E-5
3.959893292169E-5
3.9560869057327E-5
3.9522893796172E-5
3.9485006811651E-5
3.9447207778832E-5
3.9409496374423E-5
3.9371872276751E-5
3.9334335165762E-5
3.9296884723004E-5
3.9259520631618E-5
3.9222242576328E-5
3.9185050243436E-5
3.9147943320802E-5
3.9110921497845E-5
3.9073984465524E-5
3.9037131916334E-5
3.9000363544294E-5
3.8963679044939E-5
3.8927078115309E-5
3.889056045394E-5
3.8854125760853E-5
3.881777373755E-5
3.8781504086999E-5
3.8745316513626E-5
3.870921072331E-5
3.8673186423368E-5
3.8637243322551E-5
3.8601381131032E-5
3.8565599560398E-5
3.8529898323642E-5
3.8494277135155E-5
3.8458735710715E-5
3.8423273767479E-5
3.8387891023977E-5
3.83525872001E-5
3.8317362017095E-5
3.8282215197554E-5
3.8247146465408E-5
3.8212155545915E-5
3.8177242165657E-5
3.8142406052531E-5
3.8107646935735E-5
3.8072964545767E-5
3.8038358614417E-5
3.8003828874752E-5
3.7969375061118E-5
3.7934996909123E-5
3.7900694155636E-5
3.7866466538777E-5
3.7832313797911E-5
3.7798235673636E-5
3.776423190778E-5
3.7730302243393E-5
3.7696446424739E-5
3.7662664197288E-5
3.7628955307708E-5
3.7595319503863E-5
3.7561756534799E-5
3.7528266150743E-5
3.7494848103089E-5
3.74615021444E-5
3.7428228028391E-5
3.7395025509933E-5
3.7361894345036E-5
3.7328834290849E-5
3.7295845105651E-5
3.7262926548843E-5
3.7230078380946E-5
3.7197300363588E-5
3.7164592259502E-5
3.7131953832518E-5
3.7099384847558E-5
3.7066885070625E-5
3.7034454268805E-5
3.7002092210251E-5
3.6969798664184E-5
3.6937573400886E-5
3.6905416191688E-5
3.6873326808971E-5
3.6841305026156E-5
3.68093506177E-5
3.6777463359087E-5
3.6745643026824E-5
3.6713889398438E-5
3.6682202252464E-5
3.6650581368445E-5
3.661902652692E-5
3.6587537509425E-5
3.6556114098483E-5
3.6524756077599E-5
3.6493463231257E-5
3.646223534491E-5
3.6431072204976E-5
3.6399973598836E-5
3.6368939314824E-5
3.6337969142223E-5
3.6307062871261E-5
3.6276220293103E-5
3.6245441199849E-5
3.6214725384526E-5
3.6184072641082E-5
3.6153482764386E-5
3.6122955550217E-5
3.6092490795261E-5
3.6062088297106E-5
3.6031747854239E-5
3.6001469266037E-5
3.5971252332763E-5
3.5941096855564E-5
3.5911002636462E-5
3.5880969478354E-5
3.5850997185002E-5
3.582108556103E-5
3.579123441192E-5
3.5761443544009E-5
3.5731712764478E-5
3.5702041881355E-5
3.5672430703505E-5
3.5642879040626E-5
3.5613386703249E-5
3.5583953502726E-5
3.5554579251231E-5
3.5525263761752E-5
3.5496006848092E-5
3.5466808324858E-5
3.5437668007459E-5
3.5408585712104E-5
3.5379561255794E-5
3.5350594456319E-5
3.5321685132255E-5
3.5292833102959E-5
3.5264038188563E-5
3.5235300209972E-5
3.5206618988859E-5
3.517799434766E-5
3.5149426109571E-5
3.5120914098544E-5
3.5092458139282E-5
3.5064058057235E-5
3.5035713678598E-5
3.5007424830303E-5
3.4979191340018E-5
3.4951013036143E-5
3.4922889747805E-5
3.4894821304855E-5
3.4866807537862E-5
3.4838848278113E-5
3.4810943357605E-5
3.4783092609045E-5
3.4755295865842E-5
3.4727552962107E-5
3.4699863732649E-5
3.4672228012967E-5
3.4644645639252E-5
3.461711644838E-5
3.4589640277909E-5
3.4562216966075E-5
3.4534846351791E-5
3.4507528274638E-5
3.4480262574868E-5
3.4453049093396E-5
3.4425887671796E-5
3.4398778152303E-5
3.4371720377803E-5
3.4344714191833E-5
3.4317759438578E-5
3.4290855962865E-5
3.4264003610161E-5
3.4237202226573E-5
3.4210451658838E-5
3.4183751754326E-5
3.4157102361031E-5
3.4130503327573E-5
3.4103954503192E-5
3.4077455737745E-5
3.4051006881702E-5
3.4024607786146E-5
3.3998258302765E-5
3.3971958283854E-5
3.3945707582309E-5
3.3919506051622E-5
3.3893353545882E-5
3.3867249919771E-5
3.3841195028558E-5
3.38151887281E-5
3.3789230874836E-5
3.3763321325785E-5
3.3737459938543E-5
3.3711646571281E-5
3.3685881082741E-5
3.3660163332232E-5
3.363449317963E-5
3.3608870485372E-5
3.3583295110457E-5
3.3557766916437E-5
3.3532285765423E-5
3.3506851520071E-5
3.3481464043592E-5
3.3456123199737E-5
3.3430828852803E-5
3.3405580867627E-5
3.3380379109581E-5
3.3355223444574E-5
3.3330113739047E-5
3.3305049859968E-5
3.3280031674834E-5
3.3255059051666E-5
3.3230131859003E-5
3.3205249965907E-5
3.3180413241954E-5
3.3155621557233E-5
3.3130874782345E-5
3.31061727884E-5
3.3081515447013E-5
3.3056902630302E-5
3.3032334210887E-5
3.3007810061886E-5
3.2983330056913E-5
3.2958894070075E-5
3.293450197597E-5
3.2910153649686E-5
3.2885848966795E-5
3.2861587803355E-5
3.2837370035902E-5
3.2813195541456E-5
3.278906419751E-5
3.2764975882033E-5
3.2740930473464E-5
3.2716927850714E-5
3.2692967893161E-5
3.2669050480646E-5
3.2645175493475E-5
3.2621342812415E-5
3.2597552318688E-5
3.2573803893976E-5
3.2550097420413E-5
3.2526432780585E-5
3.2502809857527E-5
3.2479228534721E-5
3.2455688696095E-5
3.2432190226021E-5
3.2408733009308E-5
3.2385316931208E-5
3.2361941877407E-5
3.2338607734026E-5
3.2315314387619E-5
3.2292061725169E-5
3.2268849634088E-5
3.2245678002215E-5
3.2222546717812E-5
3.2199455669562E-5
3.2176404746571E-5
3.2153393838361E-5
3.2130422834869E-5
3.2107491626449E-5
3.2084600103866E-5
3.2061748158292E-5
3.2038935681313E-5
3.2016162564916E-5
3.1993428701494E-5
3.1970733983845E-5
3.1948078305163E-5
3.1925461559044E-5
3.1902883639479E-5
3.1880344440853E-5
3.1857843857947E-5
3.183538178593E-5
3.1812958120362E-5
3.179057275719E-5
3.1768225592746E-5
3.1745916523746E-5
3.1723645447289E-5
3.1701412260853E-5
3.1679216862294E-5
3.1657059149847E-5
3.163493902212E-5
3.1612856378093E-5
3.1590811117119E-5
3.1568803138922E-5
3.1546832343591E-5
3.1524898631582E-5
3.1503001903718E-5
3.1481142061181E-5
3.1459319005517E-5
3.143753263863E-5
3.1415782862783E-5
3.1394069580593E-5
3.1372392695034E-5
3.1350752109431E-5
3.1329147727461E-5
3.1307579453151E-5
3.1286047190875E-5
3.1264550845355E-5
3.1243090321656E-5
3.1221665525186E-5
3.1200276361698E-5
3.117892273728E-5
3.1157604558364E-5
3.1136321731714E-5
3.1115074164432E-5
3.1093861763955E-5
3.1072684438049E-5
3.1051542094815E-5
3.1030434642679E-5
3.1009361990399E-5
3.0988324047056E-5
3.0967320722059E-5
3.0946351925137E-5
3.0925417566345E-5
3.0904517556054E-5
3.0883651804957E-5
3.0862820224065E-5
3.0842022724703E-5
3.0821259218513E-5
3.0800529617448E-5
3.0779833833775E-5
3.0759171780071E-5
3.0738543369222E-5
3.071794851442E-5
3.0697387129167E-5
3.0676859127268E-5
3.065636442283E-5
3.0635902930265E-5
3.0615474564285E-5
3.0595079239901E-5
3.0574716872423E-5
3.0554387377458E-5
3.0534090670908E-5
3.051382666897E-5
3.0493595288132E-5
3.0473396445178E-5
3.0453230057178E-5
3.0433096041492E-5
3.041299431577E-5
3.0392924797947E-5
3.0372887406243E-5
3.0352882059163E-5
3.0332908675495E-5
3.0312967174306E-5
3.0293057474946E-5
3.0273179497044E-5
3.0253333160505E-5
3.0233518385513E-5
3.0213735092525E-5
3.0193983202273E-5
3.0174262635764E-5
3.0154573314275E-5
3.0134915159353E-5
3.0115288092815E-5
3.0095692036748E-5
3.0076126913504E-5
3.0056592645701E-5
3.0037089156223E-5
3.0017616368218E-5
2.9998174205094E-5
2.9978762590524E-5
2.9959381448437E-5
2.9940030703025E-5
2.9920710278736E-5
2.9901420100275E-5
2.9882160092604E-5
2.9862930180937E-5
2.9843730290744E-5
2.9824560347747E-5
2.9805420277919E-5
2.9786310007483E-5
2.9767229462912E-5
2.9748178570927E-5
2.9729157258496E-5
2.9710165452833E-5
2.9691203081397E-5
2.9672270071891E-5
2.9653366352261E-5
2.9634491850695E-5
2.9615646495622E-5
2.959683021571E-5
2.9578042939866E-5
2.9559284597235E-5
2.95405551172E-5
2.9521854429378E-5
2.9503182463622E-5
2.9484539150018E-5
2.9465924418884E-5
2.9447338200773E-5
2.9428780426465E-5
2.9410251026972E-5
2.9391749933536E-5
2.9373277077623E-5
2.935483239093E-5
2.9336415805377E-5
2.9318027253113E-5
2.9299666666508E-5
2.9281333978154E-5
2.9263029120869E-5
2.924475202769E-5
2.9226502631874E-5
2.9208280866899E-5
2.9190086666461E-5
2.9171919964474E-5
2.9153780695068E-5
2.9135668792588E-5
2.9117584191597E-5
2.909952682687E-5
2.9081496633394E-5
2.9063493546371E-5
2.9045517501212E-5
2.902756843354E-5
2.9009646279187E-5
2.8991750974196E-5
2.8973882454813E-5
2.8956040657497E-5
2.8938225518908E-5
2.8920436975915E-5
2.8902674965589E-5
2.8884939425208E-5
2.8867230292248E-5
2.8849547504393E-5
2.8831890999522E-5
2.881426071572E-5
2.8796656591267E-5
2.8779078564644E-5
2.876152657453E-5
2.8744000559801E-5
2.8726500459529E-5
2.870902621298E-5
2.8691577759618E-5
2.8674155039099E-5
2.8656757991271E-5
2.8639386556177E-5
2.862204067405E-5
2.8604720285314E-5
2.8587425330582E-5
2.8570155750659E-5
2.8552911486535E-5
2.8535692479391E-5
2.8518498670593E-5
2.8501330001694E-5
2.8484186414431E-5
2.8467067850729E-5
2.8449974252693E-5
2.8432905562614E-5
2.8415861722964E-5
2.8398842676398E-5
2.8381848365751E-5
2.836487873404E-5
2.8347933724459E-5
2.8331013280382E-5
2.8314117345363E-5
2.829724586313E-5
2.8280398777591E-5
2.8263576032828E-5
2.8246777573099E-5
2.8230003342837E-5
2.8213253286648E-5
2.8196527349313E-5
2.8179825475783E-5
2.8163147611183E-5
2.8146493700808E-5
2.8129863690124E-5
2.8113257524768E-5
2.8096675150544E-5
2.8080116513425E-5
2.8063581559554E-5
2.8047070235238E-5
2.8030582486954E-5
2.8014118261341E-5
2.7997677505207E-5
2.7981260165522E-5
2.7964866189421E-5
2.7948495524201E-5
2.7932148117324E-5
2.7915823916412E-5
2.7899522869249E-5
2.788324492378E-5
2.786699002811E-5
2.7850758130503E-5
2.7834549179382E-5
2.781836312333E-5
2.7802199911085E-5
2.7786059491544E-5
2.7769941813758E-5
2.7753846826937E-5
2.7737774480444E-5
2.7721724723798E-5
2.7705697506669E-5
2.7689692778885E-5
2.7673710490423E-5
2.7657750591415E-5
2.7641813032142E-5
2.7625897763037E-5
2.7610004734685E-5
2.7594133897819E-5
2.7578285203322E-5
2.7562458602226E-5
2.7546654045711E-5
2.7530871485104E-5
2.751511087188E-5
2.7499372157659E-5
2.7483655294209E-5
2.7467960233442E-5
2.7452286927415E-5
2.7436635328329E-5
2.7421005388528E-5
2.7405397060502E-5
2.7389810296881E-5
2.7374245050437E-5
2.7358701274085E-5
2.7343178920881E-5
2.7327677944018E-5
2.7312198296835E-5
2.7296739932804E-5
2.728130280554E-5
2.7265886868796E-5
2.725049207646E-5
2.7235118382561E-5
2.7219765741262E-5
2.7204434106863E-5
2.71891234338E-5
2.7173833676645E-5
2.7158564790102E-5
2.7143316729014E-5
2.7128089448352E-5
2.7112882903224E-5
2.709769704887E-5
2.7082531840661E-5
2.7067387234102E-5
2.7052263184826E-5
2.7037159648599E-5
2.7022076581317E-5
2.7007013939005E-5
2.6991971677818E-5
2.697694975404E-5
2.6961948124082E-5
2.6946966744484E-5
2.6932005571912E-5
2.6917064563162E-5
2.6902143675152E-5
2.6887242864929E-5
2.6872362089665E-5
2.6857501306655E-5
2.6842660473322E-5
2.6827839547211E-5
2.681303848599E-5
2.6798257247451E-5
2.6783495789509E-5
2.6768754070202E-5
2.6754032047687E-5
2.6739329680245E-5
2.6724646926277E-5
2.6709983744304E-5
2.6695340092968E-5
2.668071593103E-5
2.666611121737E-5
2.6651525910988E-5
2.6636959970999E-5
2.662241335664E-5
2.6607886027263E-5
2.6593377942338E-5
2.6578889061449E-5
2.65644193443E-5
2.6549968750708E-5
2.6535537240606E-5
2.6521124774042E-5
2.6506731311178E-5
2.6492356812292E-5
2.6478001237772E-5
2.6463664548123E-5
2.644934670396E-5
2.6435047666012E-5
2.6420767395118E-5
2.6406505852231E-5
2.6392262998414E-5
2.6378038794841E-5
2.6363833202797E-5
2.6349646183675E-5
2.6335477698978E-5
2.6321327710321E-5
2.6307196179425E-5
2.629308306812E-5
2.6278988338344E-5
2.6264911952143E-5
2.625085387167E-5
2.6236814059185E-5
2.6222792477053E-5
2.6208789087749E-5
2.6194803853848E-5
2.6180836738035E-5
2.6166887703099E-5
2.6152956711932E-5
2.6139043727531E-5
2.6125148712998E-5
2.6111271631536E-5
2.6097412446453E-5
2.608357112116E-5
2.6069747619169E-5
2.6055941904095E-5
2.6042153939653E-5
2.6028383689662E-5
2.601463111804E-5
2.6000896188805E-5
2.5987178866078E-5
2.5973479114077E-5
2.5959796897121E-5
2.5946132179627E-5
2.5932484926112E-5
2.591885510119E-5
2.5905242669576E-5
2.5891647596079E-5
2.5878069845608E-5
2.5864509383168E-5
2.5850966173862E-5
2.5837440182887E-5
2.5823931375538E-5
2.5810439717206E-5
2.5796965173375E-5
2.5783507709627E-5
2.5770067291636E-5
2.5756643885173E-5
2.5743237456102E-5
2.572984797038E-5
2.5716475394057E-5
2.5703119693278E-5
2.568978083428E-5
2.5676458783392E-5
2.5663153507034E-5
2.5649864971721E-5
2.5636593144056E-5
2.5623337990736E-5
2.5610099478547E-5
2.5596877574366E-5
2.5583672245161E-5
2.5570483457988E-5
2.5557311179995E-5
2.5544155378418E-5
2.553101602058E-5
2.5517893073898E-5
2.5504786505871E-5
2.5491696284092E-5
2.5478622376237E-5
2.5465564750071E-5
2.5452523373448E-5
2.5439498214307E-5
2.5426489240673E-5
2.541349642066E-5
2.5400519722464E-5
2.538755911437E-5
2.5374614564747E-5
2.5361686042049E-5
2.5348773514816E-5
2.533587695167E-5
2.5322996321321E-5
2.5310131592559E-5
2.5297282734259E-5
2.5284449715382E-5
2.5271632504968E-5
2.5258831072142E-5
2.5246045386112E-5
2.5233275416166E-5
2.5220521131676E-5
2.5207782502095E-5
2.5195059496958E-5
2.518235208588E-5
2.5169660238558E-5
2.5156983924768E-5
2.5144323114367E-5
2.5131677777294E-5
2.5119047883565E-5
2.5106433403277E-5
2.5093834306606E-5
2.5081250563807E-5
2.5068682145212E-5
2.5056129021235E-5
2.5043591162364E-5
2.5031068539169E-5
2.5018561122295E-5
2.5006068882465E-5
2.499359179048E-5
2.4981129817216E-5
2.4968682933627E-5
2.4956251110743E-5
2.494383431967E-5
2.4931432531591E-5
2.4919045717764E-5
2.490667384952E-5
2.4894316898268E-5
2.4881974835491E-5
2.4869647632748E-5
2.4857335261668E-5
2.484503769396E-5
2.4832754901402E-5
2.4820486855847E-5
2.4808233529224E-5
2.4795994893532E-5
2.4783770920843E-5
2.4771561583304E-5
2.4759366853131E-5
2.4747186702616E-5
2.4735021104121E-5
2.4722870030078E-5
2.4710733452994E-5
2.4698611345444E-5
2.4686503680077E-5
2.4674410429609E-5
2.4662331566831E-5
2.4650267064601E-5
2.4638216895848E-5
2.462618103357E-5
2.4614159450837E-5
2.4602152120786E-5
2.4590159016625E-5
2.4578180111628E-5
2.4566215379142E-5
2.4554264792578E-5
2.4542328325418E-5
2.4530405951212E-5
2.4518497643577E-5
2.4506603376198E-5
2.4494723122826E-5
2.4482856857282E-5
2.4471004553451E-5
2.4459166185286E-5
2.4447341726807E-5
2.4435531152099E-5
2.4423734435315E-5
2.4411951550672E-5
2.4400182472453E-5
2.4388427175007E-5
2.4376685632748E-5
2.4364957820154E-5
2.4353243711771E-5
2.4341543282205E-5
2.432985650613E-5
2.4318183358283E-5
2.4306523813463E-5
2.4294877846538E-5
2.4283245432433E-5
2.4271626546141E-5
2.4260021162717E-5
2.4248429257278E-5
2.4236850805004E-5
2.4225285781139E-5
2.4213734160987E-5
2.4202195919917E-5
2.4190671033357E-5
2.41791594768E-5
2.4167661225796E-5
2.4156176255961E-5
2.4144704542969E-5
2.4133246062557E-5
2.4121800790523E-5
2.4110368702722E-5
2.4098949775073E-5
2.4087543983555E-5
2.4076151304205E-5
2.4064771713122E-5
2.4053405186462E-5
2.4042051700444E-5
2.4030711231343E-5
2.4019383755494E-5
2.4008069249291E-5
2.3996767689189E-5
2.3985479051697E-5
2.3974203313386E-5
2.3962940450883E-5
2.3951690440875E-5
2.3940453260105E-5
2.3929228885373E-5
2.3918017293539E-5
2.3906818461519E-5
2.3895632366284E-5
2.3884458984866E-5
2.387329829435E-5
2.3862150271879E-5
2.3851014894653E-5
2.3839892139926E-5
2.3828781985012E-5
2.3817684407275E-5
2.380659938414E-5
2.3795526893085E-5
2.3784466911643E-5
2.3773419417403E-5
2.3762384388009E-5
2.3751361801159E-5
2.3740351634606E-5
2.3729353866158E-5
2.3718368473676E-5
2.3707395435077E-5
2.3696434728329E-5
2.3685486331458E-5
2.3674550222539E-5
2.3663626379703E-5
2.3652714781135E-5
2.3641815405071E-5
2.3630928229801E-5
2.3620053233668E-5
2.3609190395066E-5
2.3598339692444E-5
2.3587501104302E-5
2.3576674609192E-5
2.3565860185718E-5
2.3555057812535E-5
2.3544267468352E-5
2.3533489131927E-5
2.3522722782071E-5
2.3511968397645E-5
2.3501225957562E-5
2.3490495440786E-5
2.3479776826329E-5
2.3469070093258E-5
2.3458375220687E-5
2.3447692187781E-5
2.3437020973757E-5
2.3426361557878E-5
2.3415713919461E-5
2.340507803787E-5
2.3394453892519E-5
2.3383841462872E-5
2.3373240728441E-5
2.3362651668789E-5
2.3352074263526E-5
2.3341508492311E-5
2.3330954334853E-5
2.3320411770907E-5
2.3309880780279E-5
2.3299361342821E-5
2.3288853438434E-5
2.3278357047067E-5
2.3267872148716E-5
2.3257398723425E-5
2.3246936751286E-5
2.3236486212437E-5
2.3226047087065E-5
2.3215619355401E-5
2.3205202997726E-5
2.3194797994365E-5
2.3184404325692E-5
2.3174021972127E-5
2.3163650914134E-5
2.3153291132226E-5
2.314294260696E-5
2.3132605318941E-5
2.3122279248817E-5
2.3111964377284E-5
2.3101660685083E-5
2.3091368152998E-5
2.3081086761862E-5
2.307081649255E-5
2.3060557325983E-5
2.3050309243127E-5
2.3040072224993E-5
2.3029846252636E-5
2.3019631307155E-5
2.3009427369693E-5
2.2999234421439E-5
2.2989052443624E-5
2.2978881417525E-5
2.2968721324459E-5
2.2958572145791E-5
2.2948433862928E-5
2.2938306457317E-5
2.2928189910454E-5
2.2918084203873E-5
2.2907989319155E-5
2.2897905237921E-5
2.2887831941835E-5
2.2877769412606E-5
2.2867717631983E-5
2.2857676581757E-5
2.2847646243764E-5
2.2837626599879E-5
2.2827617632021E-5
2.2817619322151E-5
2.2807631652269E-5
2.279765460442E-5
2.2787688160688E-5
2.27777323032E-5
2.2767787014124E-5
2.2757852275668E-5
2.2747928070081E-5
2.2738014379655E-5
2.272811118672E-5
2.2718218473649E-5
2.2708336222853E-5
2.2698464416786E-5
2.2688603037941E-5
2.2678752068852E-5
2.266891149209E-5
2.2659081290271E-5
2.2649261446046E-5
2.2639451942109E-5
2.2629652761191E-5
2.2619863886065E-5
2.2610085299542E-5
2.2600316984472E-5
2.2590558923744E-5
2.2580811100288E-5
2.257107349707E-5
2.2561346097097E-5
2.2551628883414E-5
2.2541921839104E-5
2.2532224947289E-5
2.2522538191129E-5
2.2512861553823E-5
2.2503195018606E-5
2.2493538568755E-5
2.2483892187581E-5
2.2474255858435E-5
2.2464629564704E-5
2.2455013289814E-5
2.2445407017229E-5
2.2435810730447E-5
2.2426224413008E-5
2.2416648048485E-5
2.2407081620491E-5
2.2397525112675E-5
2.238797850872E-5
2.2378441792352E-5
2.2368914947327E-5
2.2359397957441E-5
2.2349890806526E-5
2.2340393478451E-5
2.2330905957119E-5
2.2321428226471E-5
2.2311960270484E-5
2.2302502073169E-5
2.2293053618575E-5
2.2283614890785E-5
2.227418587392E-5
2.2264766552133E-5
2.2255356909615E-5
2.2245956930591E-5
2.2236566599322E-5
2.2227185900104E-5
2.2217814817268E-5
2.2208453335179E-5
2.2199101438239E-5
2.2189759110881E-5
2.2180426337575E-5
2.2171103102827E-5
2.2161789391175E-5
2.215248518719E-5
2.2143190475482E-5
2.213390524069E-5
2.2124629467491E-5
2.2115363140592E-5
2.2106106244738E-5
2.2096858764705E-5
2.2087620685304E-5
2.2078391991377E-5
2.2069172667804E-5
2.2059962699493E-5
2.205076207139E-5
2.2041570768472E-5
2.2032388775747E-5
2.2023216078261E-5
2.2014052661088E-5
2.2004898509338E-5
2.1995753608152E-5
2.1986617942705E-5
2.1977491498202E-5
2.1968374259883E-5
2.195926621302E-5
2.1950167342917E-5
2.1941077634908E-5
2.1931997074363E-5
2.192292564668E-5
2.1913863337293E-5
2.1904810131664E-5
2.1895766015288E-5
2.1886730973694E-5
2.1877704992438E-5
2.1868688057112E-5
2.1859680153337E-5
2.1850681266764E-5
2.1841691383079E-5
2.1832710487995E-5
2.182373856726E-5
2.1814775606649E-5
2.1805821591971E-5
2.1796876509064E-5
2.1787940343797E-5
2.177901308207E-5
2.1770094709814E-5
2.1761185212989E-5
2.1752284577585E-5
2.1743392789626E-5
2.1734509835161E-5
2.1725635700273E-5
2.1716770371073E-5
2.1707913833703E-5
2.1699066074334E-5
2.1690227079169E-5
2.1681396834436E-5
2.1672575326397E-5
2.1663762541343E-5
2.1654958465591E-5
2.1646163085492E-5
2.1637376387424E-5
2.1628598357793E-5
2.1619828983036E-5
2.1611068249619E-5
2.1602316144036E-5
2.159357265281E-5
2.1584837762495E-5
2.157611145967E-5
2.1567393730945E-5
2.1558684562959E-5
2.1549983942378E-5
2.1541291855897E-5
2.1532608290239E-5
2.1523933232157E-5
2.151526666843E-5
2.1506608585866E-5
2.1497958971302E-5
2.14893178116E-5
2.1480685093654E-5
2.1472060804382E-5
2.1463444930733E-5
2.1454837459681E-5
2.1446238378229E-5
2.1437647673408E-5
2.1429065332275E-5
2.1420491341915E-5
2.1411925689441E-5
2.1403368361991E-5
2.1394819346734E-5
2.1386278630862E-5
2.1377746201596E-5
2.1369222046185E-5
2.1360706151902E-5
2.135219850605E-5
2.1343699095955E-5
2.1335207908974E-5
2.1326724932488E-5
2.1318250153903E-5
2.1309783560655E-5
2.1301325140204E-5
2.1292874880036E-5
2.1284432767666E-5
2.1275998790633E-5
2.1267572936501E-5
2.1259155192863E-5
2.1250745547335E-5
2.1242343987561E-5
2.123395050121E-5
2.1225565075976E-5
2.1217187699581E-5
2.120881835977E-5
2.1200457044314E-5
2.1192103741011E-5
2.1183758437683E-5
2.1175421122178E-5
2.1167091782369E-5
2.1158770406155E-5
2.1150456981458E-5
2.1142151496227E-5
2.1133853938435E-5
2.1125564296082E-5
2.1117282557189E-5
2.1109008709806E-5
2.1100742742005E-5
2.1092484641884E-5
2.1084234397564E-5
2.1075991997193E-5
2.106775742894E-5
2.1059530681003E-5
2.1051311741601E-5
2.1043100598977E-5
2.1034897241401E-5
2.1026701657165E-5
2.1018513834585E-5
2.1010333762003E-5
2.1002161427782E-5
2.0993996820312E-5
2.0985839928005E-5
2.0977690739297E-5
2.0969549242649E-5
2.0961415426543E-5
2.0953289279486E-5
2.0945170790011E-5
2.0937059946671E-5
2.0928956738042E-5
2.0920861152728E-5
2.0912773179351E-5
2.0904692806559E-5
2.0896620023023E-5
2.0888554817437E-5
2.0880497178518E-5
2.0872447095005E-5
2.0864404555662E-5
2.0856369549273E-5
2.0848342064648E-5
2.0840322090618E-5
2.0832309616037E-5
2.082430462978E-5
2.0816307120749E-5
2.0808317077863E-5
2.0800334490068E-5
2.0792359346329E-5
2.0784391635637E-5
2.0776431347002E-5
2.0768478469457E-5
2.0760532992058E-5
2.0752594903884E-5
2.0744664194033E-5
2.0736740851627E-5
2.0728824865811E-5
2.0720916225751E-5
2.0713014920633E-5
2.0705120939666E-5
2.0697234272083E-5
2.0689354907135E-5
2.0681482834098E-5
2.0673618042267E-5
2.0665760520959E-5
2.0657910259513E-5
2.065006724729E-5
2.0642231473671E-5
2.0634402928059E-5
2.0626581599878E-5
2.0618767478573E-5
2.0610960553612E-5
2.0603160814481E-5
2.0595368250688E-5
2.0587582851765E-5
2.057980460726E-5
2.0572033506745E-5
2.0564269539812E-5
2.0556512696075E-5
2.0548762965166E-5
2.054102033674E-5
2.0533284800472E-5
2.0525556346056E-5
2.0517834963209E-5
2.0510120641668E-5
2.0502413371188E-5
2.0494713141546E-5
2.0487019942541E-5
2.047933376399E-5
2.047165459573E-5
2.0463982427619E-5
2.0456317249534E-5
2.0448659051376E-5
2.044100782306E-5
2.0433363554525E-5
2.0425726235729E-5
2.0418095856649E-5
2.0410472407283E-5
2.0402855877647E-5
2.039524625778E-5
2.0387643537736E-5
2.0380047707593E-5
2.0372458757446E-5
2.0364876677409E-5
2.0357301457618E-5
2.0349733088226E-5
2.0342171559406E-5
2.0334616861351E-5
2.0327068984274E-5
2.0319527918404E-5
2.0311993653992E-5
2.0304466181307E-5
2.0296945490638E-5
2.0289431572292E-5
2.0281924416595E-5
2.0274424013892E-5
2.0266930354548E-5
2.0259443428944E-5
2.0251963227484E-5
2.0244489740587E-5
2.0237022958692E-5
2.0229562872258E-5
2.0222109471759E-5
2.0214662747692E-5
2.0207222690569E-5
2.0199789290923E-5
2.0192362539303E-5
2.0184942426277E-5
2.0177528942434E-5
2.0170122078378E-5
2.0162721824733E-5
2.0155328172139E-5
2.0147941111256E-5
2.0140560632763E-5
2.0133186727356E-5
2.0125819385747E-5
2.0118458598669E-5
2.0111104356872E-5
2.0103756651122E-5
2.0096415472206E-5
2.0089080810927E-5
2.0081752658105E-5
2.0074431004579E-5
2.0067115841205E-5
2.0059807158858E-5
2.0052504948428E-5
2.0045209200825E-5
2.0037919906975E-5
2.0030637057822E-5
2.0023360644327E-5
2.0016090657469E-5
2.0008827088244E-5
2.0001569927664E-5
1.9994319166762E-5
1.9987074796583E-5
1.9979836808192E-5
1.9972605192673E-5
1.9965379941123E-5
1.9958161044659E-5
1.9950948494413E-5
1.9943742281535E-5
1.9936542397192E-5
1.9929348832568E-5
1.9922161578863E-5
1.9914980627294E-5
1.9907805969095E-5
1.9900637595517E-5
1.9893475497828E-5
1.988631966731E-5
1.9879170095264E-5
1.9872026773007E-5
1.9864889691873E-5
1.9857758843212E-5
1.985063421839E-5
1.9843515808789E-5
1.983640360581E-5
1.9829297600866E-5
1.982219778539E-5
1.9815104150829E-5
1.9808016688648E-5
1.9800935390326E-5
1.979386024736E-5
1.9786791251262E-5
1.977972839356E-5
1.9772671665799E-5
1.9765621059538E-5
1.9758576566354E-5
1.9751538177839E-5
1.9744505885601E-5
1.9737479681262E-5
1.9730459556464E-5
1.972344550286E-5
1.9716437512122E-5
1.9709435575936E-5
1.9702439686003E-5
1.9695449834043E-5
1.9688466011786E-5
1.9681488210983E-5
1.9674516423397E-5
1.9667550640808E-5
1.966059085501E-5
1.9653637057815E-5
1.9646689241046E-5
1.9639747396546E-5
1.963281151617E-5
1.962588159179E-5
1.9618957615291E-5
1.9612039578576E-5
1.9605127473561E-5
1.9598221292177E-5
1.9591321026372E-5
1.9584426668107E-5
1.9577538209359E-5
1.9570655642119E-5
1.9563778958395E-5
1.9556908150206E-5
1.9550043209589E-5
1.9543184128596E-5
1.9536330899291E-5
1.9529483513756E-5
1.9522641964084E-5
1.9515806242387E-5
1.9508976340787E-5
1.9502152251424E-5
1.9495333966452E-5
1.9488521478037E-5
1.9481714778363E-5
1.9474913859626E-5
1.9468118714038E-5
1.9461329333823E-5
1.9454545711222E-5
1.9447767838489E-5
1.9440995707892E-5
1.9434229311714E-5
1.9427468642251E-5
1.9420713691816E-5
1.9413964452733E-5
1.940722091734E-5
1.9400483077993E-5
1.9393750927057E-5
1.9387024456914E-5
1.938030365996E-5
1.9373588528604E-5
1.9366879055268E-5
1.9360175232391E-5
1.9353477052422E-5
1.9346784507827E-5
1.9340097591084E-5
1.9333416294685E-5
1.9326740611137E-5
1.9320070532957E-5
1.9313406052681E-5
1.9306747162855E-5
1.9300093856039E-5
1.9293446124807E-5
1.9286803961746E-5
1.9280167359459E-5
1.9273536310558E-5
1.9266910807672E-5
1.9260290843443E-5
1.9253676410525E-5
1.9247067501585E-5
1.9240464109306E-5
1.9233866226382E-5
1.922727384552E-5
1.9220686959442E-5
1.9214105560881E-5
1.9207529642586E-5
1.9200959197316E-5
1.9194394217846E-5
1.9187834696961E-5
1.9181280627462E-5
1.9174732002161E-5
1.9168188813884E-5
1.916165105547E-5
1.9155118719769E-5
1.9148591799646E-5
1.9142070287979E-5
1.9135554177658E-5
1.9129043461585E-5
1.9122538132675E-5
1.9116038183859E-5
1.9109543608075E-5
1.9103054398279E-5
1.9096570547436E-5
1.9090092048526E-5
1.908361889454E-5
1.9077151078483E-5
1.907068859337E-5
1.9064231432232E-5
1.905777958811E-5
1.9051333054058E-5
1.9044891823142E-5
1.9038455888442E-5
1.9032025243049E-5
1.9025599880067E-5
1.9019179792611E-5
1.901276497381E-5
1.9006355416804E-5
1.8999951114746E-5
1.8993552060801E-5
1.8987158248146E-5
1.898076966997E-5
1.8974386319475E-5
1.8968008189873E-5
1.8961635274392E-5
1.8955267566267E-5
1.894890505875E-5
1.89425477451E-5
1.8936195618592E-5
1.8929848672511E-5
1.8923506900154E-5
1.8917170294831E-5
1.8910838849862E-5
1.8904512558581E-5
1.8898191414332E-5
1.8891875410471E-5
1.8885564540367E-5
1.8879258797399E-5
1.8872958174959E-5
1.886666266645E-5
1.8860372265287E-5
1.8854086964896E-5
1.8847806758716E-5
1.8841531640196E-5
1.8835261602797E-5
1.8828996639991E-5
1.8822736745264E-5
1.881648191211E-5
1.8810232134036E-5
1.8803987404561E-5
1.8797747717214E-5
1.8791513065537E-5
1.8785283443082E-5
1.8779058843413E-5
1.8772839260105E-5
1.8766624686743E-5
1.8760415116926E-5
1.8754210544263E-5
1.8748010962372E-5
1.8741816364886E-5
1.8735626745445E-5
1.8729442097705E-5
1.8723262415328E-5
1.871708769199E-5
1.8710917921378E-5
1.8704753097189E-5
1.8698593213131E-5
1.8692438262925E-5
1.8686288240299E-5
1.8680143138995E-5
1.8674002952766E-5
1.8667867675374E-5
1.8661737300593E-5
1.8655611822207E-5
1.8649491234013E-5
1.8643375529815E-5
1.8637264703432E-5
1.863115874869E-5
1.8625057659428E-5
1.8618961429495E-5
1.861287005275E-5
1.8606783523063E-5
1.8600701834316E-5
1.85946249804E-5
1.8588552955216E-5
1.8582485752678E-5
1.8576423366708E-5
1.8570365791239E-5
1.8564313020216E-5
1.8558265047593E-5
1.8552221867334E-5
1.8546183473416E-5
1.8540149859823E-5
1.8534121020551E-5
1.8528096949607E-5
1.8522077641006E-5
1.8516063088776E-5
1.8510053286955E-5
1.8504048229588E-5
1.8498047910733E-5
1.8492052324459E-5
1.8486061464844E-5
1.8480075325974E-5
1.8474093901949E-5
1.8468117186875E-5
1.8462145174873E-5
1.845617786007E-5
1.8450215236604E-5
1.8444257298624E-5
1.8438304040289E-5
1.8432355455766E-5
1.8426411539235E-5
1.8420472284882E-5
1.8414537686907E-5
1.8408607739517E-5
1.840268243693E-5
1.8396761773375E-5
1.8390845743088E-5
1.8384934340317E-5
1.837902755932E-5
1.8373125394362E-5
1.8367227839721E-5
1.8361334889683E-5
1.8355446538544E-5
1.834956278061E-5
1.8343683610196E-5
1.8337809021627E-5
1.8331939009237E-5
1.8326073567372E-5
1.8320212690384E-5
1.8314356372637E-5
1.8308504608504E-5
1.8302657392368E-5
1.8296814718619E-5
1.829097658166E-5
1.8285142975901E-5
1.8279313895762E-5
1.8273489335673E-5
1.8267669290073E-5
1.826185375341E-5
1.8256042720143E-5
1.8250236184737E-5
1.8244434141669E-5
1.8238636585425E-5
1.8232843510501E-5
1.8227054911398E-5
1.8221270782633E-5
1.8215491118726E-5
1.8209715914209E-5
1.8203945163625E-5
1.8198178861521E-5
1.8192417002459E-5
1.8186659581005E-5
1.8180906591738E-5
1.8175158029244E-5
1.8169413888119E-5
1.8163674162966E-5
1.81579388484E-5
1.8152207939043E-5
1.8146481429527E-5
1.8140759314492E-5
1.8135041588588E-5
1.8129328246472E-5
1.8123619282813E-5
1.8117914692287E-5
1.8112214469577E-5
1.810651860938E-5
1.8100827106396E-5
1.8095139955337E-5
1.8089457150924E-5
1.8083778687886E-5
1.807810456096E-5
1.8072434764893E-5
1.806676929444E-5
1.8061108144366E-5
1.8055451309442E-5
1.804979878445E-5
1.804415056418E-5
1.8038506643431E-5
1.8032867017009E-5
1.8027231679731E-5
1.802160062642E-5
1.8015973851909E-5
1.8010351351041E-5
1.8004733118663E-5
1.7999119149636E-5
1.7993509438826E-5
1.7987903981108E-5
1.7982302771366E-5
1.7976705804492E-5
1.7971113075387E-5
1.796552457896E-5
1.7959940310128E-5
1.7954360263817E-5
1.794878443496E-5
1.7943212818501E-5
1.793764540939E-5
1.7932082202586E-5
1.7926523193056E-5
1.7920968375776E-5
1.7915417745729E-5
1.7909871297907E-5
1.7904329027311E-5
1.7898790928949E-5
1.7893256997837E-5
1.7887727228999E-5
1.788220161747E-5
1.7876680158289E-5
1.7871162846506E-5
1.7865649677177E-5
1.7860140645369E-5
1.7854635746153E-5
1.7849134974612E-5
1.7843638325833E-5
1.7838145794916E-5
1.7832657376964E-5
1.7827173067092E-5
1.782169286042E-5
1.7816216752077E-5
1.78107447372E-5
1.7805276810934E-5
1.7799812968433E-5
1.7794353204855E-5
1.7788897515371E-5
1.7783445895156E-5
1.7777998339395E-5
1.7772554843279E-5
1.7767115402008E-5
1.776168001079E-5
1.7756248664839E-5
1.775082135938E-5
1.7745398089642E-5
1.7739978850864E-5
1.7734563638292E-5
1.772915244718E-5
1.7723745272789E-5
1.7718342110389E-5
1.7712942955256E-5
1.7707547802675E-5
1.7702156647936E-5
1.7696769486341E-5
1.7691386313196E-5
1.7686007123816E-5
1.7680631913522E-5
1.7675260677646E-5
1.7669893411522E-5
1.7664530110497E-5
1.7659170769923E-5
1.7653815385159E-5
1.7648463951572E-5
1.7643116464537E-5
1.7637772919435E-5
1.7632433311657E-5
1.7627097636598E-5
1.7621765889662E-5
1.7616438066262E-5
1.7611114161816E-5
1.7605794171749E-5
1.7600478091496E-5
1.7595165916497E-5
1.7589857642199E-5
1.7584553264059E-5
1.7579252777538E-5
1.7573956178107E-5
1.7568663461242E-5
1.7563374622427E-5
1.7558089657154E-5
1.7552808560921E-5
1.7547531329233E-5
1.7542257957605E-5
1.7536988441554E-5
1.753172277661E-5
1.7526460958305E-5
1.7521202982182E-5
1.7515948843787E-5
1.7510698538678E-5
1.7505452062415E-5
1.750020941057E-5
1.7494970578717E-5
1.7489735562441E-5
1.7484504357333E-5
1.7479276958988E-5
1.7474053363013E-5
1.7468833565018E-5
1.7463617560622E-5
1.745840534545E-5
1.7453196915134E-5
1.7447992265313E-5
1.7442791391633E-5
1.7437594289747E-5
1.7432400955314E-5
1.7427211384001E-5
1.7422025571481E-5
1.7416843513435E-5
1.7411665205549E-5
1.7406490643517E-5
1.7401319823039E-5
1.7396152739822E-5
1.7390989389581E-5
1.7385829768036E-5
1.7380673870915E-5
1.7375521693952E-5
1.7370373232887E-5
1.7365228483468E-5
1.7360087441448E-5
1.735495010259E-5
1.734981646266E-5
1.7344686517433E-5
1.7339560262688E-5
1.7334437694214E-5
1.7329318807804E-5
1.7324203599258E-5
1.7319092064383E-5
1.7313984198994E-5
1.7308879998909E-5
1.7303779459956E-5
1.7298682577968E-5
1.7293589348784E-5
1.728849976825E-5
1.7283413832219E-5
1.727833153655E-5
1.7273252877107E-5
1.7268177849764E-5
1.7263106450397E-5
1.7258038674893E-5
1.7252974519141E-5
1.724791397904E-5
1.7242857050493E-5
1.7237803729409E-5
1.7232754011707E-5
1.7227707893309E-5
1.7222665370143E-5
1.7217626438145E-5
1.7212591093257E-5
1.7207559331426E-5
1.7202531148608E-5
1.7197506540763E-5
1.7192485503857E-5
1.7187468033863E-5
1.7182454126761E-5
1.7177443778536E-5
1.7172436985179E-5
1.7167433742689E-5
1.716243404707E-5
1.715743789433E-5
1.7152445280488E-5
1.7147456201565E-5
1.714247065359E-5
1.7137488632597E-5
1.7132510134627E-5
1.7127535155728E-5
1.7122563691951E-5
1.7117595739356E-5
1.7112631294007E-5
1.7107670351977E-5
1.7102712909341E-5
1.7097758962183E-5
1.7092808506592E-5
1.7087861538664E-5
1.7082918054498E-5
1.7077978050203E-5
1.707304152189E-5
1.706810846568E-5
1.7063178877697E-5
1.7058252754071E-5
1.705333009094E-5
1.7048410884446E-5
1.7043495130737E-5
1.7038582825968E-5
1.7033673966299E-5
1.7028768547895E-5
1.702386656693E-5
1.7018968019581E-5
1.7014072902031E-5
1.7009181210469E-5
1.7004292941091E-5
1.6999408090098E-5
1.6994526653696E-5
1.6989648628098E-5
1.6984774009522E-5
1.6979902794193E-5
1.6975034978339E-5
1.6970170558197E-5
1.6965309530007E-5
1.6960451890016E-5
1.6955597634477E-5
1.6950746759648E-5
1.6945899261792E-5
1.694105513718E-5
1.6936214382087E-5
1.6931376992792E-5
1.6926542965583E-5
1.6921712296752E-5
1.6916884982596E-5
1.6912061019419E-5
1.6907240403529E-5
1.690242313124E-5
1.6897609198873E-5
1.6892798602753E-5
1.6887991339211E-5
1.6883187404583E-5
1.6878386795211E-5
1.6873589507444E-5
1.6868795537634E-5
1.6864004882139E-5
1.6859217537323E-5
1.6854433499557E-5
1.6849652765214E-5
1.6844875330675E-5
1.6840101192327E-5
1.6835330346559E-5
1.6830562789769E-5
1.6825798518359E-5
1.6821037528735E-5
1.6816279817312E-5
1.6811525380506E-5
1.6806774214742E-5
1.6802026316448E-5
1.6797281682058E-5
1.6792540308012E-5
1.6787802190755E-5
1.6783067326736E-5
1.6778335712412E-5
1.6773607344243E-5
1.6768882218695E-5
1.6764160332238E-5
1.6759441681351E-5
1.6754726262514E-5
1.6750014072214E-5
1.6745305106944E-5
1.6740599363202E-5
1.6735896837489E-5
1.6731197526314E-5
1.6726501426189E-5
1.6721808533633E-5
1.671711884517E-5
1.6712432357327E-5
1.6707749066639E-5
1.6703068969644E-5
1.6698392062887E-5
1.6693718342916E-5
1.6689047806286E-5
1.6684380449555E-5
1.6679716269289E-5
1.6675055262057E-5
1.6670397424433E-5
1.6665742752997E-5
1.6661091244334E-5
1.6656442895033E-5
1.6651797701689E-5
1.6647155660901E-5
1.6642516769276E-5
1.6637881023422E-5
1.6633248419954E-5
1.6628618955492E-5
1.6623992626661E-5
1.661936943009E-5
1.6614749362415E-5
1.6610132420274E-5
1.6605518600313E-5
1.660090789918E-5
1.6596300313531E-5
1.6591695840024E-5
1.6587094475325E-5
1.6582496216101E-5
1.6577901059028E-5
1.6573309000783E-5
1.6568720038052E-5
1.6564134167521E-5
1.6559551385886E-5
1.6554971689844E-5
1.6550395076098E-5
1.6545821541357E-5
1.6541251082333E-5
1.6536683695744E-5
1.6532119378312E-5
1.6527558126764E-5
1.6522999937832E-5
1.6518444808254E-5
1.651389273477E-5
1.6509343714127E-5
1.6504797743076E-5
1.6500254818372E-5
1.6495714936776E-5
1.6491178095054E-5
1.6486644289975E-5
1.6482113518313E-5
1.6477585776848E-5
1.6473061062364E-5
1.6468539371649E-5
1.6464020701497E-5
1.6459505048706E-5
1.6454992410078E-5
1.645048278242E-5
1.6445976162545E-5
1.6441472547269E-5
1.6436971933413E-5
1.6432474317802E-5
1.6427979697267E-5
1.6423488068644E-5
1.641899942877E-5
1.6414513774491E-5
1.6410031102655E-5
1.6405551410115E-5
1.6401074693728E-5
1.6396600950358E-5
1.6392130176871E-5
1.6387662370137E-5
1.6383197527034E-5
1.6378735644441E-5
1.6374276719243E-5
1.6369820748329E-5
1.6365367728594E-5
1.6360917656935E-5
1.6356470530255E-5
1.6352026345461E-5
1.6347585099465E-5
1.6343146789183E-5
1.6338711411535E-5
1.6334278963447E-5
1.6329849441847E-5
1.632542284367E-5
1.6320999165853E-5
1.6316578405339E-5
1.6312160559075E-5
1.6307745624012E-5
1.6303333597106E-5
1.6298924475317E-5
1.6294518255608E-5
1.629011493495E-5
1.6285714510315E-5
1.628131697868E-5
1.6276922337027E-5
1.6272530582342E-5
1.6268141711615E-5
1.6263755721841E-5
1.6259372610019E-5
1.6254992373151E-5
1.6250615008246E-5
1.6246240512315E-5
1.6241868882374E-5
1.6237500115443E-5
1.6233134208547E-5
1.6228771158714E-5
1.6224410962977E-5
1.6220053618373E-5
1.6215699121945E-5
1.6211347470736E-5
1.6206998661797E-5
1.6202652692183E-5
1.619830955895E-5
1.6193969259162E-5
1.6189631789884E-5
1.6185297148188E-5
1.6180965331148E-5
1.6176636335843E-5
1.6172310159356E-5
1.6167986798775E-5
1.616366625119E-5
1.6159348513696E-5
1.6155033583394E-5
1.6150721457388E-5
1.6146412132784E-5
1.6142105606694E-5
1.6137801876235E-5
1.6133500938527E-5
1.6129202790692E-5
1.612490742986E-5
1.6120614853163E-5
1.6116325057736E-5
1.611203804072E-5
1.6107753799259E-5
1.6103472330502E-5
1.60991936316E-5
1.6094917699709E-5
1.609064453199E-5
1.6086374125608E-5
1.608210647773E-5
1.6077841585529E-5
1.607357944618E-5
1.6069320056864E-5
1.6065063414765E-5
1.6060809517071E-5
1.6056558360974E-5
1.605230994367E-5
1.6048064262358E-5
1.6043821314243E-5
1.6039581096532E-5
1.6035343606436E-5
1.6031108841172E-5
1.6026876797958E-5
1.6022647474017E-5
1.6018420866577E-5
1.601419697287E-5
1.6009975790128E-5
1.6005757315592E-5
1.6001541546504E-5
1.599732848011E-5
1.5993118113661E-5
1.5988910444411E-5
1.5984705469617E-5
1.5980503186541E-5
1.5976303592449E-5
1.597210668461E-5
1.5967912460297E-5
1.5963720916788E-5
1.5959532051362E-5
1.5955345861305E-5
1.5951162343904E-5
1.5946981496452E-5
1.5942803316244E-5
1.593862780058E-5
1.5934454946763E-5
1.59302847521E-5
1.5926117213903E-5
1.5921952329485E-5
1.5917790096164E-5
1.5913630511262E-5
1.5909473572106E-5
1.5905319276024E-5
1.5901167620349E-5
1.5897018602418E-5
1.5892872219572E-5
1.5888728469153E-5
1.5884587348511E-5
1.5880448854996E-5
1.5876312985963E-5
1.5872179738772E-5
1.5868049110783E-5
1.5863921099364E-5
1.5859795701883E-5
1.5855672915714E-5
1.5851552738234E-5
1.5847435166823E-5
1.5843320198864E-5
1.5839207831747E-5
1.5835098062861E-5
1.5830990889602E-5
1.5826886309367E-5
1.5822784319559E-5
1.5818684917584E-5
1.5814588100849E-5
1.5810493866769E-5
1.5806402212758E-5
1.5802313136237E-5
1.5798226634628E-5
1.579414270536E-5
1.5790061345861E-5
1.5785982553565E-5
1.578190632591E-5
1.5777832660337E-5
1.5773761554289E-5
1.5769693005216E-5
1.5765627010567E-5
1.5761563567797E-5
1.5757502674366E-5
1.5753444327733E-5
1.5749388525366E-5
1.5745335264731E-5
1.5741284543302E-5
1.5737236358553E-5
1.5733190707963E-5
1.5729147589016E-5
1.5725106999196E-5
1.5721068935993E-5
1.57170333969E-5
1.5713000379412E-5
1.5708969881029E-5
1.5704941899253E-5
1.5700916431591E-5
1.5696893475552E-5
1.569287302865E-5
1.5688855088401E-5
1.5684839652323E-5
1.5680826717941E-5
1.5676816282781E-5
1.5672808344373E-5
1.5668802900249E-5
1.5664799947946E-5
1.5660799485005E-5
1.5656801508967E-5
1.5652806017379E-5
1.5648813007792E-5
1.5644822477757E-5
1.5640834424832E-5
1.5636848846577E-5
1.5632865740553E-5
1.5628885104328E-5
1.562490693547E-5
1.5620931231552E-5
1.5616957990152E-5
1.5612987208847E-5
1.560901888522E-5
1.5605053016858E-5
1.560108960135E-5
1.5597128636287E-5
1.5593170119265E-5
1.5589214047883E-5
1.5585260419742E-5
1.558130923245E-5
1.5577360483612E-5
1.5573414170842E-5
1.5569470291754E-5
1.5565528843966E-5
1.5561589825099E-5
1.5557653232779E-5
1.5553719064631E-5
1.5549787318288E-5
1.5545857991383E-5
1.5541931081553E-5
1.5538006586438E-5
1.5534084503683E-5
1.5530164830932E-5
1.5526247565838E-5
1.5522332706051E-5
1.5518420249228E-5
1.5514510193029E-5
1.5510602535115E-5
1.5506697273151E-5
1.5502794404807E-5
1.5498893927754E-5
1.5494995839667E-5
1.5491100138222E-5
1.5487206821102E-5
1.5483315885991E-5
1.5479427330574E-5
1.5475541152542E-5
1.547165734959E-5
1.5467775919411E-5
1.5463896859707E-5
1.546002016818E-5
1.5456145842534E-5
1.5452273880478E-5
1.5448404279724E-5
1.5444537037987E-5
1.5440672152983E-5
1.5436809622433E-5
1.5432949444062E-5
1.5429091615595E-5
1.5425236134762E-5
1.5421382999296E-5
1.5417532206933E-5
1.5413683755411E-5
1.5409837642472E-5
1.540599386586E-5
1.5402152423323E-5
1.5398313312611E-5
1.5394476531478E-5
1.5390642077681E-5
1.5386809948979E-5
1.5382980143134E-5
1.5379152657911E-5
1.537532749108E-5
1.537150464041E-5
1.5367684103677E-5
1.5363865878657E-5
1.536004996313E-5
1.5356236354879E-5
1.5352425051691E-5
1.5348616051353E-5
1.5344809351658E-5
1.53410049504E-5
1.5337202845377E-5
1.5333403034388E-5
1.5329605515238E-5
1.5325810285731E-5
1.5322017343678E-5
1.5318226686889E-5
1.5314438313181E-5
1.5310652220369E-5
1.5306868406276E-5
1.5303086868723E-5
1.5299307605538E-5
1.5295530614548E-5
1.5291755893587E-5
1.5287983440488E-5
1.528421325309E-5
1.5280445329232E-5
1.5276679666757E-5
1.5272916263512E-5
1.5269155117344E-5
1.5265396226107E-5
1.5261639587654E-5
1.5257885199841E-5
1.525413306053E-5
1.5250383167583E-5
1.5246635518865E-5
1.5242890112245E-5
1.5239146945594E-5
1.5235406016786E-5
1.5231667323696E-5
1.5227930864205E-5
1.5224196636194E-5
1.5220464637549E-5
1.5216734866157E-5
1.5213007319908E-5
1.5209281996696E-5
1.5205558894416E-5
1.5201838010967E-5
1.5198119344249E-5
1.5194402892168E-5
1.5190688652629E-5
1.5186976623543E-5
1.5183266802821E-5
1.5179559188377E-5
1.517585377813E-5
1.517215057E-5
1.516844956191E-5
1.5164750751784E-5
1.5161054137552E-5
1.5157359717145E-5
1.5153667488495E-5
1.5149977449539E-5
1.5146289598216E-5
1.5142603932467E-5
1.5138920450238E-5
1.5135239149474E-5
1.5131560028125E-5
1.5127883084144E-5
1.5124208315485E-5
1.5120535720105E-5
1.5116865295965E-5
1.5113197041027E-5
1.5109530953256E-5
1.5105867030621E-5
1.5102205271092E-5
1.5098545672642E-5
1.5094888233246E-5
1.5091232950884E-5
1.5087579823535E-5
1.5083928849184E-5
1.5080280025816E-5
1.5076633351421E-5
1.5072988823989E-5
1.5069346441514E-5
1.5065706201992E-5
1.5062068103423E-5
1.5058432143808E-5
1.505479832115E-5
1.5051166633458E-5
1.5047537078739E-5
1.5043909655005E-5
1.5040284360271E-5
1.5036661192553E-5
1.5033040149871E-5
1.5029421230246E-5
1.5025804431703E-5
1.5022189752269E-5
1.5018577189972E-5
1.5014966742845E-5
1.5011358408923E-5
1.5007752186242E-5
1.5004148072841E-5
1.5000546066762E-5
1.499694616605E-5
1.4993348368752E-5
1.4989752672916E-5
1.4986159076595E-5
1.4982567577843E-5
1.4978978174716E-5
1.4975390865274E-5
1.4971805647579E-5
1.4968222519694E-5
1.4964641479687E-5
1.4961062525626E-5
1.4957485655583E-5
1.4953910867631E-5
1.4950338159847E-5
1.494676753031E-5
1.4943198977101E-5
1.4939632498304E-5
1.4936068092004E-5
1.493250575629E-5
1.4928945489254E-5
1.4925387288988E-5
1.4921831153588E-5
1.4918277081152E-5
1.4914725069781E-5
1.4911175117578E-5
1.4907627222647E-5
1.4904081383098E-5
1.4900537597038E-5
1.4896995862583E-5
1.4893456177844E-5
1.4889918540942E-5
1.4886382949994E-5
1.4882849403122E-5
1.4879317898452E-5
1.4875788434109E-5
1.4872261008223E-5
1.4868735618925E-5
1.4865212264349E-5
1.486169094263E-5
1.4858171651907E-5
1.4854654390322E-5
1.4851139156016E-5
1.4847625947135E-5
1.4844114761827E-5
1.4840605598243E-5
1.4837098454533E-5
1.4833593328854E-5
1.4830090219361E-5
1.4826589124215E-5
1.4823090041576E-5
1.4819592969609E-5
1.4816097906479E-5
1.4812604850356E-5
1.480911379941E-5
1.4805624751813E-5
1.4802137705742E-5
1.4798652659373E-5
1.4795169610887E-5
1.4791688558466E-5
1.4788209500293E-5
1.4784732434557E-5
1.4781257359445E-5
1.4777784273148E-5
1.4774313173861E-5
1.4770844059779E-5
1.4767376929099E-5
1.4763911780022E-5
1.476044861075E-5
1.4756987419488E-5
1.4753528204442E-5
1.4750070963822E-5
1.474661569584E-5
1.4743162398707E-5
1.4739711070641E-5
1.4736261709858E-5
1.473281431458E-5
1.4729368883028E-5
1.4725925413428E-5
1.4722483904005E-5
1.4719044352989E-5
1.471560675861E-5
1.4712171119103E-5
1.4708737432702E-5
1.4705305697646E-5
1.4701875912174E-5
1.4698448074528E-5
1.4695022182953E-5
1.4691598235694E-5
1.4688176231001E-5
1.4684756167124E-5
1.4681338042315E-5
1.4677921854831E-5
1.4674507602927E-5
1.4671095284864E-5
1.4667684898902E-5
1.4664276443306E-5
1.4660869916341E-5
1.4657465316274E-5
1.4654062641377E-5
1.465066188992E-5
1.4647263060179E-5
1.4643866150429E-5
1.464047115895E-5
1.4637078084021E-5
1.4633686923926E-5
1.4630297676948E-5
1.4626910341376E-5
1.4623524915498E-5
1.4620141397604E-5
1.461675978599E-5
1.4613380078949E-5
1.4610002274778E-5
1.4606626371779E-5
1.4603252368251E-5
1.45998802625E-5
1.4596510052829E-5
1.4593141737548E-5
1.4589775314965E-5
1.4586410783394E-5
1.4583048141147E-5
1.4579687386541E-5
1.4576328517894E-5
1.4572971533527E-5
1.456961643176E-5
1.4566263210919E-5
1.456291186933E-5
1.455956240532E-5
1.4556214817221E-5
1.4552869103365E-5
1.4549525262086E-5
1.4546183291721E-5
1.4542843190608E-5
1.4539504957087E-5
1.4536168589501E-5
1.4532834086195E-5
1.4529501445515E-5
1.4526170665809E-5
1.4522841745429E-5
1.4519514682727E-5
1.4516189476056E-5
1.4512866123774E-5
1.450954462424E-5
1.4506224975813E-5
1.4502907176857E-5
1.4499591225735E-5
1.4496277120815E-5
1.4492964860464E-5
1.4489654443054E-5
1.4486345866956E-5
1.4483039130545E-5
1.4479734232197E-5
1.447643117029E-5
1.4473129943205E-5
1.4469830549324E-5
1.4466532987032E-5
1.4463237254713E-5
1.4459943350756E-5
1.4456651273552E-5
1.4453361021492E-5
1.445007259297E-5
1.4446785986381E-5
1.4443501200125E-5
1.4440218232599E-5
1.4436937082206E-5
1.443365774735E-5
1.4430380226436E-5
1.4427104517871E-5
1.4423830620064E-5
1.4420558531427E-5
1.4417288250373E-5
1.4414019775316E-5
1.4410753104674E-5
1.4407488236866E-5
1.4404225170312E-5
1.4400963903435E-5
1.4397704434658E-5
1.439444676241E-5
1.4391190885118E-5
1.4387936801211E-5
1.4384684509123E-5
1.4381434007287E-5
1.4378185294139E-5
1.4374938368116E-5
1.4371693227658E-5
1.4368449871207E-5
1.4365208297205E-5
1.4361968504098E-5
1.4358730490333E-5
1.4355494254358E-5
1.4352259794624E-5
1.4349027109584E-5
1.4345796197693E-5
1.4342567057406E-5
1.4339339687181E-5
1.4336114085478E-5
1.433289025076E-5
1.4329668181489E-5
1.4326447876131E-5
1.4323229333153E-5
1.4320012551024E-5
1.4316797528216E-5
1.43135842632E-5
1.4310372754451E-5
1.4307163000447E-5
1.4303954999663E-5
1.4300748750582E-5
1.4297544251684E-5
1.4294341501453E-5
1.4291140498374E-5
1.4287941240934E-5
1.4284743727623E-5
1.4281547956931E-5
1.427835392735E-5
1.4275161637375E-5
1.4271971085502E-5
1.4268782270229E-5
1.4265595190055E-5
1.4262409843482E-5
1.4259226229013E-5
1.4256044345153E-5
1.4252864190408E-5
1.4249685763287E-5
1.4246509062301E-5
1.4243334085962E-5
1.4240160832782E-5
1.4236989301278E-5
1.4233819489967E-5
1.4230651397368E-5
1.4227485022001E-5
1.422432036239E-5
1.4221157417058E-5
1.4217996184531E-5
1.4214836663338E-5
1.4211678852007E-5
1.420852274907E-5
1.4205368353059E-5
1.420221566251E-5
1.4199064675959E-5
1.4195915391943E-5
1.4192767809003E-5
1.418962192568E-5
1.4186477740517E-5
1.418333525206E-5
1.4180194458854E-5
1.4177055359448E-5
1.4173917952393E-5
1.4170782236239E-5
1.4167648209541E-5
1.4164515870854E-5
1.4161385218734E-5
1.415825625174E-5
1.4155128968432E-5
1.4152003367372E-5
1.4148879447123E-5
1.4145757206252E-5
1.4142636643324E-5
1.4139517756909E-5
1.4136400545576E-5
1.4133285007898E-5
1.4130171142448E-5
1.4127058947802E-5
1.4123948422536E-5
1.4120839565229E-5
1.4117732374461E-5
1.4114626848815E-5
1.4111522986873E-5
1.4108420787222E-5
1.4105320248448E-5
1.4102221369138E-5
1.4099124147885E-5
1.4096028583279E-5
1.4092934673913E-5
1.4089842418384E-5
1.4086751815287E-5
1.4083662863221E-5
1.4080575560785E-5
1.4077489906582E-5
1.4074405899215E-5
1.4071323537288E-5
1.4068242819409E-5
1.4065163744184E-5
1.4062086310223E-5
1.4059010516139E-5
1.4055936360544E-5
1.4052863842051E-5
1.4049792959279E-5
1.4046723710843E-5
1.4043656095364E-5
1.4040590111463E-5
1.4037525757761E-5
1.4034463032883E-5
1.4031401935455E-5
1.4028342464104E-5
1.4025284617459E-5
1.402222839415E-5
1.4019173792809E-5
1.401612081207E-5
1.4013069450569E-5
1.4010019706941E-5
1.4006971579825E-5
1.4003925067861E-5
1.4000880169691E-5
1.3997836883957E-5
1.3994795209305E-5
1.3991755144379E-5
1.3988716687829E-5
1.3985679838303E-5
1.3982644594452E-5
1.3979610954928E-5
1.3976578918386E-5
1.3973548483481E-5
1.3970519648869E-5
1.396749241321E-5
1.3964466775163E-5
1.3961442733391E-5
1.3958420286555E-5
1.3955399433322E-5
1.3952380172357E-5
1.3949362502328E-5
1.3946346421904E-5
1.3943331929756E-5
1.3940319024556E-5
1.3937307704979E-5
1.3934297969699E-5
1.3931289817394E-5
1.3928283246742E-5
1.3925278256422E-5
1.3922274845117E-5
1.3919273011509E-5
1.3916272754282E-5
1.3913274072123E-5
1.3910276963719E-5
1.3907281427758E-5
1.3904287462932E-5
1.3901295067932E-5
1.3898304241452E-5
1.3895314982186E-5
1.3892327288831E-5
1.3889341160084E-5
1.3886356594646E-5
1.3883373591217E-5
1.3880392148499E-5
1.3877412265196E-5
1.3874433940013E-5
1.3871457171658E-5
1.3868481958837E-5
1.3865508300262E-5
1.3862536194642E-5
1.3859565640692E-5
1.3856596637124E-5
1.3853629182654E-5
1.3850663276E-5
1.3847698915879E-5
1.3844736101012E-5
1.384177483012E-5
1.3838815101925E-5
1.3835856915152E-5
1.3832900268527E-5
1.3829945160777E-5
1.382699159063E-5
1.3824039556816E-5
1.3821089058067E-5
1.3818140093116E-5
1.3815192660697E-5
1.3812246759545E-5
1.3809302388398E-5
1.3806359545994E-5
1.3803418231074E-5
1.3800478442379E-5
1.3797540178652E-5
1.3794603438636E-5
1.3791668221079E-5
1.3788734524726E-5
1.3785802348327E-5
1.3782871690631E-5
1.3779942550389E-5
1.3777014926355E-5
1.3774088817282E-5
1.3771164221926E-5
1.3768241139044E-5
1.3765319567395E-5
1.3762399505738E-5
1.3759480952834E-5
1.3756563907445E-5
1.3753648368336E-5
1.3750734334273E-5
1.3747821804021E-5
1.3744910776348E-5
1.3742001250025E-5
1.3739093223822E-5
1.3736186696512E-5
1.3733281666867E-5
1.3730378133663E-5
1.3727476095676E-5
1.3724575551684E-5
1.3721676500466E-5
1.3718778940803E-5
1.3715882871476E-5
1.3712988291268E-5
1.3710095198964E-5
1.3707203593349E-5
1.3704313473212E-5
1.3701424837341E-5
1.3698537684525E-5
1.3695652013556E-5
1.3692767823227E-5
1.3689885112331E-5
1.3687003879664E-5
1.3684124124023E-5
1.3681245844206E-5
1.3678369039011E-5
1.367549370724E-5
1.3672619847695E-5
1.366974745918E-5
1.3666876540498E-5
1.3664007090456E-5
1.3661139107861E-5
1.3658272591523E-5
1.365540754025E-5
1.3652543952855E-5
1.364968182815E-5
1.3646821164949E-5
1.3643961962067E-5
1.3641104218321E-5
1.3638247932529E-5
1.363539310351E-5
1.3632539730084E-5
1.3629687811075E-5
1.3626837345304E-5
1.3623988331596E-5
1.3621140768777E-5
1.3618294655674E-5
1.3615449991115E-5
1.361260677393E-5
1.3609765002951E-5
1.3606924677008E-5
1.3604085794937E-5
1.3601248355571E-5
1.3598412357747E-5
1.3595577800302E-5
1.3592744682075E-5
1.3589913001905E-5
1.3587082758635E-5
1.3584253951106E-5
1.3581426578163E-5
1.357860063865E-5
1.3575776131414E-5
1.3572953055303E-5
1.3570131409165E-5
1.356731119185E-5
1.3564492402211E-5
1.3561675039099E-5
1.355885910137E-5
1.3556044587876E-5
1.3553231497477E-5
1.3550419829028E-5
1.354760958139E-5
1.3544800753422E-5
1.3541993343986E-5
1.3539187351944E-5
1.3536382776161E-5
1.3533579615502E-5
1.3530777868834E-5
1.3527977535023E-5
1.352517861294E-5
1.3522381101453E-5
1.3519584999436E-5
1.351679030576E-5
1.3513997019299E-5
1.3511205138929E-5
1.3508414663526E-5
1.3505625591967E-5
1.3502837923132E-5
1.35000516559E-5
1.3497266789153E-5
1.3494483321773E-5
1.3491701252645E-5
1.3488920580652E-5
1.3486141304682E-5
1.3483363423621E-5
1.3480586936358E-5
1.3477811841783E-5
1.3475038138787E-5
1.3472265826263E-5
1.3469494903104E-5
1.3466725368203E-5
1.3463957220458E-5
1.3461190458766E-5
1.3458425082024E-5
1.3455661089132E-5
1.3452898478991E-5
1.3450137250502E-5
1.3447377402569E-5
1.3444618934096E-5
1.3441861843989E-5
1.3439106131153E-5
1.3436351794497E-5
1.343359883293E-5
1.3430847245362E-5
1.3428097030704E-5
1.3425348187869E-5
1.3422600715771E-5
1.3419854613324E-5
1.3417109879444E-5
1.341436651305E-5
1.3411624513059E-5
1.3408883878391E-5
1.3406144607967E-5
1.3403406700708E-5
1.3400670155538E-5
1.3397934971381E-5
1.3395201147163E-5
1.3392468681809E-5
1.3389737574249E-5
1.338700782341E-5
1.3384279428223E-5
1.3381552387619E-5
1.337882670053E-5
1.337610236589E-5
1.3373379382634E-5
1.3370657749697E-5
1.3367937466017E-5
1.3365218530532E-5
1.336250094218E-5
1.3359784699903E-5
1.3357069802641E-5
1.3354356249338E-5
1.3351644038937E-5
1.3348933170384E-5
1.3346223642624E-5
1.3343515454605E-5
1.3340808605275E-5
1.3338103093584E-5
1.3335398918482E-5
1.3332696078921E-5
1.3329994573853E-5
1.3327294402234E-5
1.3324595563018E-5
1.3321898055161E-5
1.331920187762E-5
1.3316507029355E-5
1.3313813509324E-5
1.331112131649E-5
1.3308430449812E-5
1.3305740908255E-5
1.3303052690782E-5
1.3300365796358E-5
1.3297680223951E-5
1.3294995972526E-5
1.3292313041054E-5
1.3289631428502E-5
1.3286951133843E-5
1.3284272156047E-5
1.3281594494088E-5
1.327891814694E-5
1.3276243113577E-5
1.3273569392976E-5
1.3270896984115E-5
1.3268225885971E-5
1.3265556097524E-5
1.3262887617755E-5
1.3260220445645E-5
1.3257554580177E-5
1.3254890020335E-5
1.3252226765103E-5
1.3249564813467E-5
1.3246904164416E-5
1.3244244816936E-5
1.3241586770017E-5
1.3238930022649E-5
1.3236274573824E-5
1.3233620422533E-5
1.3230967567771E-5
1.3228316008533E-5
1.3225665743812E-5
1.3223016772607E-5
1.3220369093916E-5
1.3217722706736E-5
1.3215077610067E-5
1.3212433802912E-5
1.3209791284271E-5
1.3207150053148E-5
1.3204510108548E-5
1.3201871449474E-5
1.3199234074933E-5
1.3196597983933E-5
1.3193963175482E-5
1.3191329648589E-5
1.3188697402264E-5
1.318606643552E-5
1.3183436747369E-5
1.3180808336824E-5
1.31781812029E-5
1.3175555344612E-5
1.3172930760978E-5
1.3170307451014E-5
1.316768541374E-5
1.3165064648176E-5
1.3162445153342E-5
1.315982692826E-5
1.3157209971953E-5
1.3154594283445E-5
1.3151979861761E-5
1.3149366705927E-5
1.3146754814969E-5
1.3144144187917E-5
1.3141534823799E-5
1.3138926721644E-5
1.3136319880485E-5
1.3133714299353E-5
1.3131109977281E-5
1.3128506913304E-5
1.3125905106457E-5
1.3123304555775E-5
1.3120705260297E-5
1.311810721906E-5
1.3115510431103E-5
1.3112914895466E-5
1.3110320611192E-5
1.3107727577321E-5
1.3105135792898E-5
1.3102545256967E-5
1.3099955968572E-5
1.309736792676E-5
1.3094781130579E-5
1.3092195579076E-5
1.3089611271301E-5
1.3087028206303E-5
1.3084446383135E-5
1.3081865800848E-5
1.3079286458495E-5
1.3076708355131E-5
1.3074131489812E-5
1.3071555861592E-5
1.3068981469529E-5
1.3066408312682E-5
1.3063836390109E-5
1.306126570087E-5
1.3058696244027E-5
1.3056128018642E-5
1.3053561023777E-5
1.3050995258497E-5
1.3048430721867E-5
1.3045867412952E-5
1.304330533082E-5
1.3040744474538E-5
1.3038184843176E-5
1.3035626435802E-5
1.3033069251489E-5
1.3030513289307E-5
1.302795854833E-5
1.3025405027631E-5
1.3022852726285E-5
1.3020301643367E-5
1.3017751777954E-5
1.3015203129124E-5
1.3012655695955E-5
1.3010109477526E-5
1.3007564472918E-5
1.3005020681213E-5
1.3002478101492E-5
1.2999936732838E-5
1.2997396574337E-5
1.2994857625074E-5
1.2992319884133E-5
1.2989783350603E-5
1.2987248023572E-5
1.2984713902127E-5
1.298218098536E-5
1.2979649272361E-5
1.2977118762222E-5
1.2974589454035E-5
1.2972061346895E-5
1.2969534439895E-5
1.2967008732132E-5
1.2964484222701E-5
1.2961960910701E-5
1.2959438795229E-5
1.2956917875384E-5
1.2954398150267E-5
1.2951879618979E-5
1.2949362280623E-5
1.29468461343E-5
1.2944331179114E-5
1.2941817414172E-5
1.2939304838577E-5
1.2936793451438E-5
1.2934283251861E-5
1.2931774238955E-5
1.2929266411829E-5
1.2926759769594E-5
1.2924254311361E-5
1.2921750036242E-5
1.291924694335E-5
1.2916745031799E-5
1.2914244300704E-5
1.291174474918E-5
1.2909246376345E-5
1.2906749181315E-5
1.290425316321E-5
1.2901758321149E-5
1.2899264654252E-5
1.289677216164E-5
1.2894280842436E-5
1.2891790695762E-5
1.2889301720742E-5
1.2886813916501E-5
1.2884327282165E-5
1.2881841816861E-5
1.2879357519715E-5
1.2876874389856E-5
1.2874392426414E-5
1.2871911628519E-5
1.2869431995301E-5
1.2866953525892E-5
1.2864476219426E-5
1.2862000075036E-5
1.2859525091857E-5
1.2857051269024E-5
1.2854578605673E-5
1.2852107100942E-5
1.2849636753968E-5
1.2847167563892E-5
1.2844699529852E-5
1.2842232650989E-5
1.2839766926445E-5
1.2837302355363E-5
1.2834838936885E-5
1.2832376670156E-5
1.2829915554322E-5
1.2827455588527E-5
1.2824996771919E-5
1.2822539103646E-5
1.2820082582856E-5
1.2817627208699E-5
1.2815172980325E-5
1.2812719896884E-5
1.281026795753E-5
1.2807817161414E-5
1.2805367507691E-5
1.2802918995516E-5
1.2800471624043E-5
1.2798025392429E-5
1.2795580299831E-5
1.2793136345408E-5
1.2790693528317E-5
1.2788251847719E-5
1.2785811302775E-5
1.2783371892645E-5
1.2780933616493E-5
1.277849647348E-5
1.2776060462772E-5
1.2773625583532E-5
1.2771191834927E-5
1.2768759216123E-5
1.2766327726288E-5
1.2763897364589E-5
1.2761468130195E-5
1.2759040022277E-5
1.2756613040005E-5
1.2754187182551E-5
1.2751762449086E-5
1.2749338838785E-5
1.2746916350821E-5
1.2744494984369E-5
1.2742074738605E-5
1.2739655612705E-5
1.2737237605846E-5
1.2734820717208E-5
1.2732404945968E-5
1.2729990291307E-5
1.2727576752404E-5
1.2725164328443E-5
1.2722753018605E-5
1.2720342822073E-5
1.2717933738031E-5
1.2715525765663E-5
1.2713118904157E-5
1.2710713152697E-5
1.2708308510471E-5
1.2705904976667E-5
1.2703502550474E-5
1.2701101231081E-5
1.269870101768E-5
1.269630190946E-5
1.2693903905615E-5
1.2691507005338E-5
1.2689111207821E-5
1.268671651226E-5
1.2684322917849E-5
1.2681930423786E-5
1.2679539029266E-5
1.2677148733488E-5
1.267475953565E-5
1.2672371434951E-5
1.2669984430592E-5
1.2667598521773E-5
1.2665213707697E-5
1.2662829987565E-5
1.2660447360582E-5
1.265806582595E-5
1.2655685382875E-5
1.2653306030563E-5
1.265092776822E-5
1.2648550595054E-5
1.2646174510273E-5
1.2643799513085E-5
1.26414256027E-5
1.2639052778328E-5
1.2636681039181E-5
1.2634310384471E-5
1.2631940813411E-5
1.2629572325213E-5
1.2627204919093E-5
1.2624838594266E-5
1.2622473349947E-5
1.2620109185353E-5
1.2617746099702E-5
1.2615384092211E-5
1.2613023162101E-5
1.261066330859E-5
1.2608304530899E-5
1.260594682825E-5
1.2603590199865E-5
1.2601234644967E-5
1.2598880162778E-5
1.2596526752525E-5
1.2594174413431E-5
1.2591823144723E-5
1.2589472945628E-5
1.2587123815372E-5
1.2584775753185E-5
1.2582428758296E-5
1.2580082829933E-5
1.2577737967328E-5
1.2575394169712E-5
1.2573051436317E-5
1.2570709766376E-5
1.2568369159122E-5
1.256602961379E-5
1.2563691129614E-5
1.2561353705831E-5
1.2559017341678E-5
1.2556682036391E-5
1.2554347789209E-5
1.255201459937E-5
1.2549682466114E-5
1.2547351388683E-5
1.2545021366315E-5
1.2542692398254E-5
1.2540364483742E-5
1.2538037622023E-5
1.253571181234E-5
1.2533387053938E-5
1.2531063346063E-5
1.2528740687962E-5
1.252641907888E-5
1.2524098518066E-5
1.2521779004769E-5
1.2519460538238E-5
1.2517143117723E-5
1.2514826742474E-5
1.2512511411743E-5
1.2510197124782E-5
1.2507883880845E-5
1.2505571679184E-5
1.2503260519055E-5
1.2500950399712E-5
1.2498641320411E-5
1.2496333280409E-5
1.2494026278963E-5
1.2491720315331E-5
1.2489415388773E-5
1.2487111498546E-5
1.2484808643913E-5
1.2482506824133E-5
1.2480206038469E-5
1.2477906286182E-5
1.2475607566536E-5
1.2473309878795E-5
1.2471013222223E-5
1.2468717596085E-5
1.2466422999648E-5
1.2464129432178E-5
1.2461836892942E-5
1.2459545381209E-5
1.2457254896248E-5
1.2454965437328E-5
1.2452677003719E-5
1.2450389594692E-5
1.244810320952E-5
1.2445817847474E-5
1.2443533507828E-5
1.2441250189854E-5
1.2438967892829E-5
1.2436686616027E-5
1.2434406358724E-5
1.2432127120197E-5
1.2429848899722E-5
1.2427571696579E-5
1.2425295510045E-5
1.2423020339401E-5
1.2420746183926E-5
1.2418473042901E-5
1.2416200915608E-5
1.2413929801329E-5
1.2411659699347E-5
1.2409390608945E-5
1.2407122529408E-5
1.2404855460022E-5
1.240258940007E-5
1.2400324348841E-5
1.239806030562E-5
1.2395797269697E-5
1.2393535240358E-5
1.2391274216895E-5
1.2389014198595E-5
1.2386755184751E-5
1.2384497174652E-5
1.2382240167591E-5
1.2379984162861E-5
1.2377729159755E-5
1.2375475157566E-5
1.237322215559E-5
1.2370970153122E-5
1.2368719149457E-5
1.2366469143893E-5
1.2364220135726E-5
1.2361972124255E-5
1.2359725108779E-5
1.2357479088596E-5
1.2355234063007E-5
1.2352990031313E-5
1.2350746992815E-5
1.2348504946815E-5
1.2346263892616E-5
1.2344023829521E-5
1.2341784756835E-5
1.2339546673862E-5
1.2337309579907E-5
1.2335073474277E-5
1.2332838356278E-5
1.2330604225218E-5
1.2328371080405E-5
1.2326138921148E-5
1.2323907746756E-5
1.2321677556539E-5
1.2319448349807E-5
1.2317220125874E-5
1.2314992884049E-5
1.2312766623647E-5
1.231054134398E-5
1.2308317044363E-5
1.230609372411E-5
1.2303871382537E-5
1.2301650018959E-5
1.2299429632694E-5
1.2297210223058E-5
1.229499178937E-5
1.2292774330947E-5
1.2290557847111E-5
1.228834233718E-5
1.2286127800475E-5
1.2283914236317E-5
1.2281701644028E-5
1.2279490022931E-5
1.2277279372348E-5
1.2275069691604E-5
1.2272860980024E-5
1.2270653236931E-5
1.2268446461652E-5
1.2266240653514E-5
1.2264035811843E-5
1.2261831935967E-5
1.2259629025215E-5
1.2257427078914E-5
1.2255226096396E-5
1.225302607699E-5
1.2250827020027E-5
1.2248628924838E-5
1.2246431790756E-5
1.2244235617113E-5
1.2242040403244E-5
1.2239846148481E-5
1.223765285216E-5
1.2235460513615E-5
1.2233269132184E-5
1.2231078707202E-5
1.2228889238006E-5
1.2226700723935E-5
1.2224513164327E-5
1.2222326558521E-5
1.2220140905857E-5
1.2217956205675E-5
1.2215772457315E-5
1.2213589660121E-5
1.2211407813433E-5
1.2209226916595E-5
1.220704696895E-5
1.2204867969842E-5
1.2202689918616E-5
1.2200512814617E-5
1.2198336657192E-5
1.2196161445686E-5
1.2193987179447E-5
1.2191813857823E-5
1.2189641480162E-5
1.2187470045814E-5
1.2185299554127E-5
1.2183130004452E-5
1.218096139614E-5
1.2178793728543E-5
1.2176627001012E-5
1.21744612129E-5
1.2172296363561E-5
1.2170132452348E-5
1.2167969478617E-5
1.2165807441721E-5
1.2163646341017E-5
1.2161486175862E-5
1.2159326945612E-5
1.2157168649625E-5
1.2155011287258E-5
1.2152854857872E-5
1.2150699360824E-5
1.2148544795476E-5
1.2146391161187E-5
1.2144238457319E-5
1.2142086683234E-5
1.2139935838294E-5
1.2137785921862E-5
1.2135636933302E-5
1.2133488871977E-5
1.2131341737253E-5
1.2129195528495E-5
1.2127050245069E-5
1.2124905886342E-5
1.212276245168E-5
1.2120619940451E-5
1.2118478352025E-5
1.2116337685769E-5
1.2114197941053E-5
1.2112059117247E-5
1.2109921213723E-5
1.2107784229851E-5
1.2105648165003E-5
1.2103513018552E-5
1.2101378789871E-5
1.2099245478333E-5
1.2097113083313E-5
1.2094981604185E-5
1.2092851040325E-5
1.2090721391109E-5
1.2088592655913E-5
1.2086464834114E-5
1.2084337925091E-5
1.2082211928222E-5
1.2080086842885E-5
1.207796266846E-5
1.2075839404327E-5
1.2073717049867E-5
1.207159560446E-5
1.2069475067489E-5
1.2067355438336E-5
1.2065236716384E-5
1.2063118901016E-5
1.2061001991616E-5
1.205888598757E-5
1.2056770888262E-5
1.2054656693079E-5
1.2052543401405E-5
1.2050431012629E-5
1.2048319526139E-5
1.2046208941321E-5
1.2044099257564E-5
1.2041990474259E-5
1.2039882590794E-5
1.2037775606561E-5
1.2035669520949E-5
1.203356433335E-5
1.2031460043157E-5
1.2029356649762E-5
1.2027254152558E-5
1.202515255094E-5
1.20230518443E-5
1.2020952032034E-5
1.2018853113538E-5
1.2016755088208E-5
1.2014657955439E-5
1.201256171463E-5
1.2010466365177E-5
1.200837190648E-5
1.2006278337936E-5
1.2004185658945E-5
1.2002093868906E-5
1.2000002967221E-5
1.1997912953291E-5
1.1995823826516E-5
1.1993735586299E-5
1.1991648232043E-5
1.1989561763151E-5
1.1987476179026E-5
1.1985391479073E-5
1.1983307662696E-5
1.1981224729302E-5
1.1979142678295E-5
1.1977061509083E-5
1.1974981221073E-5
1.1972901813671E-5
1.1970823286287E-5
1.1968745638328E-5
1.1966668869205E-5
1.1964592978326E-5
1.1962517965103E-5
1.1960443828945E-5
1.1958370569265E-5
1.1956298185474E-5
1.1954226676985E-5
1.195215604321E-5
1.1950086283564E-5
1.194801739746E-5
1.1945949384313E-5
1.1943882243539E-5
1.1941815974552E-5
1.1939750576769E-5
1.1937686049607E-5
1.1935622392483E-5
1.1933559604815E-5
1.1931497686022E-5
1.1929436635521E-5
1.1927376452734E-5
1.1925317137079E-5
1.1923258687977E-5
1.1921201104849E-5
1.1919144387118E-5
1.1917088534203E-5
1.191503354553E-5
1.191297942052E-5
1.1910926158597E-5
1.1908873759185E-5
1.190682222171E-5
1.1904771545596E-5
1.1902721730269E-5
1.1900672775156E-5
1.1898624679683E-5
1.1896577443277E-5
1.1894531065367E-5
1.1892485545381E-5
1.1890440882748E-5
1.1888397076897E-5
1.1886354127259E-5
1.1884312033263E-5
1.188227079434E-5
1.1880230409923E-5
1.1878190879443E-5
1.1876152202332E-5
1.1874114378025E-5
1.1872077405954E-5
1.1870041285553E-5
1.1868006016257E-5
1.1865971597501E-5
1.1863938028722E-5
1.1861905309354E-5
1.1859873438835E-5
1.1857842416601E-5
1.1855812242091E-5
1.1853782914743E-5
1.1851754433995E-5
1.1849726799287E-5
1.1847700010057E-5
1.1845674065748E-5
1.1843648965799E-5
1.1841624709651E-5
1.1839601296746E-5
1.1837578726527E-5
1.1835556998436E-5
1.1833536111917E-5
1.1831516066412E-5
1.1829496861368E-5
1.1827478496227E-5
1.1825460970437E-5
1.1823444283442E-5
1.1821428434688E-5
1.1819413423623E-5
1.1817399249693E-5
1.1815385912347E-5
1.1813373411033E-5
1.18113617452E-5
1.1809350914296E-5
1.1807340917772E-5
1.1805331755077E-5
1.1803323425664E-5
1.1801315928982E-5
1.1799309264484E-5
1.1797303431622E-5
1.1795298429849E-5
1.1793294258617E-5
1.1791290917381E-5
1.1789288405596E-5
1.1787286722714E-5
1.1785285868193E-5
1.1783285841487E-5
1.1781286642052E-5
1.1779288269346E-5
1.1777290722825E-5
1.1775294001948E-5
1.1773298106172E-5
1.1771303034955E-5
1.1769308787758E-5
1.176731536404E-5
1.176532276326E-5
1.1763330984879E-5
1.1761340028359E-5
1.1759349893161E-5
1.1757360578746E-5
1.1755372084578E-5
1.175338441012E-5
1.1751397554834E-5
1.1749411518185E-5
1.1747426299638E-5
1.1745441898656E-5
1.1743458314706E-5
1.1741475547253E-5
1.1739493595765E-5
1.1737512459706E-5
1.1735532138546E-5
1.1733552631751E-5
1.173157393879E-5
1.1729596059132E-5
1.1727618992246E-5
1.1725642737601E-5
1.1723667294668E-5
1.1721692662917E-5
1.1719718841819E-5
1.1717745830846E-5
1.1715773629471E-5
1.1713802237165E-5
1.1711831653401E-5
1.1709861877654E-5
1.1707892909396E-5
1.1705924748103E-5
1.1703957393248E-5
1.1701990844308E-5
1.1700025100759E-5
1.1698060162076E-5
1.1696096027736E-5
1.1694132697217E-5
1.1692170169996E-5
1.1690208445551E-5
1.1688247523361E-5
1.1686287402905E-5
1.1684328083662E-5
1.1682369565112E-5
1.1680411846737E-5
1.1678454928016E-5
1.1676498808432E-5
1.1674543487465E-5
1.1672588964599E-5
1.1670635239315E-5
1.1668682311098E-5
1.166673017943E-5
1.1664778843797E-5
1.1662828303682E-5
1.1660878558571E-5
1.1658929607949E-5
1.1656981451302E-5
1.1655034088116E-5
1.1653087517879E-5
1.1651141740077E-5
1.1649196754199E-5
1.1647252559732E-5
1.1645309156165E-5
1.1643366542989E-5
1.1641424719691E-5
1.1639483685762E-5
1.1637543440692E-5
1.1635603983974E-5
1.1633665315097E-5
1.1631727433553E-5
1.1629790338836E-5
1.1627854030437E-5
1.1625918507851E-5
1.162398377057E-5
1.1622049818088E-5
1.16201166499E-5
1.1618184265502E-5
1.1616252664388E-5
1.1614321846054E-5
1.1612391809997E-5
1.1610462555713E-5
1.16085340827E-5
1.1606606390455E-5
1.1604679478477E-5
1.1602753346263E-5
1.1600827993313E-5
1.1598903419126E-5
1.1596979623202E-5
1.1595056605042E-5
1.1593134364145E-5
1.1591212900014E-5
1.1589292212149E-5
1.1587372300053E-5
1.1585453163228E-5
1.1583534801178E-5
1.1581617213405E-5
1.1579700399413E-5
1.1577784358707E-5
1.1575869090791E-5
1.157395459517E-5
1.157204087135E-5
1.1570127918836E-5
1.1568215737136E-5
1.1566304325756E-5
1.1564393684202E-5
1.1562483811984E-5
1.1560574708609E-5
1.1558666373585E-5
1.1556758806422E-5
1.1554852006628E-5
1.1552945973714E-5
1.1551040707191E-5
1.1549136206568E-5
1.1547232471357E-5
1.1545329501069E-5
1.1543427295216E-5
1.1541525853312E-5
1.1539625174867E-5
1.1537725259397E-5
1.1535826106414E-5
1.1533927715433E-5
1.1532030085968E-5
1.1530133217534E-5
1.1528237109647E-5
1.1526341761822E-5
1.1524447173575E-5
1.1522553344423E-5
1.1520660273884E-5
1.1518767961474E-5
1.1516876406711E-5
1.1514985609115E-5
1.1513095568203E-5
1.1511206283495E-5
1.1509317754511E-5
1.150742998077E-5
1.1505542961792E-5
1.1503656697099E-5
1.1501771186212E-5
1.1499886428653E-5
1.1498002423943E-5
1.1496119171605E-5
1.1494236671163E-5
1.1492354922138E-5
1.1490473924056E-5
1.148859367644E-5
1.1486714178815E-5
1.1484835430705E-5
1.1482957431637E-5
1.1481080181136E-5
1.1479203678727E-5
1.1477327923939E-5
1.1475452916298E-5
1.1473578655331E-5
1.1471705140566E-5
1.1469832371531E-5
1.1467960347755E-5
1.1466089068768E-5
1.1464218534099E-5
1.1462348743276E-5
1.1460479695832E-5
1.1458611391297E-5
1.14567438292E-5
1.1454877009076E-5
1.1453010930454E-5
1.1451145592868E-5
1.144928099585E-5
1.1447417138933E-5
1.1445554021651E-5
1.1443691643538E-5
1.1441830004128E-5
1.1439969102956E-5
1.1438108939556E-5
1.1436249513466E-5
1.143439082422E-5
1.1432532871355E-5
1.1430675654407E-5
1.1428819172915E-5
1.1426963426414E-5
1.1425108414444E-5
1.1423254136542E-5
1.1421400592248E-5
1.14195477811E-5
1.1417695702639E-5
1.1415844356403E-5
1.1413993741933E-5
1.1412143858771E-5
1.1410294706456E-5
1.1408446284531E-5
1.1406598592538E-5
1.1404751630018E-5
1.1402905396515E-5
1.1401059891572E-5
1.1399215114731E-5
1.1397371065538E-5
1.1395527743535E-5
1.1393685148269E-5
1.1391843279283E-5
1.1390002136124E-5
1.1388161718337E-5
1.1386322025468E-5
1.1384483057064E-5
1.1382644812672E-5
1.1380807291839E-5
1.1378970494113E-5
1.1377134419043E-5
1.1375299066176E-5
1.1373464435062E-5
1.137163052525E-5
1.1369797336289E-5
1.136796486773E-5
1.1366133119124E-5
1.1364302090021E-5
1.1362471779971E-5
1.1360642188528E-5
1.1358813315243E-5
1.1356985159667E-5
1.1355157721355E-5
1.1353330999859E-5
1.1351504994733E-5
1.1349679705531E-5
1.1347855131806E-5
1.1346031273114E-5
1.1344208129009E-5
1.1342385699048E-5
1.1340563982785E-5
1.1338742979778E-5
1.1336922689582E-5
1.1335103111754E-5
1.1333284245852E-5
1.1331466091435E-5
1.1329648648058E-5
1.1327831915282E-5
1.1326015892664E-5
1.1324200579765E-5
1.1322385976143E-5
1.1320572081359E-5
1.1318758894972E-5
1.1316946416545E-5
1.1315134645636E-5
1.1313323581809E-5
1.1311513224625E-5
1.1309703573647E-5
1.1307894628435E-5
1.1306086388555E-5
1.1304278853568E-5
1.1302472023038E-5
1.1300665896531E-5
1.1298860473609E-5
1.1297055753838E-5
1.1295251736783E-5
1.1293448422009E-5
1.1291645809083E-5
1.128984389757E-5
1.1288042687038E-5
1.1286242177052E-5
1.1284442367181E-5
1.1282643256993E-5
1.1280844846054E-5
1.1279047133934E-5
1.1277250120202E-5
1.1275453804427E-5
1.1273658186178E-5
1.1271863265025E-5
1.1270069040538E-5
1.1268275512288E-5
1.1266482679847E-5
1.1264690542785E-5
1.1262899100674E-5
1.1261108353086E-5
1.1259318299594E-5
1.1257528939771E-5
1.1255740273189E-5
1.1253952299422E-5
1.1252165018044E-5
1.1250378428629E-5
1.1248592530752E-5
1.1246807323988E-5
1.1245022807912E-5
1.1243238982099E-5
1.1241455846127E-5
1.123967339957E-5
1.1237891642007E-5
1.1236110573013E-5
1.1234330192167E-5
1.1232550499046E-5
1.1230771493229E-5
1.1228993174293E-5
1.1227215541819E-5
1.1225438595384E-5
1.1223662334569E-5
1.1221886758953E-5
1.1220111868117E-5
1.1218337661642E-5
1.1216564139108E-5
1.1214791300097E-5
1.121301914419E-5
1.121124767097E-5
1.1209476880018E-5
1.1207706770918E-5
1.1205937343253E-5
1.1204168596606E-5
1.1202400530561E-5
1.1200633144702E-5
1.1198866438613E-5
1.119710041188E-5
1.1195335064088E-5
1.1193570394821E-5
1.1191806403666E-5
1.119004309021E-5
1.1188280454038E-5
1.1186518494738E-5
1.1184757211896E-5
1.1182996605101E-5
1.1181236673941E-5
1.1179477418003E-5
1.1177718836877E-5
1.1175960930151E-5
1.1174203697414E-5
1.1172447138257E-5
1.1170691252269E-5
1.1168936039041E-5
1.1167181498163E-5
1.1165427629226E-5
1.1163674431822E-5
1.1161921905543E-5
1.116017004998E-5
1.1158418864725E-5
1.1156668349373E-5
1.1154918503514E-5
1.1153169326744E-5
1.1151420818656E-5
1.1149672978844E-5
1.1147925806902E-5
1.1146179302425E-5
1.1144433465008E-5
1.1142688294246E-5
1.1140943789736E-5
1.1139199951073E-5
1.1137456777855E-5
1.1135714269676E-5
1.1133972426136E-5
1.113223124683E-5
1.1130490731358E-5
1.1128750879317E-5
1.1127011690305E-5
1.1125273163921E-5
1.1123535299765E-5
1.1121798097435E-5
1.1120061556532E-5
1.1118325676656E-5
1.1116590457407E-5
1.1114855898385E-5
1.1113121999193E-5
1.1111388759431E-5
1.1109656178701E-5
1.1107924256606E-5
1.1106192992747E-5
1.1104462386727E-5
1.110273243815E-5
1.1101003146618E-5
1.1099274511737E-5
1.1097546533108E-5
1.1095819210338E-5
1.1094092543031E-5
1.1092366530791E-5
1.1090641173224E-5
1.1088916469936E-5
1.1087192420533E-5
1.1085469024621E-5
1.1083746281807E-5
1.1082024191698E-5
1.10803027539E-5
1.1078581968023E-5
1.1076861833673E-5
1.1075142350459E-5
1.1073423517989E-5
1.1071705335873E-5
1.106998780372E-5
1.1068270921139E-5
1.106655468774E-5
1.1064839103133E-5
1.1063124166929E-5
1.1061409878739E-5
1.1059696238174E-5
1.1057983244845E-5
1.1056270898365E-5
1.1054559198345E-5
1.1052848144397E-5
1.1051137736136E-5
1.1049427973172E-5
1.1047718855121E-5
1.1046010381596E-5
1.104430255221E-5
1.1042595366578E-5
1.1040888824316E-5
1.1039182925037E-5
1.1037477668357E-5
1.1035773053891E-5
1.1034069081257E-5
1.1032365750069E-5
1.1030663059944E-5
1.10289610105E-5
1.1027259601353E-5
1.1025558832121E-5
1.1023858702422E-5
1.1022159211874E-5
1.1020460360095E-5
1.1018762146704E-5
1.1017064571321E-5
1.1015367633564E-5
1.1013671333053E-5
1.1011975669408E-5
1.1010280642249E-5
1.1008586251198E-5
1.1006892495875E-5
1.1005199375901E-5
1.1003506890897E-5
1.1001815040487E-5
1.1000123824291E-5
1.0998433241932E-5
1.0996743293034E-5
1.0995053977219E-5
1.099336529411E-5
1.0991677243331E-5
1.0989989824507E-5
1.0988303037261E-5
1.0986616881218E-5
1.0984931356003E-5
1.0983246461242E-5
1.0981562196559E-5
1.0979878561581E-5
1.0978195555934E-5
1.0976513179244E-5
1.0974831431138E-5
1.0973150311243E-5
1.0971469819186E-5
1.0969789954595E-5
1.0968110717099E-5
1.0966432106324E-5
1.0964754121901E-5
1.0963076763457E-5
1.0961400030622E-5
1.0959723923025E-5
1.0958048440296E-5
1.0956373582066E-5
1.0954699347964E-5
1.0953025737621E-5
1.0951352750669E-5
1.0949680386738E-5
1.0948008645459E-5
1.0946337526466E-5
1.094466702939E-5
1.0942997153863E-5
1.0941327899518E-5
1.0939659265989E-5
1.0937991252908E-5
1.0936323859909E-5
1.0934657086627E-5
1.0932990932696E-5
1.0931325397749E-5
1.0929660481422E-5
1.092799618335E-5
1.0926332503168E-5
1.0924669440513E-5
1.092300699502E-5
1.0921345166325E-5
1.0919683954065E-5
1.0918023357877E-5
1.0916363377398E-5
1.0914704012265E-5
1.0913045262117E-5
1.0911387126592E-5
1.0909729605327E-5
1.0908072697961E-5
1.0906416404134E-5
1.0904760723484E-5
1.0903105655652E-5
1.0901451200276E-5
1.0899797356997E-5
1.0898144125456E-5
1.0896491505292E-5
1.0894839496148E-5
1.0893188097664E-5
1.0891537309481E-5
1.0889887131242E-5
1.0888237562589E-5
1.0886588603165E-5
1.088494025261E-5
1.088329251057E-5
1.0881645376687E-5
1.0879998850605E-5
1.0878352931967E-5
1.0876707620417E-5
1.0875062915601E-5
1.0873418817162E-5
1.0871775324746E-5
1.0870132437998E-5
1.0868490156564E-5
1.0866848480089E-5
1.0865207408219E-5
1.0863566940601E-5
1.0861927076882E-5
1.0860287816708E-5
1.0858649159727E-5
1.0857011105587E-5
1.0855373653934E-5
1.0853736804418E-5
1.0852100556686E-5
1.0850464910388E-5
1.0848829865172E-5
1.0847195420687E-5
1.0845561576583E-5
1.084392833251E-5
1.0842295688118E-5
1.0840663643057E-5
1.0839032196977E-5
1.0837401349531E-5
1.0835771100368E-5
1.083414144914E-5
1.0832512395499E-5
1.0830883939098E-5
1.0829256079587E-5
1.0827628816621E-5
1.0826002149851E-5
1.0824376078932E-5
1.0822750603515E-5
1.0821125723256E-5
1.0819501437807E-5
1.0817877746824E-5
1.081625464996E-5
1.081463214687E-5
1.081301023721E-5
1.0811388920634E-5
1.0809768196799E-5
1.0808148065361E-5
1.0806528525974E-5
1.0804909578297E-5
1.0803291221985E-5
1.0801673456695E-5
1.0800056282085E-5
1.0798439697813E-5
1.0796823703535E-5
1.079520829891E-5
1.0793593483597E-5
1.0791979257254E-5
1.079036561954E-5
1.0788752570113E-5
1.0787140108634E-5
1.0785528234763E-5
1.0783916948158E-5
1.078230624848E-5
1.0780696135391E-5
1.077908660855E-5
1.0777477667618E-5
1.0775869312257E-5
1.0774261542129E-5
1.0772654356894E-5
1.0771047756217E-5
1.0769441739758E-5
1.076783630718E-5
1.0766231458146E-5
1.076462719232E-5
1.0763023509365E-5
1.0761420408944E-5
1.0759817890722E-5
1.0758215954362E-5
1.075661459953E-5
1.0755013825889E-5
1.0753413633106E-5
1.0751814020845E-5
1.0750214988772E-5
1.0748616536553E-5
1.0747018663853E-5
1.0745421370339E-5
1.0743824655679E-5
1.0742228519537E-5
1.0740632961583E-5
1.0739037981482E-5
1.0737443578904E-5
1.0735849753515E-5
1.0734256504984E-5
1.0732663832979E-5
1.0731071737169E-5
1.0729480217224E-5
1.0727889272811E-5
1.0726298903602E-5
1.0724709109264E-5
1.0723119889469E-5
1.0721531243887E-5
1.0719943172188E-5
1.0718355674044E-5
1.0716768749124E-5
1.0715182397101E-5
1.0713596617645E-5
1.071201141043E-5
1.0710426775126E-5
1.0708842711407E-5
1.0707259218944E-5
1.0705676297411E-5
1.070409394648E-5
1.0702512165826E-5
1.0700930955121E-5
1.069935031404E-5
1.0697770242256E-5
1.0696190739445E-5
1.069461180528E-5
1.0693033439437E-5
1.069145564159E-5
1.0689878411416E-5
1.0688301748589E-5
1.0686725652786E-5
1.0685150123683E-5
1.0683575160957E-5
1.0682000764283E-5
1.0680426933339E-5
1.0678853667802E-5
1.067728096735E-5
1.0675708831659E-5
1.0674137260409E-5
1.0672566253278E-5
1.0670995809942E-5
1.0669425930082E-5
1.0667856613377E-5
1.0666287859505E-5
1.0664719668146E-5
1.066315203898E-5
1.0661584971686E-5
1.0660018465945E-5
1.0658452521437E-5
1.0656887137843E-5
1.0655322314844E-5
1.0653758052121E-5
1.0652194349355E-5
1.0650631206228E-5
1.0649068622422E-5
1.064750659762E-5
1.0645945131503E-5
1.0644384223755E-5
1.0642823874057E-5
1.0641264082095E-5
1.0639704847549E-5
1.0638146170106E-5
1.0636588049447E-5
1.0635030485258E-5
1.0633473477223E-5
1.0631917025027E-5
1.0630361128354E-5
1.0628805786889E-5
1.0627251000318E-5
1.0625696768327E-5
1.0624143090601E-5
1.0622589966827E-5
1.062103739669E-5
1.0619485379878E-5
1.0617933916077E-5
1.0616383004974E-5
1.0614832646257E-5
1.0613282839613E-5
1.0611733584731E-5
1.0610184881297E-5
1.0608636729E-5
1.060708912753E-5
1.0605542076574E-5
1.0603995575822E-5
1.0602449624962E-5
1.0600904223685E-5
1.0599359371681E-5
1.0597815068638E-5
1.0596271314247E-5
1.0594728108199E-5
1.0593185450185E-5
1.0591643339895E-5
1.0590101777021E-5
1.0588560761253E-5
1.0587020292284E-5
1.0585480369806E-5
1.058394099351E-5
1.0582402163089E-5
1.0580863878235E-5
1.0579326138642E-5
1.0577788944003E-5
1.057625229401E-5
1.0574716188357E-5
1.0573180626739E-5
1.0571645608848E-5
1.057011113438E-5
1.0568577203029E-5
1.0567043814489E-5
1.0565510968455E-5
1.0563978664624E-5
1.0562446902689E-5
1.0560915682347E-5
1.0559385003294E-5
1.0557854865226E-5
1.0556325267839E-5
1.0554796210829E-5
1.0553267693894E-5
1.0551739716731E-5
1.0550212279036E-5
1.0548685380508E-5
1.0547159020845E-5
1.0545633199743E-5
1.0544107916902E-5
1.054258317202E-5
1.0541058964795E-5
1.0539535294927E-5
1.0538012162115E-5
1.0536489566057E-5
1.0534967506454E-5
1.0533445983006E-5
1.0531924995411E-5
1.0530404543372E-5
1.0528884626588E-5
1.0527365244761E-5
1.052584639759E-5
1.0524328084778E-5
1.0522810306025E-5
1.0521293061034E-5
1.0519776349506E-5
1.0518260171144E-5
1.051674452565E-5
1.0515229412726E-5
1.0513714832075E-5
1.05122007834E-5
1.0510687266405E-5
1.0509174280793E-5
1.0507661826268E-5
1.0506149902533E-5
1.0504638509294E-5
1.0503127646253E-5
1.0501617313117E-5
1.0500107509589E-5
1.0498598235375E-5
1.049708949018E-5
1.0495581273709E-5
1.049407358567E-5
1.0492566425766E-5
1.0491059793705E-5
1.0489553689193E-5
1.0488048111937E-5
1.0486543061643E-5
1.0485038538018E-5
1.0483534540771E-5
1.0482031069608E-5
1.0480528124237E-5
1.0479025704367E-5
1.0477523809704E-5
1.0476022439959E-5
1.0474521594839E-5
1.0473021274053E-5
1.0471521477311E-5
1.0470022204322E-5
1.0468523454794E-5
1.0467025228439E-5
1.0465527524966E-5
1.0464030344085E-5
1.0462533685506E-5
1.0461037548941E-5
1.04595419341E-5
1.0458046840694E-5
1.0456552268434E-5
1.0455058217032E-5
1.04535646862E-5
1.045207167565E-5
1.0450579185094E-5
1.0449087214243E-5
1.0447595762812E-5
1.0446104830512E-5
1.0444614417057E-5
1.044312452216E-5
1.0441635145534E-5
1.0440146286893E-5
1.0438657945951E-5
1.0437170122422E-5
1.0435682816021E-5
1.0434196026462E-5
1.0432709753459E-5
1.0431223996729E-5
1.0429738755985E-5
1.0428254030944E-5
1.042676982132E-5
1.0425286126831E-5
1.0423802947191E-5
1.0422320282118E-5
1.0420838131327E-5
1.0419356494536E-5
1.0417875371461E-5
1.0416394761819E-5
1.0414914665328E-5
1.0413435081706E-5
1.0411956010669E-5
1.0410477451937E-5
1.0408999405227E-5
1.0407521870258E-5
1.0406044846748E-5
1.0404568334416E-5
1.0403092332981E-5
1.0401616842163E-5
1.0400141861681E-5
1.0398667391254E-5
1.0397193430603E-5
1.0395719979448E-5
1.0394247037508E-5
1.0392774604505E-5
1.0391302680159E-5
1.0389831264191E-5
1.0388360356322E-5
1.0386889956274E-5
1.0385420063768E-5
1.0383950678526E-5
1.038248180027E-5
1.0381013428722E-5
1.0379545563605E-5
1.037807820464E-5
1.0376611351552E-5
1.0375145004063E-5
1.0373679161896E-5
1.0372213824775E-5
1.0370748992423E-5
1.0369284664564E-5
1.0367820840923E-5
1.0366357521223E-5
1.0364894705189E-5
1.0363432392545E-5
1.0361970583018E-5
1.0360509276331E-5
1.035904847221E-5
1.0357588170381E-5
1.0356128370568E-5
1.0354669072499E-5
1.03532102759E-5
1.0351751980495E-5
1.0350294186013E-5
1.034883689218E-5
1.0347380098723E-5
1.0345923805369E-5
1.0344468011844E-5
1.0343012717878E-5
1.0341557923198E-5
1.0340103627531E-5
1.0338649830605E-5
1.033719653215E-5
1.0335743731894E-5
1.0334291429565E-5
1.0332839624892E-5
1.0331388317605E-5
1.0329937507433E-5
1.0328487194106E-5
1.0327037377352E-5
1.0325588056904E-5
1.032413923249E-5
1.032269090384E-5
1.0321243070686E-5
1.0319795732759E-5
1.0318348889788E-5
1.0316902541506E-5
1.0315456687644E-5
1.0314011327933E-5
1.0312566462106E-5
1.0311122089894E-5
1.0309678211029E-5
1.0308234825243E-5
1.030679193227E-5
1.0305349531843E-5
1.0303907623693E-5
1.0302466207554E-5
1.0301025283161E-5
1.0299584850245E-5
1.0298144908541E-5
1.0296705457784E-5
1.0295266497706E-5
1.0293828028043E-5
1.0292390048529E-5
1.0290952558899E-5
1.0289515558888E-5
1.0288079048231E-5
1.0286643026662E-5
1.0285207493919E-5
1.0283772449736E-5
1.028233789385E-5
1.0280903825996E-5
