1.89855537224244E-4
1.88843793956016E-4
1.8784500152734E-4
1.86858899562827E-4
1.85885234790264E-4
1.84923760796688E-4
1.83974237794537E-4
1.83036432397383E-4
1.82110117404799E-4
1.81195071595919E-4
1.80291079531285E-4
1.79397931362584E-4
1.7851542264993E-4
1.77643354186313E-4
1.76781531828917E-4
1.75929766336968E-4
1.75087873215835E-4
1.74255672567091E-4
1.73432988944275E-4
1.72619651214105E-4
1.71815492422889E-4
1.71020349667924E-4
1.70234063973644E-4
1.69456480172339E-4
1.68687446789224E-4
1.67926815931691E-4
1.67174443182548E-4
1.664301874971E-4
1.6569391110389E-4
1.64965479408961E-4
1.64244760903484E-4
1.63531627074627E-4
1.62825952319518E-4
1.6212761386218E-4
1.61436491673332E-4
1.60752468392916E-4
1.60075429255264E-4
1.59405262016794E-4
1.58741856886118E-4
1.580851064565E-4
1.57434905640542E-4
1.56791151607034E-4
1.56153743719863E-4
1.55522583478925E-4
1.54897574462951E-4
1.5427862227417E-4
1.53665634484753E-4
1.53058520584961E-4
1.52457191932941E-4
1.51861561706101E-4
1.51271544854009E-4
1.50687058052764E-4
1.50108019660786E-4
1.49534349675963E-4
1.48965969694115E-4
1.48402802868727E-4
1.4784477387191E-4
1.47291808856529E-4
1.46743835419479E-4
1.4620078256606E-4
1.45662580675395E-4
1.45129161466895E-4
1.44600457967694E-4
1.44076404481039E-4
1.43556936555611E-4
1.43041990955722E-4
1.42531505632381E-4
1.42025419695184E-4
1.41523673385013E-4
1.41026208047506E-4
1.40532966107275E-4
1.40043891042858E-4
1.3955892736236E-4
1.39078020579784E-4
1.3860111719201E-4
1.38128164656412E-4
1.37659111369096E-4
1.37193906643716E-4
1.36732500690883E-4
1.36274844598129E-4
1.35820890310397E-4
1.3537059061107E-4
1.34923899103499E-4
1.34480770193022E-4
1.34041159069462E-4
1.33605021690078E-4
1.33172314762973E-4
1.32742995730928E-4
1.32317022755656E-4
1.31894354702462E-4
1.31474951125309E-4
1.31058772252245E-4
1.30645778971223E-4
1.30235932816273E-4
1.29829195954014E-4
1.29425531170522E-4
1.29024901858516E-4
1.28627272004867E-4
1.28232606178419E-4
1.27840869518106E-4
1.27452027721369E-4
1.27066047032847E-4
1.26682894233357E-4
1.2630253662913E-4
1.25924942041314E-4
1.25550078795729E-4
1.25177915712867E-4
1.24808422098134E-4
1.24441567732316E-4
1.24077322862284E-4
1.23715658191905E-4
1.23356544873179E-4
1.22999954497573E-4
1.22645859087565E-4
1.22294231088379E-4
1.21945043359914E-4
1.2159826916886E-4
1.21253882180989E-4
1.2091185645363E-4
1.20572166428314E-4
1.20234786923578E-4
1.19899693127941E-4
1.19566860593031E-4
1.19236265226873E-4
1.18907883287321E-4
1.18581691375635E-4
1.18257666430213E-4
1.17935785720437E-4
1.17616026840682E-4
1.17298367704437E-4
1.1698278653856E-4
1.1666926187766E-4
1.16357772558597E-4
1.16048297715106E-4
1.15740816772529E-4
1.15435309442662E-4
1.15131755718721E-4
1.14830135870399E-4
1.14530430439043E-4
1.14232620232919E-4
1.13936686322591E-4
1.13642610036383E-4
1.13350372955943E-4
1.13059956911899E-4
1.12771343979605E-4
1.1248451647497E-4
1.12199456950381E-4
1.11916148190702E-4
1.11634573209354E-4
1.11354715244488E-4
1.11076557755214E-4
1.1080008441793E-4
1.10525279122706E-4
1.10252125969746E-4
1.09980609265927E-4
1.09710713521399E-4
1.09442423446256E-4
1.09175723947274E-4
1.0891060012471E-4
1.08647037269167E-4
1.08385020858517E-4
1.08124536554887E-4
1.07865570201703E-4
1.07608107820792E-4
1.07352135609535E-4
1.07097639938083E-4
1.06844607346619E-4
1.06593024542677E-4
1.0634287839851E-4
1.06094155948506E-4
1.05846844386663E-4
1.05600931064093E-4
1.05356403486592E-4
1.05113249312247E-4
1.04871456349082E-4
1.04631012552762E-4
1.04391906024328E-4
1.04154125007976E-4
1.03917657888879E-4
1.03682493191051E-4
1.03448619575247E-4
1.03216025836899E-4
1.02984700904097E-4
1.02754633835597E-4
1.02525813818878E-4
1.02298230168217E-4
1.02071872322815E-4
1.01846729844947E-4
1.01622792418145E-4
1.01400049845423E-4
1.01178492047519E-4
1.00958109061178E-4
1.00738891037467E-4
1.00520828240107E-4
1.00303911043851E-4
1.00088129932877E-4
9.9873475499218E-5
9.965993844121E-5
9.9447509561979E-5
9.923617976794E-5
9.9025940067337E-5
9.8816781568793E-5
9.8608695479899E-5
9.8401673105815E-5
9.8195705847901E-5
9.7990785202372E-5
9.7786902758975E-5
9.7584050199682E-5
9.7382219297416E-5
9.718140191479E-5
9.698159000287E-5
9.678277559996E-5
9.6584950830401E-5
9.6388107903399E-5
9.6192239111869E-5
9.599733683129E-5
9.5803393518592E-5
9.5610401711053E-5
9.5418354025214E-5
9.5227243155818E-5
9.5037061874758E-5
9.4847803030046E-5
9.4659459544802E-5
9.447202441625E-5
9.4285490714743E-5
9.4099851582791E-5
9.3915100234112E-5
9.3731229952695E-5
9.3548234091884E-5
9.3366106073465E-5
9.3184839386778E-5
9.3004427587836E-5
9.2824864298466E-5
9.2646143205452E-5
9.24682580597E-5
9.2291202675417E-5
9.2114970929297E-5
9.193955675972E-5
9.1764954165968E-5
9.1591157207449E-5
9.1418160002935E-5
9.1245956729814E-5
9.1074541623344E-5
9.0903908975932E-5
9.0734053136414E-5
9.0564968509344E-5
9.0396649554308E-5
9.0229090785233E-5
9.006228676971E-5
8.9896232128337E-5
8.9730921534058E-5
8.956634971152E-5
8.9402511436441E-5
8.9239401534977E-5
8.9077014883113E-5
8.8915346406051E-5
8.8754391077612E-5
8.8594143919649E-5
8.8434600001462E-5
8.8275754439229E-5
8.8117602395439E-5
8.7960139078339E-5
8.7803359741384E-5
8.7647259682695E-5
8.7491834244534E-5
8.7337078812769E-5
8.7182988816368E-5
8.7029559726881E-5
8.6876787057942E-5
8.6724666364772E-5
8.6573193243692E-5
8.6422363331643E-5
8.6272172305708E-5
8.6122615882649E-5
8.597368981844E-5
8.5825389907817E-5
8.5677711983832E-5
8.5530651917403E-5
8.5384205616885E-5
8.5238369027639E-5
8.5093138131605E-5
8.494850894689E-5
8.4804477527349E-5
8.4661039962184E-5
8.4518192375539E-5
8.4375930926108E-5
8.4234251806746E-5
8.4093151244078E-5
8.3952625498127E-5
8.3812670861935E-5
8.3673283661195E-5
8.3534460253888E-5
8.3396197029923E-5
8.3258490410782E-5
8.3121336849172E-5
8.2984732828676E-5
8.2848674863418E-5
8.2713159497724E-5
8.2578183305789E-5
8.2443742891358E-5
