0.005217010531215828
0.004550020753594991
0.004048861269187239
0.003657274517533373
0.003342078679799104
0.003082384511118301
0.00286435796264827
0.002678458016115976
0.002517882038893688
0.002377643358835797
0.002253999489149964
0.002144084395417816
0.002045664415859191
0.001956971775394952
0.001876588286113361
0.001803362379681214
0.001736348802631025
0.00167476404551511
0.001617952901753456
0.001565363033287347
0.001516525385182855
0.001471038932806929
0.001428558679475708
0.001388786121431245
0.001351461605982012
0.001316358156800147
0.001283276446783154
0.00125204067624851
0.001222495171103241
0.001194501557881506
0.001167936404238965
0.001142689237488259
0.00111866087208239
0.001095761991056426
0.001073911937376951
0.001053037679693903
0.001033072923710255
0.001013957345704527
9.95635928977587E-4
9.78058387387984E-4
9.61178662872964E-4
9.44954486064189E-4
9.29346990907164E-4
9.14320375664513E-4
8.99841603891294E-4
8.85880139966921E-4
8.72407714593343E-4
8.59398116355127E-4
8.46827006009488E-4
8.34671750654088E-4
8.22911275323276E-4
8.11525929903602E-4
8.00497369547017E-4
7.8980844700439E-4
7.79443115509756E-4
7.69386341023365E-4
7.59624022793261E-4
7.50142921325937E-4
7.4093059296861E-4
7.31975330402656E-4
7.23266108431666E-4
7.14792534519994E-4
7.06544803601134E-4
6.98513656729976E-4
6.9069034320126E-4
6.83066585798291E-4
6.7563454887295E-4
6.68386808990302E-4
6.61316327899469E-4
6.54416427617552E-4
6.47680767435519E-4
6.41103322674468E-4
6.34678365038099E-4
6.28400444422542E-4
6.22264372058405E-4
6.16265204872057E-4
6.10398230964058E-4
6.04658956112254E-4
5.99043091215816E-4
5.93546540604207E-4
5.88165391142057E-4
5.82895902067092E-4
5.77734495504038E-4
5.72677747602275E-4
5.67722380249776E-4
5.62865253319821E-4
5.58103357410789E-4
5.53433807042625E-4
5.48853834276711E-4
5.44360782728532E-4
5.39952101945083E-4
5.35625342121257E-4
5.31378149131472E-4
5.27208259854724E-4
5.23113497772933E-4
5.19091768824066E-4
5.15141057492866E-4
5.11259423123439E-4
5.07444996439029E-4
5.03695976255488E-4
5.00010626375908E-4
4.96387272654828E-4
4.92824300221234E-4
4.89320150850408E-4
4.85873320475336E-4
4.82482356829052E-4
4.7914585720994E-4
4.75862466362535E-4
4.72630874466847E-4
4.69449815229816E-4
4.66318064072812E-4
4.63234436409579E-4
4.60197786009379E-4
4.5720700344043E-4
4.54261014589076E-4
4.51358779250362E-4
4.48499289786054E-4
4.45681569846337E-4
4.42904673151653E-4
4.40167682331423E-4
4.37469707816544E-4
4.34809886782763E-4
4.32187382142206E-4
4.29601381580537E-4
4.27051096637304E-4
4.24535761827237E-4
4.22054633800392E-4
4.19606990539105E-4
4.17192130589905E-4
4.14809372328625E-4
4.12458053257006E-4
4.10137529329248E-4
4.0784717430701E-4
4.05586379141489E-4
4.03354551381206E-4
4.01151114604291E-4
3.98975507874085E-4
3.96827185216923E-4
3.94705615121058E-4
3.92610280055741E-4
3.90540676009485E-4
3.88496312046646E-4
3.86476709881469E-4
3.8448140346879E-4
3.82509938610636E-4
3.80561872578012E-4
3.78636773747196E-4
3.76734221249869E-4
3.74853804636499E-4
3.72995123552362E-4
3.71157787425686E-4
3.69341415167337E-4
3.67545634881613E-4
3.657700835876E-4
3.64014406950705E-4
3.62278259023871E-4
3.60561301998124E-4
3.58863205962019E-4
3.57183648669636E-4
3.55522315316757E-4
3.53878898324904E-4
3.52253097132912E-4
3.50644617995708E-4
3.49053173790049E-4
3.4747848382689E-4
3.45920273670163E-4
3.44378274961672E-4
3.42852225251899E-4
3.41341867836453E-4
3.3984695159798E-4
3.38367230853283E-4
3.36902465205488E-4
3.35452419401031E-4
3.34016863191304E-4
3.32595571198777E-4
3.31188322787421E-4
3.29794901937268E-4
3.28415097122978E-4
3.27048701196237E-4
3.25695511271851E-4
3.24355328617421E-4
3.23027958546422E-4
3.21713210314626E-4
3.20410897019691E-4
3.19120835503831E-4
3.17842846259462E-4
3.16576753337689E-4
3.15322384259564E-4
3.14079569930007E-4
3.12848144554286E-4
3.11627945556989E-4
3.10418813503378E-4
3.09220592023058E-4
3.08033127735879E-4
3.06856270179997E-4
3.05689871742005E-4
3.04533787589081E-4
3.03387875603096E-4
3.0225199631658E-4
3.01126012850512E-4
3.00009790853869E-4
2.98903198444873E-4
2.9780610615388E-4
2.96718386867856E-4
2.95639915776399E-4
2.94570570319236E-4
2.93510230135178E-4
2.92458777012446E-4
2.9141609484037E-4
2.90382069562375E-4
2.89356589130247E-4
2.88339543459622E-4
2.87330824386651E-4
2.86330325625831E-4
2.85337942728941E-4
2.84353573045065E-4
2.83377115681648E-4
2.8240847146659E-4
2.81447542911303E-4
2.80494234174735E-4
2.79548451028316E-4
2.78610100821802E-4
2.77679092449985E-4
2.76755336320255E-4
2.75838744320985E-4
2.74929229790694E-4
2.74026707488008E-4
2.73131093562346E-4
2.72242305525358E-4
2.71360262223042E-4
2.70484883808575E-4
2.6961609171579E-4
2.68753808633316E-4
2.67897958479333E-4
2.67048466376952E-4
2.66205258630177E-4
2.65368262700449E-4
2.64537407183752E-4
2.63712621788269E-4
2.62893837312552E-4
2.62080985624227E-4
2.6127399963919E-4
2.60472813301285E-4
2.59677361562476E-4
2.58887580363452E-4
2.5810340661471E-4
2.57324778178047E-4
2.56551633848503E-4
2.55783913336694E-4
2.55021557251568E-4
2.54264507083532E-4
2.53512705187978E-4
2.52766094769168E-4
2.5202461986449E-4
2.51288225329064E-4
2.50556856820674E-4
2.49830460785065E-4
2.49108984441535E-4
2.48392375768866E-4
2.47680583491545E-4
2.46973557066306E-4
2.46271246668947E-4
2.45573603181438E-4
2.44880578179316E-4
2.44192123919338E-4
2.43508193327414E-4
2.4282873998678E-4
2.42153718126429E-4
2.41483082609805E-4
2.40816788923702E-4
2.40154793167431E-4
2.39497052042186E-4
2.38843522840655E-4
2.38194163436828E-4
2.37548932276027E-4
2.36907788365145E-4
2.36270691263075E-4
2.3563760107135E-4
2.35008478424955E-4
2.34383284483349E-4
2.3376198092165E-4
2.33144529922008E-4
2.32530894165148E-4
2.3192103682209E-4
2.31314921546025E-4
2.3071251246436E-4
2.3011377417092E-4
2.29518671718304E-4
2.28927170610384E-4
2.28339236794972E-4
2.27754836656604E-4
2.27173937009492E-4
2.26596505090596E-4
2.26022508552828E-4
2.25451915458404E-4
2.24884694272315E-4
2.24320813855915E-4
2.23760243460645E-4
2.23202952721872E-4
2.2264891165285E-4
2.22098090638783E-4
2.21550460431013E-4
2.21005992141308E-4
2.20464657236268E-4
2.19926427531828E-4
2.19391275187862E-4
2.18859172702897E-4
2.18330092908915E-4
2.17804008966252E-4
2.17280894358604E-4
2.16760722888103E-4
2.16243468670502E-4
2.1572910613044E-4
2.1521760999679E-4
2.14708955298104E-4
2.14203117358123E-4
2.13700071791378E-4
2.13199794498875E-4
2.12702261663844E-4
2.12207449747575E-4
2.11715335485322E-4
2.11225895882286E-4
2.10739108209656E-4
2.10254950000733E-4
2.09773399047128E-4
2.09294433395E-4
2.08818031341389E-4
2.08344171430594E-4
2.07872832450618E-4
2.07403993429687E-4
2.06937633632806E-4
2.06473732558397E-4
2.06012269934981E-4
2.0555322571792E-4
2.05096580086217E-4
2.04642313439368E-4
2.04190406394269E-4
2.03740839782175E-4
2.0329359464571E-4
2.02848652235922E-4
2.024059940094E-4
2.01965601625427E-4
2.01527456943187E-4
2.01091542019017E-4
2.00657839103704E-4
2.00226330639825E-4
1.99796999259133E-4
1.9936982777999E-4
1.98944799204833E-4
1.98521896717691E-4
1.98101103681729E-4
1.97682403636853E-4
1.97265780297329E-4
1.96851217549462E-4
1.96438699449297E-4
1.96028210220368E-4
1.95619734251476E-4
1.95213256094507E-4
1.94808760462279E-4
1.94406232226432E-4
1.9400565641534E-4
1.93607018212066E-4
1.93210302952343E-4
1.92815496122598E-4
1.92422583357983E-4
1.92031550440467E-4
1.91642383296934E-4
1.91255067997322E-4
1.90869590752789E-4
1.90485937913902E-4
1.90104095968869E-4
1.89724051541773E-4
1.89345791390863E-4
1.88969302406847E-4
1.88594571611222E-4
1.88221586154625E-4
1.87850333315216E-4
1.87480800497079E-4
1.87112975228651E-4
1.8674684516117E-4
1.8638239806715E-4
1.86019621838879E-4
1.85658504486939E-4
1.85299034138745E-4
1.84941199037111E-4
1.84584987538834E-4
1.84230388113297E-4
1.83877389341101E-4
1.83525979912703E-4
1.83176148627088E-4
1.82827884390455E-4
1.82481176214919E-4
1.82136013217238E-4
1.8179238461755E-4
1.81450279738144E-4
1.81109688002225E-4
1.80770598932719E-4
1.80433002151084E-4
1.80096887376142E-4
1.79762244422926E-4
1.79429063201538E-4
1.79097333716039E-4
1.78767046063338E-4
1.78438190432107E-4
1.781107571017E-4
1.77784736441107E-4
1.77460118907901E-4
1.77136895047216E-4
1.76815055490729E-4
1.76494590955664E-4
1.76175492243799E-4
1.75857750240503E-4
1.7554135591377E-4
1.75226300313277E-4
1.74912574569452E-4
1.74600169892552E-4
1.74289077571757E-4
1.73979288974277E-4
1.73670795544466E-4
1.73363588802959E-4
1.73057660345804E-4
1.72753001843622E-4
1.72449605040772E-4
1.72147461754523E-4
1.71846563874245E-4
1.71546903360602E-4
1.71248472244766E-4
1.70951262627634E-4
1.70655266679058E-4
1.70360476637089E-4
1.7006688480722E-4
1.69774483561649E-4
1.69483265338556E-4
1.69193222641368E-4
1.68904348038061E-4
1.68616634160454E-4
1.68330073703518E-4
1.68044659424689E-4
1.67760384143196E-4
1.67477240739397E-4
1.6719522215412E-4
1.66914321388015E-4
1.66634531500913E-4
1.66355845611196E-4
1.66078256895174E-4
1.65801758586467E-4
1.65526343975399E-4
1.65252006408396E-4
1.64978739287396E-4
1.64706536069265E-4
1.64435390265215E-4
1.64165295440241E-4
1.63896245212551E-4
1.63628233253017E-4
1.6336125328462E-4
1.63095299081913E-4
1.62830364470485E-4
1.62566443326432E-4
1.62303529575835E-4
1.62041617194247E-4
1.61780700206179E-4
1.61520772684605E-4
1.61261828750459E-4
1.61003862572152E-4
1.6074686836508E-4
1.6049084039115E-4
1.60235772958313E-4
1.59981660420086E-4
1.59728497175102E-4
1.59476277666647E-4
1.59224996382216E-4
1.58974647853064E-4
1.58725226653775E-4
1.58476727401818E-4
1.58229144757129E-4
1.57982473421684E-4
1.57736708139077E-4
1.57491843694112E-4
1.57247874912394E-4
1.57004796659927E-4
1.56762603842713E-4
1.5652129140636E-4
1.56280854335695E-4
1.56041287654372E-4
1.55802586424507E-4
1.55564745746285E-4
1.55327760757604E-4
1.55091626633701E-4
1.54856338586789E-4
1.54621891865706E-4
1.54388281755552E-4
1.54155503577347E-4
1.53923552687684E-4
1.53692424478383E-4
1.53462114376159E-4
1.5323261784228E-4
1.53003930372253E-4
1.52776047495481E-4
1.5254896477495E-4
1.52322677806908E-4
1.5209718222055E-4
1.51872473677708E-4
1.51648547872543E-4
1.51425400531235E-4
1.51203027411694E-4
1.50981424303252E-4
1.50760587026371E-4
1.5054051143236E-4
1.50321193403076E-4
1.50102628850649E-4
1.49884813717196E-4
1.49667743974543E-4
1.49451415623955E-4
1.49235824695858E-4
1.49020967249578E-4
1.48806839373066E-4
1.48593437182644E-4
1.48380756822737E-4
1.48168794465624E-4
1.47957546311179E-4
1.47747008586622E-4
1.47537177546268E-4
1.47328049471283E-4
1.47119620669441E-4
1.46911887474884E-4
1.46704846247881E-4
1.46498493374597E-4
1.46292825266857E-4
1.46087838361918E-4
1.45883529122239E-4
1.4567989403526E-4
1.45476929613173E-4
1.45274632392708E-4
1.45072998934912E-4
1.44872025824931E-4
1.44671709671803E-4
1.44472047108238E-4
1.44273034790417E-4
1.44074669397784E-4
1.43876947632837E-4
1.43679866220931E-4
1.43483421910075E-4
1.43287611470734E-4
1.43092431695636E-4
1.42897879399573E-4
1.42703951419216E-4
1.42510644612919E-4
1.42317955860534E-4
1.42125882063226E-4
1.41934420143286E-4
1.41743567043953E-4
1.41553319729232E-4
1.41363675183714E-4
1.41174630412403E-4
1.40986182440538E-4
1.40798328313424E-4
1.40611065096257E-4
1.40424389873959E-4
1.40238299751007E-4
1.40052791851269E-4
1.3986786331784E-4
1.39683511312881E-4
1.39499733017453E-4
1.39316525631363E-4
1.39133886373004E-4
1.38951812479205E-4
1.38770301205066E-4
1.38589349823813E-4
1.38408955626645E-4
1.38229115922586E-4
1.38049828038333E-4
1.37871089318111E-4
1.3769289712353E-4
1.37515248833439E-4
1.37338141843786E-4
1.37161573567469E-4
1.36985541434211E-4
1.36810042890406E-4
1.36635075398997E-4
1.36460636439329E-4
1.36286723507021E-4
1.3611333411383E-4
1.35940465787524E-4
1.35768116071749E-4
1.35596282525898E-4
1.35424962724986E-4
1.35254154259527E-4
1.35083854735403E-4
1.34914061773741E-4
1.34744773010793E-4
1.34575986097815E-4
1.34407698700944E-4
1.34239908501078E-4
1.34072613193763E-4
1.33905810489071E-4
1.33739498111485E-4
1.33573673799789E-4
1.33408335306949E-4
1.33243480400005E-4
1.33079106859954E-4
1.32915212481644E-4
1.32751795073667E-4
1.32588852458244E-4
1.32426382471124E-4
1.32264382961474E-4
1.32102851791775E-4
1.3194178683772E-4
1.31781185988107E-4
1.31621047144739E-4
1.31461368222325E-4
1.31302147148373E-4
1.31143381863099E-4
1.30985070319322E-4
1.3082721048237E-4
1.30669800329983E-4
1.30512837852215E-4
1.30356321051344E-4
1.30200247941773E-4
1.3004461654994E-4
1.29889424914223E-4
1.29734671084853E-4
1.29580353123821E-4
1.29426469104787E-4
1.29273017112993E-4
1.29119995245177E-4
1.28967401609481E-4
1.28815234325369E-4
1.28663491523537E-4
1.28512171345834E-4
1.28361271945173E-4
1.28210791485451E-4
1.28060728141461E-4
1.27911080098817E-4
1.27761845553872E-4
1.2761302271363E-4
1.27464609795679E-4
1.27316605028102E-4
1.27169006649401E-4
1.27021812908424E-4
1.26875022064283E-4
1.2672863238628E-4
1.26582642153833E-4
1.26437049656398E-4
1.26291853193398E-4
1.2614705107415E-4
1.26002641617787E-4
1.25858623153193E-4
1.25714994018927E-4
1.25571752563154E-4
1.25428897143576E-4
1.25286426127356E-4
1.25144337891056E-4
1.25002630820569E-4
1.24861303311046E-4
1.24720353766832E-4
1.24579780601399E-4
1.2443958223728E-4
1.24299757106004E-4
1.2416030364803E-4
1.24021220312683E-4
1.23882505558093E-4
1.23744157851128E-4
1.23606175667333E-4
1.23468557490869E-4
1.2333130181445E-4
1.23194407139281E-4
1.23057871975001E-4
1.2292169483962E-4
1.22785874259461E-4
1.22650408769099E-4
1.22515296911308E-4
1.22380537236995E-4
1.22246128305148E-4
1.2211206868278E-4
1.21978356944869E-4
1.21844991674302E-4
1.21711971461825E-4
1.21579294905979E-4
1.21446960613054E-4
1.21314967197029E-4
1.21183313279522E-4
1.21051997489736E-4
1.20921018464405E-4
1.20790374847743E-4
1.20660065291388E-4
1.20530088454357E-4
1.20400443002993E-4
1.20271127610913E-4
1.20142140958957E-4
1.2001348173514E-4
1.19885148634603E-4
1.19757140359562E-4
1.19629455619264E-4
1.19502093129933E-4
1.19375051614726E-4
1.19248329803683E-4
1.19121926433685E-4
1.18995840248401E-4
1.18870069998249E-4
1.18744614440342E-4
1.18619472338451E-4
1.18494642462954E-4
1.18370123590791E-4
1.18245914505427E-4
1.18122013996799E-4
1.17998420861277E-4
1.17875133901623E-4
1.17752151926943E-4
1.17629473752649E-4
1.17507098200409E-4
1.17385024098117E-4
1.17263250279843E-4
1.17141775585794E-4
1.17020598862275E-4
1.16899718961645E-4
1.16779134742278E-4
1.16658845068526E-4
1.16538848810677E-4
1.16419144844914E-4
1.16299732053279E-4
1.16180609323636E-4
1.16061775549625E-4
1.15943229630634E-4
1.15824970471754E-4
1.15706996983745E-4
1.15589308082998E-4
1.15471902691499E-4
1.15354779736792E-4
1.15237938151939E-4
1.15121376875492E-4
1.1500509485145E-4
1.14889091029229E-4
1.14773364363621E-4
1.14657913814766E-4
1.14542738348114E-4
1.14427836934386E-4
1.14313208549552E-4
1.14198852174785E-4
1.14084766796434E-4
1.1397095140599E-4
1.13857405000051E-4
1.13744126580292E-4
1.13631115153431E-4
1.13518369731196E-4
1.13405889330297E-4
1.13293672972386E-4
1.13181719684036E-4
1.13070028496701E-4
1.1295859844669E-4
1.12847428575137E-4
1.12736517927966E-4
1.12625865555863E-4
1.12515470514248E-4
1.12405331863241E-4
1.12295448667636E-4
1.1218581999687E-4
1.12076444924993E-4
1.11967322530642E-4
1.11858451897009E-4
1.11749832111816E-4
1.11641462267283E-4
1.11533341460101E-4
1.11425468791408E-4
1.11317843366755E-4
1.11210464296082E-4
1.11103330693693E-4
1.10996441678225E-4
1.10889796372623E-4
1.10783393904111E-4
1.10677233404172E-4
1.10571314008512E-4
1.10465634857045E-4
1.10360195093859E-4
1.10254993867191E-4
1.10150030329405E-4
1.10045303636967E-4
1.09940812950417E-4
1.09836557434344E-4
1.09732536257363E-4
1.09628748592092E-4
1.09525193615123E-4
1.09421870507002E-4
1.09318778452204E-4
1.09215916639107E-4
1.09113284259972E-4
1.09010880510916E-4
1.08908704591892E-4
1.08806755706661E-4
1.08705033062777E-4
1.08603535871555E-4
1.08502263348057E-4
1.08401214711061E-4
1.08300389183045E-4
1.08199785990164E-4
1.08099404362227E-4
1.07999243532673E-4
1.07899302738552E-4
1.07799581220504E-4
1.07700078222738E-4
1.07600792993006E-4
1.07501724782589E-4
1.0740287284627E-4
1.07304236442317E-4
1.07205814832461E-4
1.07107607281874E-4
1.07009613059153E-4
1.06911831436296E-4
1.06814261688683E-4
1.06716903095059E-4
1.06619754937508E-4
1.06522816501439E-4
1.06426087075565E-4
1.06329565951882E-4
1.06233252425654E-4
1.06137145795387E-4
1.06041245362816E-4
1.05945550432886E-4
1.05850060313729E-4
1.05754774316651E-4
1.0565969175611E-4
1.05564811949698E-4
1.05470134218125E-4
1.05375657885196E-4
1.05281382277801E-4
1.0518730672589E-4
1.0509343056246E-4
1.04999753123536E-4
1.04906273748151E-4
1.04812991778334E-4
1.04719906559087E-4
1.04627017438375E-4
1.04534323767101E-4
1.04441824899097E-4
1.04349520191099E-4
1.0425740900274E-4
1.04165490696526E-4
1.04073764637823E-4
1.0398223019484E-4
1.03890886738612E-4
1.03799733642987E-4
1.03708770284607E-4
1.03617996042892E-4
1.03527410300028E-4
1.03437012440948E-4
1.03346801853317E-4
1.0325677792752E-4
1.0316694005664E-4
1.0307728763645E-4
1.02987820065393E-4
1.0289853674457E-4
1.02809437077725E-4
1.02720520471228E-4
1.0263178633406E-4
1.02543234077802E-4
1.0245486311662E-4
1.02366672867248E-4
1.02278662748975E-4
1.0219083218363E-4
1.02103180595572E-4
1.02015707411669E-4
1.0192841206129E-4
1.01841293976291E-4
1.01754352590997E-4
1.01667587342192E-4
1.01580997669104E-4
1.01494583013392E-4
1.01408342819135E-4
1.01322276532812E-4
1.01236383603299E-4
1.01150663481846E-4
1.01065115622068E-4
1.00979739479936E-4
1.00894534513759E-4
1.00809500184171E-4
1.00724635954123E-4
1.00639941288865E-4
1.00555415655938E-4
1.00471058525161E-4
1.00386869368615E-4
1.00302847660634E-4
1.00218992877794E-4
1.00135304498895E-4
1.00051782004957E-4
9.9968424879203E-5
9.9885232607047E-5
9.9802204676084E-5
9.971934057608E-5
9.9636639798956E-5
9.9554101838779E-5
9.9471726191749E-5
9.9389512356193E-5
9.9307459832544E-5
9.9225568123342E-5
9.9143836733209E-5
9.906226516885E-5
9.8980852939036E-5
9.8899599554593E-5
9.8818504528392E-5
9.873756737534E-5
9.8656787612366E-5
9.8576164758414E-5
9.8495698334427E-5
9.8415387863345E-5
9.8335232870083E-5
9.8255232881531E-5
9.8175387426539E-5
9.8095696035907E-5
9.8016158242375E-5
9.7936773580612E-5
9.7857541587209E-5
9.7778461800667E-5
9.7699533761382E-5
9.7620757011647E-5
9.7542131095629E-5
9.7463655559371E-5
9.7385329950773E-5
9.7307153819585E-5
9.7229126717403E-5
9.715124819765E-5
9.7073517815576E-5
9.6995935128241E-5
9.691849969451E-5
9.6841211075041E-5
9.6764068832279E-5
9.6687072530444E-5
9.6610221735524E-5
9.6533516015263E-5
9.6456954939156E-5
9.6380538078436E-5
9.6304265006067E-5
9.6228135296738E-5
9.6152148526848E-5
9.6076304274502E-5
9.6000602119501E-5
9.5925041643334E-5
9.5849622429167E-5
9.5774344061837E-5
9.5699206127844E-5
9.5624208215341E-5
9.5549349914125E-5
9.5474630815629E-5
9.5400050512918E-5
9.5325608600673E-5
9.5251304675191E-5
9.5177138334369E-5
9.5103109177703E-5
9.5029216806274E-5
9.4955460822747E-5
9.4881840831356E-5
9.48083564379E-5
9.4735007249733E-5
9.4661792875761E-5
9.4588712926426E-5
9.4515767013709E-5
9.444295475111E-5
9.4370275753653E-5
9.4297729637868E-5
9.4225316021791E-5
9.4153034524952E-5
9.4080884768368E-5
9.4008866374537E-5
9.3936978967434E-5
9.3865222172495E-5
9.3793595616617E-5
9.3722098928151E-5
9.3650731736888E-5
9.3579493674062E-5
9.3508384372332E-5
9.3437403465782E-5
9.3366550589914E-5
9.3295825381638E-5
9.3225227479267E-5
9.3154756522509E-5
9.3084412152463E-5
9.3014194011607E-5
9.2944101743797E-5
9.2874134994257E-5
9.2804293409572E-5
9.2734576637683E-5
9.2664984327881E-5
9.2595516130798E-5
9.2526171698401E-5
9.245695068399E-5
9.2387852742184E-5
9.231887752892E-5
9.2250024701445E-5
9.2181293918311E-5
9.2112684839366E-5
9.2044197125749E-5
9.1975830439888E-5
9.1907584445484E-5
9.1839458807516E-5
9.1771453192228E-5
9.1703567267124E-5
9.1635800700964E-5
9.1568153163755E-5
9.1500624326749E-5
9.1433213862432E-5
9.1365921444525E-5
9.129874674797E-5
