4.34068085946621E-4
4.28365303384536E-4
4.22837681893259E-4
4.1747689895731E-4
4.12275162060685E-4
4.07225166667664E-4
4.02320058168107E-4
3.97553397355495E-4
3.92919129058954E-4
3.88411553596473E-4
3.84025300756143E-4
3.79755306046729E-4
3.75596788988753E-4
3.71545233243425E-4
3.67596368399482E-4
3.6374615325795E-4
3.59990760472276E-4
3.56326562416675E-4
3.5275011816903E-4
3.49258161506566E-4
3.45847589823081E-4
3.42515453885784E-4
3.39258948358101E-4
3.36075403022049E-4
3.32962274640383E-4
3.29917139404462E-4
3.26937685918971E-4
3.24021708679259E-4
3.21167102001188E-4
3.18371854367096E-4
3.15634043154776E-4
3.12951829719391E-4
3.10323454800902E-4
3.07747234232012E-4
3.05221554923803E-4
3.0274487110823E-4
3.00315700818376E-4
2.97932622589011E-4
2.95594272361449E-4
2.93299340578015E-4
2.91046569452627E-4
2.88834750405094E-4
2.8666272164773E-4
2.84529365913783E-4
2.82433608317976E-4
2.80374414340257E-4
2.78350787924494E-4
2.76361769684524E-4
2.74406435210467E-4
2.72483893468845E-4
2.70593285290419E-4
2.68733781940191E-4
2.66904583764329E-4
2.6510491890928E-4
2.63334042108507E-4
2.61591233532763E-4
2.5987579769999E-4
2.58187062441276E-4
2.56524377919496E-4
2.54887115697519E-4
2.53274667853075E-4
2.51686446137551E-4
2.50121881176193E-4
2.48580421707324E-4
2.47061533858393E-4
2.45564700456732E-4
2.44089420373136E-4
2.42635207896405E-4
2.41201592137179E-4
2.39788116459441E-4
2.3839433793821E-4
2.3701982684202E-4
2.35664166138855E-4
2.3432695102431E-4
2.33007788470807E-4
2.3170629679678E-4
2.3042210525479E-4
2.29154853637607E-4
2.27904191901345E-4
2.26669779804783E-4
2.25451286564078E-4
2.24248390522076E-4
2.23060778831545E-4
2.21888147151598E-4
2.20730199356703E-4
2.19586647257663E-4
2.18457210333969E-4
2.17341615477019E-4
2.16239596743677E-4
2.15150895119668E-4
2.14075258292384E-4
2.13012440432635E-4
2.11962201984954E-4
2.10924309466055E-4
2.09898535271076E-4
2.08884657487265E-4
2.07882459714756E-4
2.06891730894146E-4
2.05912265140547E-4
2.04943861583851E-4
2.0398632421492E-4
2.0303946173745E-4
2.02103087425275E-4
2.01177018984862E-4
2.00261078422782E-4
1.99355091917956E-4
1.98458889698464E-4
1.97572305922731E-4
1.96695178564906E-4
1.95827349304269E-4
1.94968663418494E-4
1.94118969680609E-4
1.93278120259513E-4
1.92445970623894E-4
1.91622379449428E-4
1.90807208529107E-4
1.90000322686608E-4
1.89201589692527E-4
1.88410880183431E-4
1.87628067583573E-4
1.86853028029176E-4
1.86085640295209E-4
1.8532578572453E-4
1.84573348159321E-4
1.83828213874743E-4
1.83090271514686E-4
1.82359412029583E-4
1.81635528616181E-4
1.80918516659211E-4
1.80208273674874E-4
1.79504699256095E-4
1.78807695019462E-4
1.78117164553805E-4
1.77433013370342E-4
1.76755148854349E-4
1.7608348021829E-4
1.75417918456357E-4
1.7475837630038E-4
1.74104768177047E-4
1.73457010166389E-4
1.72815019961496E-4
1.72178716829412E-4
1.71548021573175E-4
1.7092285649496E-4
1.70303145360281E-4
1.69688813363232E-4
1.69079787092717E-4
1.68475994499648E-4
1.67877364865065E-4
1.67283828769156E-4
1.66695318061156E-4
1.66111765830075E-4
1.65533106376245E-4
1.64959275183656E-4
1.64390208893048E-4
1.63825845275743E-4
1.63266123208192E-4
1.62710982647214E-4
1.62160364605896E-4
1.61614211130145E-4
1.61072465275878E-4
1.60535071086796E-4
1.60001973572773E-4
1.59473118688798E-4
1.58948453314473E-4
1.58427925234059E-4
1.57911483117021E-4
1.57399076499092E-4
1.56890655763828E-4
1.56386172124618E-4
1.55885577607177E-4
1.55388825032469E-4
1.5489586800007E-4
1.54406660871942E-4
1.53921158756629E-4
1.53439317493836E-4
1.52961093639395E-4
1.52486444450608E-4
1.52015327871946E-4
1.51547702521102E-4
1.51083527675387E-4
1.50622763258461E-4
1.50165369827367E-4
1.49711308559907E-4
1.492605412423E-4
1.48813030257144E-4
1.48368738571665E-4
1.47927629726248E-4
1.47489667823227E-4
1.47054817515956E-4
1.46623043998128E-4
1.46194312993342E-4
1.45768590744916E-4
1.4534584400594E-4
1.44926040029545E-4
1.44509146559417E-4
1.44095131820508E-4
1.43683964509972E-4
1.432756137883E-4
1.42870049270662E-4
1.42467241018435E-4
1.42067159530932E-4
1.41669775737311E-4
1.4127506098866E-4
1.40882987050269E-4
1.40493526094058E-4
1.40106650691187E-4
1.39722333804816E-4
1.39340548783033E-4
1.38961269351926E-4
1.38584469608817E-4
1.38210124015632E-4
1.37838207392417E-4
1.37468694910999E-4
1.3710156208877E-4
1.36736784782618E-4
1.36374339182977E-4
1.36014201808004E-4
1.3565634949788E-4
1.35300759409234E-4
1.34947409009678E-4
1.34596276072457E-4
1.34247338671212E-4
1.33900575174851E-4
1.33555964242528E-4
1.33213484818713E-4
1.32873116128385E-4
1.325348376723E-4
1.3219862922237E-4
1.31864470817128E-4
1.31532342757292E-4
1.31202225601406E-4
1.30874100161585E-4
1.30547947499329E-4
1.30223748921427E-4
1.29901485975947E-4
1.29581140448298E-4
1.29262694357373E-4
1.28946129951762E-4
1.28631429706048E-4
1.28318576317174E-4
1.2800755270087E-4
1.27698341988161E-4
1.2739092752194E-4
1.270852928536E-4
1.26781421739737E-4
1.26479298138918E-4
1.26178906208501E-4
1.25880230301526E-4
1.25583254963661E-4
1.25287964930198E-4
1.24994345123118E-4
1.24702380648204E-4
1.24412056792208E-4
1.24123359020069E-4
1.23836272972192E-4
1.23550784461764E-4
1.23266879472128E-4
1.22984544154206E-4
1.22703764823962E-4
1.22424527959919E-4
1.22146820200714E-4
1.21870628342706E-4
1.21595939337618E-4
1.2132274029023E-4
1.21051018456105E-4
1.20780761239363E-4
1.20511956190491E-4
1.20244591004193E-4
1.19978653517275E-4
1.19714131706576E-4
1.19451013686925E-4
1.19189287709139E-4
1.18928942158061E-4
1.18669965550619E-4
1.18412346533932E-4
1.18156073883444E-4
1.17901136501086E-4
1.17647523413478E-4
1.17395223770157E-4
1.17144226841834E-4
1.16894522018683E-4
1.16646098808662E-4
1.16398946835857E-4
1.16153055838856E-4
1.15908415669157E-4
1.15665016289588E-4
1.1542284777277E-4
1.15181900299594E-4
1.14942164157732E-4
1.14703629740164E-4
1.14466287543737E-4
1.14230128167742E-4
1.13995142312523E-4
1.13761320778096E-4
1.13528654462805E-4
1.13297134361986E-4
1.13066751566668E-4
1.12837497262279E-4
1.12609362727386E-4
1.12382339332448E-4
1.12156418538594E-4
1.11931591896414E-4
1.11707851044778E-4
1.11485187709669E-4
1.11263593703029E-4
1.11043060921638E-4
1.10823581345997E-4
1.10605147039235E-4
1.10387750146035E-4
1.10171382891568E-4
1.09956037580457E-4
1.09741706595744E-4
1.09528382397882E-4
1.09316057523743E-4
1.0910472458563E-4
1.08894376270321E-4
1.08685005338114E-4
1.08476604621896E-4
1.0826916702622E-4
1.08062685526398E-4
1.07857153167609E-4
1.07652563064024E-4
1.07448908397931E-4
1.07246182418892E-4
1.07044378442899E-4
1.06843489851548E-4
1.06643510091221E-4
1.06444432672291E-4
1.06246251168324E-4
1.06048959215305E-4
1.05852550510871E-4
1.05657018813553E-4
1.05462357942032E-4
1.0526856177441E-4
1.0507562424748E-4
1.04883539356022E-4
1.04692301152094E-4
1.04501903744348E-4
1.04312341297342E-4
1.04123608030873E-4
1.03935698219316E-4
1.03748606190969E-4
1.0356232632741E-4
1.03376853062871E-4
1.03192180883601E-4
1.03008304327265E-4
1.02825217982327E-4
1.02642916487456E-4
1.0246139453094E-4
1.02280646850096E-4
1.02100668230708E-4
1.01921453506453E-4
1.01742997558352E-4
1.01565295314216E-4
1.01388341748107E-4
1.01212131879803E-4
1.01036660774273E-4
1.00861923541159E-4
1.00687915334264E-4
1.00514631351041E-4
1.00342066832107E-4
1.00170217060743E-4
9.9999077362415E-5
9.9828643104292E-5
9.9658909694782E-5
9.9489872583061E-5
9.9321527258617E-5
9.9153869250799E-5
9.8986894128372E-5
9.8820597499075E-5
9.8654975009187E-5
9.8490022343102E-5
9.8325735222905E-5
9.8162109407955E-5
9.7999140694476E-5
9.7836824915147E-5
9.7675157938706E-5
9.7514135669555E-5
9.7353754047368E-5
9.7194009046709E-5
9.7034896676651E-5
9.6876412980401E-5
9.6718554034934E-5
9.6561315950625E-5
9.6404694870889E-5
9.6248686971829E-5
9.6093288461879E-5
9.5938495581467E-5
9.5784304602665E-5
9.5630711828857E-5
9.5477713594407E-5
9.5325306264322E-5
9.517348623394E-5
9.5022249928601E-5
9.4871593803331E-5
9.4721514342537E-5
9.457200805969E-5
9.4423071497029E-5
9.4274701225253E-5
9.412689384323E-5
9.3979645977702E-5
9.3832954282997E-5
9.3686815440741E-5
9.3541226159579E-5
9.3396183174894E-5
9.3251683248536E-5
9.3107723168542E-5
9.2964299748881E-5
9.2821409829175E-5
9.2679050274449E-5
9.2537217974866E-5
9.2395909845473E-5
9.2255122825949E-5
9.211485388036E-5
9.1975099996905E-5
9.1835858187682E-5
9.1697125488439E-5
9.1558898958346E-5
9.1421175679755E-5
9.128395275797E-5
9.1147227321018E-5
9.1010996519426E-5
9.0875257525993E-5
9.0740007535573E-5
9.0605243764858E-5
9.0470963452161E-5
9.0337163857201E-5
9.0203842260899E-5
9.0070995965165E-5
8.9938622292695E-5
8.9806718586771E-5
8.9675282211052E-5
8.9544310549387E-5
8.9413801005612E-5
8.9283751003358E-5
8.9154157985864E-5
8.9025019415782E-5
8.8896332774995E-5
8.876809556443E-5
8.8640305303874E-5
8.8512959531801E-5
8.8386055805186E-5
8.8259591699332E-5
8.8133564807695E-5
8.8007972741715E-5
8.7882813130642E-5
8.7758083621371E-5
8.7633781878272E-5
8.7509905583031E-5
8.7386452434482E-5
8.7263420148448E-5
8.7140806457586E-5
8.7018609111225E-5
8.6896825875211E-5
8.677545453176E-5
8.6654492879296E-5
8.6533938732311E-5
8.6413789921209E-5
8.6294044292164E-5
8.6174699706971E-5
8.6055754042907E-5
8.5937205192585E-5
8.5819051063816E-5
8.5701289579471E-5
8.5583918677341E-5
8.5466936310002E-5
8.5350340444683E-5
8.523412906313E-5
8.511830016148E-5
8.5002851750123E-5
8.4887781853582E-5
8.4773088510379E-5
8.4658769772914E-5
8.454482370734E-5
8.4431248393437E-5
8.4318041924493E-5
8.4205202407185E-5
8.4092727961457E-5
8.3980616720402E-5
8.3868866830149E-5
8.3757476449745E-5
8.3646443751042E-5
8.3535766918584E-5
8.3425444149495E-5
8.3315473653369E-5
8.3205853652162E-5
8.3096582380081E-5
8.2987658083479E-5
8.287907902075E-5
8.2770843462223E-5
8.266294969006E-5
8.2555395998149E-5
8.2448180692008E-5
8.2341302088683E-5
8.2234758516648E-5
8.2128548315705E-5
8.2022669836891E-5
8.1917121442378E-5
8.181190150538E-5
8.1707008410058E-5
8.1602440551425E-5
8.1498196335257E-5
8.1394274178E-5
8.1290672506678E-5
8.1187389758807E-5
8.1084424382303E-5
8.0981774835397E-5
8.0879439586544E-5
8.0777417114343E-5
8.0675705907447E-5
8.0574304464484E-5
8.0473211293968E-5
8.0372424914217E-5
8.0271943853278E-5
8.0171766648836E-5
8.0071891848146E-5
7.9972318007942E-5
7.9873043694366E-5
7.9774067482888E-5
7.9675387958229E-5
7.9577003714286E-5
7.9478913354057E-5
7.9381115489561E-5
7.9283608741773E-5
7.9186391740546E-5
7.9089463124537E-5
7.8992821541138E-5
7.8896465646404E-5
7.8800394104984E-5
7.870460559005E-5
7.860909878323E-5
7.8513872374535E-5
7.8418925062299E-5
7.8324255553105E-5
7.8229862561721E-5
7.8135744811037E-5
7.8041901031998E-5
7.794832996354E-5
7.7855030352523E-5
7.7762000953674E-5
7.7669240529519E-5
7.7576747850326E-5
7.748452169404E-5
7.7392560846223E-5
7.7300864099993E-5
7.7209430255967E-5
7.7118258122203E-5
7.7027346514135E-5
7.6936694254522E-5
7.6846300173389E-5
7.6756163107967E-5
7.6666281902639E-5
7.6576655408886E-5
7.6487282485228E-5
7.6398161997175E-5
7.6309292817166E-5
7.6220673824518E-5
7.6132303905378E-5
7.604418195266E-5
7.5956306866002E-5
7.5868677551711E-5
7.5781292922711E-5
7.5694151898492E-5
7.5607253405065E-5
7.5520596374902E-5
7.5434179746897E-5
7.534800246631E-5
7.5262063484725E-5
7.5176361759994E-5
7.5090896256197E-5
7.5005665943592E-5
7.4920669798565E-5
7.4835906803589E-5
7.4751375947178E-5
7.4667076223835E-5
7.4583006634016E-5
7.4499166184078E-5
7.441555388624E-5
7.4332168758535E-5
7.424900982477E-5
7.4166076114483E-5
7.4083366662897E-5
7.4000880510881E-5
7.3918616704907E-5
7.3836574297008E-5
7.3754752344738E-5
7.367314991113E-5
7.3591766064659E-5
7.3510599879197E-5
7.3429650433975E-5
7.3348916813548E-5
7.3268398107748E-5
7.3188093411655E-5
7.3108001825549E-5
7.3028122454881E-5
7.2948454410227E-5
7.2868996807258E-5
7.2789748766699E-5
7.2710709414293E-5
7.2631877880765E-5
7.2553253301787E-5
7.2474834817941E-5
7.2396621574685E-5
7.2318612722314E-5
7.2240807415932E-5
7.2163204815412E-5
7.2085804085365E-5
7.2008604395105E-5
7.1931604918613E-5
7.1854804834508E-5
7.1778203326013E-5
7.1701799580921E-5
7.1625592791562E-5
7.1549582154773E-5
7.1473766871865E-5
7.1398146148591E-5
7.1322719195116E-5
7.1247485225986E-5
7.1172443460095E-5
7.1097593120655E-5
7.102293343517E-5
7.09484636354E-5
7.0874182957334E-5
7.0800090641162E-5
7.0726185931243E-5
7.0652468076078E-5
7.057893632828E-5
7.0505589944546E-5
7.0432428185628E-5
7.0359450316307E-5
7.0286655605362E-5
7.0214043325546E-5
7.0141612753557E-5
7.0069363170009E-5
6.9997293859409E-5
6.9925404110126E-5
6.9853693214369E-5
6.9782160468158E-5
6.9710805171298E-5
6.9639626627352E-5
6.9568624143622E-5
6.9497797031114E-5
6.9427144604521E-5
6.9356666182193E-5
6.9286361086115E-5
6.921622864188E-5
6.9146268178668E-5
6.9076479029218E-5
6.9006860529808E-5
6.8937412020226E-5
6.8868132843754E-5
6.8799022347137E-5
6.8730079880565E-5
6.8661304797647E-5
6.859269645539E-5
6.8524254214174E-5
6.8455977437734E-5
6.8387865493134E-5
6.8319917750744E-5
6.8252133584223E-5
6.8184512370492E-5
6.8117053489714E-5
6.8049756325278E-5
6.7982620263768E-5
6.7915644694949E-5
6.7848829011745E-5
6.7782172610216E-5
6.7715674889541E-5
6.7649335251992E-5
6.7583153102922E-5
6.7517127850736E-5
6.7451258906878E-5
6.7385545685806E-5
6.731998760498E-5
6.7254584084832E-5
6.7189334548756E-5
6.7124238423084E-5
6.7059295137068E-5
6.699450412286E-5
6.6929864815497E-5
6.686537665288E-5
6.6801039075753E-5
6.6736851527692E-5
6.6672813455078E-5
6.6608924307086E-5
6.6545183535663E-5
6.6481590595513E-5
6.6418144944078E-5
6.635484604152E-5
6.6291693350706E-5
6.6228686337188E-5
6.6165824469189E-5
6.6103107217582E-5
6.6040534055878E-5
6.5978104460208E-5
6.5915817909301E-5
6.5853673884478E-5
6.5791671869625E-5
6.5729811351185E-5
6.5668091818137E-5
6.5606512761983E-5
6.554507367673E-5
6.5483774058878E-5
6.5422613407398E-5
6.5361591223724E-5
6.5300707011731E-5
6.5239960277727E-5
6.5179350530431E-5
6.5118877280962E-5
6.5058540042823E-5
6.4998338331886E-5
6.4938271666378E-5
6.4878339566868E-5
6.4818541556249E-5
6.4758877159725E-5
6.4699345904798E-5
6.4639947321255E-5
6.4580680941151E-5
6.4521546298797E-5
6.4462542930743E-5
6.4403670375769E-5
6.4344928174873E-5
6.4286315871247E-5
6.4227833010276E-5
6.4169479139517E-5
6.4111253808688E-5
6.4053156569654E-5
6.399518697642E-5
6.3937344585107E-5
6.3879628953948E-5
6.3822039643275E-5
6.3764576215499E-5
6.3707238235107E-5
6.3650025268642E-5
6.3592936884696E-5
6.3535972653895E-5
6.3479132148887E-5
6.3422414944329E-5
6.3365820616879E-5
6.3309348745178E-5
6.3252998909846E-5
6.3196770693461E-5
6.3140663680556E-5
6.3084677457602E-5
6.3028811612999E-5
6.2973065737062E-5
6.2917439422012E-5
6.2861932261967E-5
6.2806543852925E-5
6.2751273792757E-5
6.2696121681196E-5
6.2641087119823E-5
6.2586169712059E-5
6.2531369063155E-5
6.2476684780178E-5
6.2422116472004E-5
6.2367663749303E-5
6.2313326224535E-5
6.2259103511932E-5
6.2204995227494E-5
6.2151000988975E-5
6.2097120415874E-5
6.2043353129428E-5
6.1989698752593E-5
6.1936156910047E-5
6.1882727228167E-5
6.1829409335031E-5
6.1776202860397E-5
6.1723107435703E-5
6.1670122694051E-5
6.1617248270201E-5
6.156448380056E-5
6.1511828923171E-5
6.145928327771E-5
6.1406846505467E-5
6.1354518249345E-5
6.1302298153847E-5
6.1250185865068E-5
6.1198181030685E-5
6.1146283299949E-5
6.1094492323677E-5
6.1042807754241E-5
6.0991229245559E-5
6.0939756453089E-5
6.0888389033819E-5
6.0837126646256E-5
6.0785968950423E-5
6.0734915607845E-5
6.0683966281541E-5
6.0633120636021E-5
6.0582378337272E-5
6.0531739052751E-5
6.0481202451379E-5
6.0430768203531E-5
6.0380435981028E-5
6.033020545713E-5
6.0280076306526E-5
6.0230048205328E-5
6.0180120831062E-5
6.0130293862661E-5
6.0080566980457E-5
6.0030939866172E-5
5.9981412202913E-5
5.9931983675161E-5
5.9882653968767E-5
5.9833422770943E-5
5.9784289770251E-5
5.9735254656602E-5
5.9686317121244E-5
5.9637476856757E-5
5.9588733557044E-5
5.9540086917325E-5
5.949153663413E-5
5.9443082405291E-5
5.9394723929933E-5
5.9346460908473E-5
5.9298293042606E-5
5.9250220035304E-5
5.9202241590804E-5
5.9154357414604E-5
5.9106567213458E-5
5.9058870695362E-5
5.9011267569558E-5
5.8963757546518E-5
5.8916340337941E-5
5.8869015656748E-5
5.8821783217071E-5
5.8774642734253E-5
5.8727593924834E-5
5.8680636506551E-5
5.8633770198328E-5
5.8586994720271E-5
5.854030979366E-5
5.8493715140947E-5
5.8447210485744E-5
5.8400795552821E-5
5.8354470068098E-5
5.830823375864E-5
5.826208635265E-5
5.8216027579464E-5
5.8170057169544E-5
5.8124174854473E-5
5.8078380366947E-5
5.8032673440773E-5
5.7987053810858E-5
5.7941521213209E-5
5.7896075384923E-5
5.7850716064183E-5
5.780544299025E-5
5.7760255903463E-5
5.7715154545225E-5
5.7670138658007E-5
5.7625207985334E-5
5.7580362271785E-5
5.7535601262984E-5
5.7490924705597E-5
5.7446332347326E-5
5.7401823936903E-5
5.7357399224084E-5
5.7313057959647E-5
5.7268799895383E-5
5.7224624784092E-5
5.718053237958E-5
5.7136522436649E-5
5.7092594711097E-5
5.7048748959708E-5
5.7004984940253E-5
5.696130241148E-5
5.6917701133108E-5
5.6874180865829E-5
5.6830741371296E-5
5.6787382412121E-5
5.6744103751868E-5
5.6700905155054E-5
5.6657786387136E-5
5.6614747214513E-5
5.6571787404518E-5
5.6528906725411E-5
5.6486104946381E-5
5.6443381837536E-5
5.6400737169899E-5
5.6358170715404E-5
5.6315682246892E-5
5.6273271538107E-5
5.6230938363688E-5
5.6188682499169E-5
5.6146503720972E-5
5.6104401806402E-5
5.6062376533643E-5
5.6020427681758E-5
5.5978555030675E-5
5.5936758361193E-5
5.5895037454971E-5
5.5853392094526E-5
5.5811822063229E-5
5.5770327145298E-5
5.5728907125801E-5
5.5687561790641E-5
5.5646290926561E-5
5.5605094321136E-5
5.556397176277E-5
5.552292304069E-5
5.5481947944943E-5
5.5441046266394E-5
5.5400217796719E-5
5.5359462328401E-5
5.531877965473E-5
5.5278169569794E-5
5.5237631868477E-5
5.5197166346458E-5
5.5156772800202E-5
5.5116451026959E-5
5.5076200824761E-5
5.5036021992416E-5
5.4995914329507E-5
5.4955877636383E-5
5.4915911714162E-5
5.4876016364723E-5
5.4836191390702E-5
5.4796436595492E-5
5.4756751783234E-5
5.4717136758819E-5
5.467759132788E-5
5.4638115296791E-5
5.4598708472662E-5
5.4559370663337E-5
5.4520101677387E-5
5.4480901324113E-5
5.4441769413533E-5
5.440270575639E-5
5.4363710164138E-5
5.4324782448945E-5
5.4285922423687E-5
5.4247129901946E-5
5.4208404698006E-5
5.4169746626848E-5
5.4131155504151E-5
5.4092631146282E-5
5.4054173370301E-5
5.4015781993951E-5
5.3977456835656E-5
5.3939197714522E-5
5.3901004450329E-5
5.3862876863528E-5
5.3824814775242E-5
5.3786818007258E-5
5.3748886382027E-5
5.371101972266E-5
5.3673217852924E-5
5.3635480597241E-5
5.3597807780681E-5
5.3560199228964E-5
5.3522654768453E-5
5.3485174226154E-5
5.3447757429709E-5
5.3410404207398E-5
5.3373114388133E-5
5.3335887801454E-5
5.3298724277528E-5
5.3261623647147E-5
5.3224585741722E-5
5.3187610393285E-5
5.3150697434479E-5
5.3113846698562E-5
5.30770580194E-5
5.3040331231466E-5
5.3003666169836E-5
5.2967062670188E-5
5.2930520568797E-5
5.2894039702535E-5
5.2857619908865E-5
5.282126102584E-5
5.2784962892102E-5
5.2748725346874E-5
5.2712548229965E-5
5.267643138176E-5
5.2640374643221E-5
5.2604377855885E-5
5.256844086186E-5
5.2532563503821E-5
5.2496745625011E-5
5.2460987069235E-5
5.2425287680859E-5
5.2389647304809E-5
5.2354065786564E-5
5.2318542972159E-5
5.2283078708178E-5
5.2247672841752E-5
5.2212325220561E-5
5.2177035692826E-5
5.214180410731E-5
5.2106630313313E-5
5.2071514160672E-5
5.2036455499756E-5
5.2001454181469E-5
5.1966510057238E-5
5.1931622979022E-5
5.18967927993E-5
5.1862019371074E-5
