7.77325611414042E-4
7.32064294980414E-4
6.92582090827222E-4
6.57797139974255E-4
6.26886175618308E-4
5.99210925253404E-4
5.74268434681026E-4
5.51656674808538E-4
5.31050192313034E-4
5.1218252751361E-4
4.9483329350456E-4
4.78818529876392E-4
4.63983397975484E-4
4.50196577524478E-4
4.37345917549447E-4
4.25335024372912E-4
4.14080558224759E-4
4.03510071736069E-4
3.93560267106161E-4
3.84175579848724E-4
3.7530701954691E-4
3.66911214542076E-4
3.58949619691397E-4
3.51387855460025E-4
3.44195153505264E-4
3.37343889158319E-4
3.30809185238738E-4
3.24568574754922E-4
3.18601712474681E-4
3.12890127257819E-4
3.07417008550148E-4
3.0216702163677E-4
2.97126147210878E-4
2.92281541585018E-4
2.876214144949E-4
2.83134921952125E-4
2.78812072015637E-4
2.7464364169079E-4
2.70621103444314E-4
2.66736560054629E-4
2.62982686708959E-4
2.59352679418817E-4
2.55840208959481E-4
2.52439379651672E-4
2.49144692398477E-4
2.4595101147088E-4
2.42853534603277E-4
2.39847766018298E-4
2.369294920497E-4
2.34094759074356E-4
2.31339853500704E-4
2.28661283592263E-4
2.26055762931702E-4
2.23520195354343E-4
2.21051661200075E-4
2.18647404750285E-4
2.16304822731623E-4
2.14021453781807E-4
2.11794968784257E-4
2.09623161988657E-4
2.07503942843428E-4
2.05435328474018E-4
2.03415436747865E-4
2.01442479873036E-4
1.99514758482932E-4
1.97630656164315E-4
1.95788634390125E-4
1.93987227822392E-4
1.92225039953883E-4
1.90500739060176E-4
1.88813054436495E-4
1.87160772896095E-4
1.85542735509077E-4
1.83957834562498E-4
1.82405010724347E-4
1.80883250395507E-4
1.79391583235253E-4
1.77929079847067E-4
1.76494849612724E-4
1.75088038663611E-4
1.73707827979176E-4
1.7235343160326E-4
1.71024094969817E-4
1.69719093330233E-4
1.68437730275076E-4
1.67179336343685E-4
1.65943267715541E-4
1.64728904977816E-4
1.63535651963964E-4
1.62362934658567E-4
1.61210200164062E-4
1.6007691572528E-4
1.58962567808022E-4
1.57866661228208E-4
1.56788718328362E-4
1.55728278198433E-4
1.54684895938191E-4
1.53658141958599E-4
1.52647601319787E-4
1.51652873103367E-4
1.50673569817043E-4
1.4970931682957E-4
1.48759751834257E-4
1.47824524339344E-4
1.46903295183688E-4
1.45995736076274E-4
1.45101529158223E-4
1.4422036658598E-4
1.43351950134503E-4
1.42495990819357E-4
1.41652208536619E-4
1.40820331719662E-4
1.40000097011863E-4
1.39191248954396E-4
1.38393539688285E-4
1.37606728669967E-4
1.36830582399653E-4
1.36064874161798E-4
1.35309383777086E-4
1.34563897365289E-4
1.33828207118494E-4
1.33102111084119E-4
1.32385412957272E-4
1.31677921881951E-4
1.30979452260658E-4
1.30289823572022E-4
1.29608860196015E-4
1.28936391246413E-4
1.28272250410147E-4
1.27616275793199E-4
1.26968309772761E-4
1.26328198855328E-4
1.25695793540473E-4
1.25070948190018E-4
1.24453520902374E-4
1.2384337339179E-4
1.23240370872298E-4
1.22644381946149E-4
1.22055278496512E-4
1.21472935584279E-4
1.20897231348764E-4
1.2032804691214E-4
1.1976526628745E-4
1.19208776290025E-4
1.18658466452174E-4
1.18114228941002E-4
1.17575958479211E-4
1.17043552268778E-4
1.16516909917366E-4
1.15995933367375E-4
1.15480526827504E-4
1.14970596706734E-4
1.14466051550617E-4
1.13966801979802E-4
1.13472760630675E-4
1.12983842098052E-4
1.1249996287983E-4
1.12021041323528E-4
1.11546997574632E-4
1.11077753526671E-4
1.10613232772977E-4
1.10153360560035E-4
1.09698063742385E-4
1.09247270738995E-4
1.08800911491073E-4
1.08358917421239E-4
1.07921221394018E-4
1.07487757677607E-4
1.07058461906859E-4
1.0663327104744E-4
1.06212123361131E-4
1.05794958372203E-4
1.05381716834856E-4
1.04972340701665E-4
1.04566773093001E-4
1.04164958267393E-4
1.03766841592796E-4
1.03372369518735E-4
1.02981489549289E-4
1.02594150216891E-4
1.02210301056906E-4
1.01829892582978E-4
1.01452876263099E-4
1.01079204496381E-4
1.00708830590518E-4
1.00341708739899E-4
9.9977794004363E-5
9.9617042288557E-5
9.9259410321898E-5
9.89048556391E-5
9.8553336561264E-5
9.8204812177496E-5
9.7859242327042E-5
9.7516587581932E-5
9.71768092301E-5
9.6839869258979E-5
9.6505730339544E-5
9.6174355810795E-5
9.5845709664674E-5
9.5519756531372E-5
9.5196461665057E-5
9.4875790929974E-5
9.455771078692E-5
9.4242188280086E-5
9.3929191024239E-5
9.3618687192256E-5
9.3310645502976E-5
9.3005035209377E-5
9.2701826087057E-5
9.240098842302E-5
9.2102493004749E-5
9.180631110956E-5
9.1512414494233E-5
9.1220775384901E-5
9.0931366467203E-5
9.0644160876683E-5
9.0359132189431E-5
9.0076254412957E-5
8.97955019773E-5
8.9516849726349E-5
8.9240272909385E-5
8.896574717283E-5
8.8693248552198E-5
8.8422753464243E-5
8.8154238699299E-5
8.7887681413804E-5
8.7623059123006E-5
8.7360349693845E-5
8.7099531338004E-5
8.6840582605124E-5
8.6583482376182E-5
8.6328209857029E-5
8.6074744572074E-5
8.5823066358118E-5
8.5573155358335E-5
8.5324992016389E-5
8.5078557070691E-5
8.4833831548783E-5
8.4590796761858E-5
8.4349434299404E-5
8.410972602396E-5
8.3871654066007E-5
8.3635200818962E-5
8.3400348934293E-5
8.3167081316737E-5
8.2935381119629E-5
8.2705231740337E-5
8.247661681579E-5
8.2249520218109E-5
8.2023926050345E-5
8.1799818642288E-5
8.1577182546391E-5
8.1356002533762E-5
8.1136263590261E-5
8.0917950912668E-5
8.0701049904939E-5
8.0485546174542E-5
8.0271425528873E-5
8.0058673971741E-5
7.9847277699937E-5
7.9637223099869E-5
7.9428496744271E-5
7.9221085388977E-5
7.9014975969769E-5
7.8810155599284E-5
7.8606611563988E-5
7.8404331321212E-5
7.8203302496251E-5
7.8003512879521E-5
7.7804950423771E-5
7.7607603241357E-5
7.7411459601568E-5
7.721650792801E-5
7.7022736796034E-5
7.6830134930228E-5
7.6638691201946E-5
7.64483946269E-5
7.6259234362787E-5
7.607119970697E-5
7.5884280094206E-5
7.5698465094413E-5
7.5513744410484E-5
7.5330107876149E-5
7.5147545453866E-5
7.4966047232764E-5
7.478560342662E-5
7.4606204371879E-5
7.4427840525709E-5
7.4250502464092E-5
7.407418087996E-5
7.389886658135E-5
7.3724550489611E-5
7.3551223637639E-5
7.3378877168138E-5
7.3207502331925E-5
7.3037090486256E-5
7.2867633093195E-5
7.2699121718002E-5
7.2531548027557E-5
7.2364903788814E-5
