0.002958320625754161
0.002034505332939541
0.001590977305591673
0.001324215447295281
0.001143841004213816
0.001012684361035959
9.12452979190894E-4
8.33028183691889E-4
7.68328962147835E-4
7.14466588927551E-4
6.68830952564146E-4
6.29600784050744E-4
5.95464094877301E-4
5.65450247508887E-4
5.38824718754917E-4
5.15020751456947E-4
4.9359358539543E-4
4.74188985578611E-4
4.56521094418701E-4
4.40356523536606E-4
4.25502717716755E-4
4.11799304104474E-4
3.99111565853568E-4
3.87325452763953E-4
3.76343720639735E-4
3.66082910910935E-4
3.56470963622753E-4
3.47445313334787E-4
3.38951357118707E-4
3.30941212081039E-4
3.23372700209435E-4
3.16208513212712E-4
3.09415521002068E-4
3.02964195646897E-4
2.96828128801963E-4
2.90983625285055E-4
2.85409359071562E-4
2.80086080742646E-4
2.74996367578921E-4
2.70124409180285E-4
2.65455822824433E-4
2.60977493833811E-4
2.56677437064881E-4
2.5254467631147E-4
2.48569138961259E-4
2.44741563688612E-4
2.41053419329119E-4
2.37496833377996E-4
2.34064528798717E-4
2.30749768030047E-4
2.27546303247218E-4
2.24448332072465E-4
2.21450458046902E-4
2.18547655273616E-4
2.15735236724356E-4
2.13008825771869E-4
2.10364330569042E-4
2.07797920946209E-4
2.05306007540825E-4
2.02885222910369E-4
2.00532404410721E-4
1.98244578649296E-4
1.96018947345507E-4
1.93852874451247E-4
1.91743874401533E-4
1.89689601380579E-4
1.87687839501751E-4
1.85736493811363E-4
1.83833582036294E-4
1.81977227004212E-4
1.80165649672924E-4
1.78397162712156E-4
1.76670164587018E-4
1.7498313409774E-4
1.73334625334865E-4
1.71723263013287E-4
1.70147738152131E-4
1.68606804070742E-4
1.67099272673977E-4
1.65624011002532E-4
1.64179938026385E-4
1.62766021661448E-4
1.61381275991421E-4
1.60024758678452E-4
1.58695568547705E-4
1.57392843332287E-4
1.56115757566151E-4
1.54863520613727E-4
1.5363537482594E-4
1.52430593813234E-4
1.51248480826944E-4
1.50088367241146E-4
1.48949611127706E-4
1.4783159591791E-4
1.46733729144534E-4
1.45655441258752E-4
1.44596184516694E-4
1.43555431930886E-4
1.42532676282188E-4
1.41527429188156E-4
1.40539220224087E-4
1.39567596093285E-4
1.38612119843325E-4
1.37672370125374E-4
1.36747940493796E-4
1.35838438743497E-4
1.34943486282647E-4
1.34062717538575E-4
1.331957793948E-4
1.32342330657296E-4
1.31502041548225E-4
1.3067459322549E-4
1.29859677326573E-4
1.29056995535238E-4
1.28266259169751E-4
1.27487188791382E-4
1.26719513832024E-4
1.25962972239837E-4
1.25217310141906E-4
1.24482281522956E-4
1.23757647919242E-4
1.23043178126767E-4
1.22338647923057E-4
1.21643839801754E-4
1.20958542719338E-4
1.20282551853336E-4
1.19615668371408E-4
1.18957699210734E-4
1.18308456867181E-4
1.17667759193734E-4
1.1703542920771E-4
1.16411294906328E-4
1.15795189090196E-4
1.15186949194325E-4
1.14586417126293E-4
1.13993439111213E-4
1.13407865543163E-4
1.12829550842772E-4
1.1225835332065E-4
1.11694135046406E-4
1.11136761722961E-4
1.10586102565929E-4
1.10042030187807E-4
1.09504420486772E-4
1.0897315253985E-4
1.08448108500271E-4
1.07929173498816E-4
1.07416235548967E-4
1.069091854557E-4
1.06407916727748E-4
1.05912325493189E-4
1.05422310418201E-4
1.04937772628857E-4
1.0445861563582E-4
1.03984745261814E-4
1.03516069571749E-4
1.03052498805398E-4
1.02593945312494E-4
1.02140323490177E-4
1.01691549722658E-4
1.01247542323042E-4
1.00808221477187E-4
1.0037350918954E-4
9.994332923086E-5
9.9517607087748E-5
9.9096269913916E-5
9.8679246483128E-5
9.8266467143733E-5
9.785786377474E-5
9.7453369743373E-5
9.7052919864039E-5
9.6656450358659E-5
9.6263898818316E-5
9.5875204166153E-5
9.5490306621493E-5
9.5109147665113E-5
9.4731670005648E-5
9.4357817547072E-5
9.398753535721E-5
9.3620769637261E-5
9.3257467692274E-5
9.2897577902554E-5
9.2541049695964E-5
9.2187833521082E-5
9.1837880821193E-5
9.1491144009072E-5
9.1147576442546E-5
9.0807132400795E-5
9.0469767061368E-5
9.0135436477894E-5
8.9804097558456E-5
8.9475708044614E-5
8.9150226491041E-5
8.8827612245769E-5
8.8507825431004E-5
8.8190826924507E-5
8.7876578341513E-5
8.7565042017172E-5
8.7256180989494E-5
8.694995898278E-5
8.6646340391528E-5
8.6345290264789E-5
8.6046774290969E-5
8.5750758783054E-5
8.5457210664242E-5
8.5166097453984E-5
8.4877387254403E-5
8.4591048737087E-5
8.4307051130245E-5
8.4025364206209E-5
8.3745958269283E-5
8.3468804143908E-5
8.319387316315E-5
8.29211371575E-5
8.2650568443963E-5
8.2382139815442E-5
8.2115824530399E-5
8.1851596302787E-5
8.1589429292245E-5
8.1329298094551E-5
8.1071177732312E-5
8.0815043645908E-5
8.0560871684655E-5
8.0308638098202E-5
8.0058319528142E-5
7.9809892999836E-5
7.9563335914445E-5
7.9318626041159E-5
7.9075741509622E-5
7.8834660802542E-5
7.859536274849E-5
7.8357826514866E-5
7.8122031601051E-5
7.7887957831716E-5
7.7655585350294E-5
7.7424894612617E-5
7.7195866380702E-5
7.6968481716685E-5
7.6742721976902E-5
7.651856880611E-5
7.6296004131848E-5
7.6075010158924E-5
7.5855569364042E-5
7.5637664490545E-5
7.5421278543287E-5
7.5206394783621E-5
7.4992996724504E-5
7.4781068125715E-5
7.457059298918E-5
7.4361555554412E-5
7.4153940294043E-5
7.3947731909466E-5
7.3742915326576E-5
7.3539475691595E-5
7.3337398367009E-5
7.3136668927579E-5
7.2937273156453E-5
7.2739197041352E-5
7.2542426770856E-5
7.2346948730751E-5
7.2152749500479E-5
7.1959815849645E-5
7.1768134734617E-5
7.1577693295181E-5
7.1388478851289E-5
7.1200478899861E-5
7.1013681111659E-5
7.0828073328236E-5
7.0643643558935E-5
7.0460379977969E-5
7.0278270921544E-5
7.009730488506E-5
6.9917470520357E-5
6.9738756633026E-5
6.9561152179774E-5
6.9384646265841E-5
6.9209228142475E-5
6.9034887204457E-5
6.8861612987673E-5
6.8689395166742E-5
6.8518223552685E-5
6.834808809065E-5
6.8178978857676E-5
6.8010886060501E-5
6.7843800033423E-5
6.7677711236192E-5
6.7512610251953E-5
6.7348487785228E-5
6.7185334659931E-5
6.7023141817433E-5
6.6861900314658E-5
6.6701601322215E-5
6.6542236122574E-5
6.6383796108269E-5
6.6226272780141E-5
6.6069657745613E-5
6.5913942716998E-5
6.5759119509843E-5
6.5605180041298E-5
6.5452116328522E-5
6.5299920487116E-5
6.5148584729588E-5
6.4998101363843E-5
6.4848462791706E-5
6.4699661507472E-5
6.4551690096479E-5
6.4404541233712E-5
6.4258207682428E-5
6.4112682292816E-5
6.396795800067E-5
6.3824027826093E-5
6.3680884872225E-5
6.3538522323989E-5
6.3396933446868E-5
6.3256111585699E-5
6.3116050163484E-5
6.2976742680236E-5
6.2838182711831E-5
6.2700363908891E-5
6.2563279995681E-5
6.2426924769031E-5
6.229129209727E-5
6.2156375919185E-5
6.2022170242995E-5
6.1888669145345E-5
6.1755866770318E-5
6.162375732846E-5
6.1492335095828E-5
6.1361594413048E-5
6.1231529684399E-5
6.1102135376899E-5
6.097340601942E-5
6.0845336201813E-5
6.0717920574042E-5
6.0591153845343E-5
6.0465030783393E-5
6.033954621349E-5
6.0214695017751E-5
6.0090472134322E-5
5.9966872556603E-5
5.984389133248E-5
5.972152356358E-5
5.9599764404527E-5
5.9478609062221E-5
5.9358052795119E-5
5.9238090912538E-5
5.9118718773961E-5
5.8999931788356E-5
5.8881725413514E-5
5.8764095155384E-5
5.8647036567432E-5
5.8530545250005E-5
5.8414616849699E-5
5.8299247058752E-5
5.8184431614429E-5
5.8070166298434E-5
5.795644693632E-5
5.784326939691E-5
5.7730629591732E-5
5.761852347446E-5
5.750694704036E-5
5.7395896325754E-5
5.7285367407482E-5
5.7175356402382E-5
5.7065859466769E-5
5.6956872795932E-5
5.6848392623628E-5
5.6740415221594E-5
5.6632936899059E-5
5.6525954002269E-5
5.6419462914012E-5
5.6313460053164E-5
5.6207941874223E-5
5.6102904866867E-5
5.5998345555508E-5
5.5894260498862E-5
5.5790646289512E-5
5.5687499553495E-5
5.5584816949878E-5
5.5482595170355E-5
5.5380830938838E-5
5.5279521011064E-5
5.5178662174199E-5
5.5078251246459E-5
5.4978285076721E-5
5.4878760544157E-5
5.4779674557861E-5
5.4681024056485E-5
5.4582806007884E-5
5.4485017408759E-5
5.4387655284315E-5
5.4290716687913E-5
5.4194198700736E-5
5.4098098431452E-5
5.4002413015893E-5
5.3907139616726E-5
5.3812275423134E-5
5.3717817650507E-5
5.3623763540131E-5
5.3530110358879E-5
5.3436855398915E-5
5.3343995977395E-5
5.3251529436175E-5
5.3159453141525E-5
5.3067764483842E-5
5.2976460877373E-5
5.2885539759935E-5
5.2794998592647E-5
5.2704834859661E-5
5.2615046067892E-5
5.2525629746764E-5
5.243658344795E-5
5.2347904745114E-5
5.225959123367E-5
5.2171640530526E-5
5.2084050273844E-5
5.1996818122802E-5
5.1909941757354E-5
5.1823418877997E-5
5.1737247205542E-5
5.1651424480885E-5
5.1565948464784E-5
5.1480816937636E-5
5.1396027699263E-5
5.1311578568689E-5
5.1227467383936E-5
5.1143692001809E-5
5.1060250297693E-5
5.0977140165343E-5
5.0894359516689E-5
5.0811906281635E-5
5.0729778407863E-5
5.0647973860637E-5
5.0566490622617E-5
5.0485326693667E-5
5.0404480090671E-5
5.0323948847348E-5
5.0243731014072E-5
5.0163824657692E-5
5.0084227861357E-5
5.0004938724343E-5
4.9925955361877E-5
4.984727590497E-5
4.9768898500251E-5
4.9690821309798E-5
4.9613042510978E-5
4.9535560296285E-5
4.9458372873178E-5
4.938147846393E-5
4.9304875305468E-5
4.9228561649219E-5
4.9152535760964E-5
4.9076795920687E-5
4.9001340422422E-5
4.8926167574117E-5
4.8851275697481E-5
4.877666312785E-5
4.870232821404E-5
4.8628269318216E-5
4.8554484815747E-5
4.8480973095078E-5
4.8407732557592E-5
4.8334761617482E-5
4.8262058701618E-5
4.8189622249421E-5
4.8117450712734E-5
4.8045542555697E-5
4.7973896254625E-5
4.7902510297883E-5
4.7831383185769E-5
4.7760513430391E-5
4.768989955555E-5
4.7619540096625E-5
4.7549433600456E-5
4.7479578625232E-5
4.7409973740377E-5
4.7340617526442E-5
4.7271508574991E-5
4.7202645488496E-5
4.7134026880231E-5
4.706565137416E-5
4.6997517604841E-5
4.6929624217315E-5
4.6861969867008E-5
4.6794553219632E-5
4.672737295108E-5
4.6660427747331E-5
4.6593716304352E-5
4.6527237328001E-5
4.6460989533936E-5
4.6394971647512E-5
4.6329182403699E-5
4.6263620546981E-5
4.6198284831271E-5
4.6133174019821E-5
4.6068286885127E-5
4.6003622208851E-5
4.5939178781726E-5
4.5874955403476E-5
4.5810950882727E-5
4.5747164036928E-5
4.5683593692263E-5
4.5620238683572E-5
4.5557097854273E-5
4.5494170056274E-5
4.5431454149902E-5
4.5368949003821E-5
4.5306653494956E-5
4.5244566508413E-5
4.5182686937409E-5
4.5121013683194E-5
4.5059545654977E-5
4.4998281769852E-5
4.4937220952732E-5
4.4876362136266E-5
4.4815704260782E-5
4.4755246274204E-5
4.4694987131993E-5
4.4634925797074E-5
4.4575061239768E-5
4.4515392437727E-5
4.4455918375866E-5
4.43966380463E-5
4.4337550448276E-5
4.4278654588112E-5
4.4219949479134E-5
4.4161434141609E-5
4.4103107602688E-5
4.4044968896343E-5
4.3987017063304E-5
4.3929251151002E-5
4.387167021351E-5
4.3814273311483E-5
4.3757059512097E-5
4.3700027888999E-5
4.3643177522243E-5
4.3586507498237E-5
4.3530016909687E-5
4.3473704855543E-5
4.3417570440941E-5
4.3361612777154E-5
4.3305830981535E-5
4.3250224177465E-5
4.3194791494303E-5
4.3139532067332E-5
4.3084445037708E-5
4.3029529552409E-5
4.2974784764188E-5
4.2920209831521E-5
4.2865803918556E-5
4.2811566195071E-5
4.2757495836418E-5
4.2703592023481E-5
4.2649853942628E-5
4.2596280785662E-5
4.2542871749779E-5
4.2489626037517E-5
4.2436542856717E-5
4.2383621420475E-5
4.2330860947096E-5
4.2278260660055E-5
4.2225819787948E-5
4.2173537564457E-5
4.2121413228297E-5
4.2069446023185E-5
4.2017635197791E-5
4.1965980005698E-5
4.1914479705363E-5
4.1863133560077E-5
4.1811940837924E-5
4.1760900811741E-5
4.1710012759078E-5
4.1659275962162E-5
4.1608689707858E-5
4.1558253287629E-5
4.15079659975E-5
4.145782713802E-5
4.1407836014226E-5
4.1357991935607E-5
4.1308294216064E-5
4.1258742173881E-5
4.1209335131682E-5
4.1160072416402E-5
4.1110953359249E-5
4.1061977295671E-5
4.101314356532E-5
4.0964451512021E-5
4.0915900483737E-5
4.0867489832534E-5
4.0819218914555E-5
4.0771087089977E-5
4.072309372299E-5
4.0675238181756E-5
4.0627519838383E-5
4.0579938068894E-5
4.053249225319E-5
4.0485181775028E-5
4.0438006021984E-5
4.0390964385424E-5
4.0344056260479E-5
4.0297281046009E-5
4.0250638144577E-5
4.0204126962422E-5
4.0157746909427E-5
4.0111497399092E-5
4.0065377848504E-5
4.0019387678313E-5
3.9973526312703E-5
3.9927793179362E-5
3.9882187709457E-5
3.9836709337609E-5
3.9791357501863E-5
3.9746131643663E-5
3.9701031207828E-5
3.9656055642522E-5
3.9611204399233E-5
3.9566476932742E-5
3.9521872701106E-5
3.9477391165624E-5
3.943303179082E-5
3.9388794044413E-5
3.9344677397296E-5
3.9300681323511E-5
3.9256805300226E-5
3.9213048807709E-5
3.9169411329308E-5
3.9125892351426E-5
3.9082491363499E-5
3.903920785797E-5
3.8996041330273E-5
3.8952991278804E-5
3.8910057204903E-5
3.8867238612831E-5
3.8824535009749E-5
3.8781945905693E-5
3.8739470813558E-5
3.8697109249073E-5
3.8654860730782E-5
3.8612724780022E-5
3.8570700920905E-5
3.8528788680293E-5
3.8486987587781E-5
3.8445297175679E-5
3.8403716978986E-5
3.8362246535376E-5
3.8320885385178E-5
3.8279633071352E-5
3.8238489139475E-5
3.819745313772E-5
3.8156524616837E-5
3.8115703130134E-5
3.8074988233459E-5
3.8034379485184E-5
3.7993876446183E-5
3.7953478679814E-5
3.7913185751907E-5
3.7872997230739E-5
3.783291268702E-5
3.7792931693876E-5
3.775305382683E-5
3.7713278663788E-5
3.7673605785017E-5
3.7634034773132E-5
3.7594565213082E-5
3.7555196692124E-5
3.7515928799818E-5
3.7476761128003E-5
3.7437693270783E-5
3.7398724824512E-5
3.7359855387779E-5
3.7321084561388E-5
3.7282411948347E-5
3.7243837153853E-5
3.720535978527E-5
3.7166979452123E-5
3.7128695766076E-5
3.709050834092E-5
3.7052416792559E-5
3.7014420738993E-5
3.6976519800304E-5
3.6938713598646E-5
3.6901001758222E-5
3.6863383905278E-5
3.6825859668086E-5
3.6788428676927E-5
3.6751090564083E-5
3.6713844963819E-5
3.6676691512372E-5
3.6639629847935E-5
3.6602659610645E-5
3.656578044257E-5
3.6528991987696E-5
3.6492293891914E-5
3.6455685803004E-5
3.6419167370628E-5
3.6382738246313E-5
3.6346398083438E-5
3.6310146537225E-5
3.6273983264724E-5
3.6237907924801E-5
3.6201920178126E-5
3.6166019687161E-5
3.6130206116148E-5
3.6094479131098E-5
3.6058838399776E-5
3.6023283591695E-5
3.5987814378097E-5
3.5952430431949E-5
3.5917131427924E-5
3.5881917042399E-5
3.5846786953433E-5
3.5811740840765E-5
3.5776778385797E-5
3.5741899271586E-5
3.5707103182832E-5
3.5672389805867E-5
3.5637758828647E-5
3.5603209940736E-5
3.5568742833301E-5
3.5534357199098E-5
3.5500052732463E-5
3.5465829129301E-5
3.5431686087076E-5
3.5397623304803E-5
3.5363640483032E-5
3.5329737323847E-5
3.5295913530848E-5
3.5262168809144E-5
3.5228502865346E-5
3.5194915407551E-5
3.516140614534E-5
3.5127974789763E-5
3.5094621053332E-5
3.5061344650011E-5
3.5028145295204E-5
3.4995022705753E-5
3.496197659992E-5
3.4929006697385E-5
3.4896112719232E-5
3.4863294387944E-5
3.4830551427391E-5
3.4797883562823E-5
3.4765290520861E-5
3.4732772029488E-5
3.470032781804E-5
3.4667957617199E-5
3.4635661158981E-5
3.4603438176733E-5
3.4571288405121E-5
3.453921158012E-5
3.4507207439011E-5
3.4475275720368E-5
3.4443416164055E-5
3.4411628511211E-5
3.4379912504248E-5
3.4348267886842E-5
3.4316694403921E-5
3.4285191801663E-5
3.4253759827485E-5
3.4222398230036E-5
3.4191106759188E-5
3.4159885166032E-5
3.4128733202866E-5
3.4097650623191E-5
3.4066637181704E-5
3.4035692634284E-5
3.4004816737995E-5
3.3974009251072E-5
3.3943269932913E-5
3.3912598544078E-5
3.3881994846275E-5
3.3851458602357E-5
3.3820989576316E-5
3.3790587533272E-5
3.3760252239469E-5
3.3729983462267E-5
3.3699780970138E-5
3.3669644532655E-5
3.3639573920487E-5
3.3609568905395E-5
3.3579629260221E-5
3.3549754758885E-5
3.3519945176377E-5
3.3490200288751E-5
3.3460519873117E-5
3.3430903707639E-5
3.3401351571522E-5
3.3371863245013E-5
3.334243850939E-5
3.3313077146955E-5
3.3283778941035E-5
3.3254543675967E-5
3.3225371137097E-5
3.3196261110773E-5
3.316721338434E-5
3.3138227746132E-5
3.3109303985469E-5
3.3080441892647E-5
3.3051641258938E-5
3.3022901876579E-5
3.2994223538767E-5
3.2965606039659E-5
3.2937049174357E-5
3.2908552738913E-5
3.2880116530313E-5
3.2851740346479E-5
3.2823423986262E-5
3.2795167249433E-5
3.2766969936683E-5
3.2738831849615E-5
3.2710752790735E-5
3.2682732563455E-5
3.265477097208E-5
3.2626867821809E-5
3.2599022918724E-5
3.2571236069789E-5
3.2543507082844E-5
3.2515835766599E-5
3.2488221930632E-5
3.2460665385377E-5
3.2433165942129E-5
3.240572341303E-5
3.2378337611069E-5
3.2351008350078E-5
3.2323735444723E-5
3.2296518710503E-5
3.2269357963742E-5
3.224225302159E-5
3.221520370201E-5
3.218820982378E-5
3.2161271206487E-5
3.2134387670521E-5
3.210755903707E-5
3.2080785128118E-5
3.2054065766438E-5
3.202740077559E-5
3.2000789979915E-5
3.197423320453E-5
3.1947730275326E-5
3.192128101896E-5
3.1894885262854E-5
3.1868542835191E-5
3.1842253564907E-5
3.1816017281691E-5
3.1789833815979E-5
3.1763702998948E-5
3.1737624662515E-5
3.1711598639331E-5
3.1685624762779E-5
3.1659702866967E-5
3.1633832786726E-5
3.1608014357605E-5
3.1582247415868E-5
3.1556531798489E-5
3.153086734315E-5
3.1505253888234E-5
3.1479691272825E-5
3.1454179336699E-5
3.1428717920326E-5
3.1403306864863E-5
3.1377946012149E-5
3.1352635204705E-5
3.1327374285727E-5
3.1302163099085E-5
3.1277001489317E-5
3.1251889301625E-5
3.1226826381876E-5
3.1201812576591E-5
3.1176847732949E-5
3.1151931698778E-5
3.1127064322554E-5
3.1102245453398E-5
3.1077474941069E-5
3.1052752635966E-5
3.102807838912E-5
3.1003452052191E-5
3.0978873477469E-5
3.0954342517865E-5
3.092985902691E-5
3.0905422858754E-5
3.0881033868159E-5
3.0856691910497E-5
3.0832396841748E-5
3.0808148518495E-5
3.0783946797922E-5
3.0759791537809E-5
3.0735682596532E-5
3.0711619833057E-5
3.0687603106939E-5
3.0663632278317E-5
3.0639707207911E-5
3.0615827757021E-5
3.0591993787522E-5
3.056820516186E-5
3.0544461743055E-5
3.0520763394688E-5
3.0497109980907E-5
3.0473501366421E-5
3.0449937416494E-5
3.0426417996947E-5
3.0402942974152E-5
3.037951221503E-5
3.0356125587049E-5
3.0332782958219E-5
3.0309484197092E-5
3.0286229172755E-5
3.0263017754833E-5
3.0239849813481E-5
3.0216725219385E-5
3.0193643843755E-5
3.0170605558328E-5
3.0147610235361E-5
3.0124657747627E-5
3.0101747968419E-5
3.007888077154E-5
3.0056056031305E-5
3.0033273622536E-5
3.0010533420562E-5
2.9987835301214E-5
2.9965179140821E-5
2.9942564816212E-5
2.9919992204711E-5
2.9897461184133E-5
2.9874971632785E-5
2.9852523429459E-5
2.9830116453434E-5
2.9807750584472E-5
2.9785425702812E-5
2.9763141689175E-5
2.9740898424755E-5
2.9718695791217E-5
2.96965336707E-5
2.967441194581E-5
2.9652330499617E-5
2.9630289215657E-5
2.9608287977925E-5
2.9586326670876E-5
2.9564405179421E-5
2.9542523388924E-5
2.9520681185205E-5
2.9498878454528E-5
2.9477115083609E-5
2.9455390959606E-5
2.9433705970122E-5
2.9412060003199E-5
2.939045294732E-5
2.9368884691402E-5
2.9347355124797E-5
2.9325864137289E-5
2.9304411619093E-5
2.9282997460849E-5
2.9261621553626E-5
2.9240283788915E-5
2.9218984058627E-5
2.9197722255095E-5
2.9176498271068E-5
2.915531199971E-5
2.9134163334599E-5
2.9113052169724E-5
2.9091978399483E-5
2.907094191868E-5
2.9049942622527E-5
2.9028980406636E-5
2.9008055167023E-5
2.8987166800102E-5
2.8966315202685E-5
2.8945500271977E-5
2.892472190558E-5
2.8903980001486E-5
2.8883274458075E-5
2.8862605174117E-5
2.8841972048767E-5
2.8821374981566E-5
2.8800813872433E-5
2.8780288621671E-5
2.875979912996E-5
2.8739345298358E-5
2.8718927028295E-5
2.8698544221578E-5
2.8678196780381E-5
2.865788460725E-5
2.86376076051E-5
2.8617365677208E-5
2.859715872722E-5
2.8576986659139E-5
2.8556849377334E-5
2.853674678653E-5
2.851667879181E-5
2.8496645298613E-5
2.847664621273E-5
2.8456681440308E-5
2.843675088784E-5
2.8416854462172E-5
2.8396992070495E-5
2.8377163620346E-5
2.8357369019605E-5
2.8337608176497E-5
2.8317880999585E-5
2.8298187397773E-5
2.8278527280301E-5
