0.00367752955941862
0.0018326856387738
0.00128623202157101
0.001011448367963318
8.43118883218055E-4
7.28271830987014E-4
6.44356941757268E-4
5.80054857242086E-4
5.29025176086631E-4
4.87425147906388E-4
4.52782742142373E-4
4.23431597487165E-4
3.98205290736704E-4
3.7626158394299E-4
3.56976268714455E-4
3.39876351285005E-4
3.24596506530917E-4
3.1084983527747E-4
2.98407710152692E-4
2.870855655581E-4
2.76732675084514E-4
2.67224664578545E-4
2.5845794005875E-4
2.50345480306065E-4
2.42813617975712E-4
2.35799547407723E-4
2.29249373900618E-4
2.23116571433296E-4
2.17360752007342E-4
2.1194667523397E-4
2.06843444938155E-4
2.02023852657749E-4
1.97463837490843E-4
1.93142038817672E-4
1.89039423701434E-4
1.85138974748726E-4
1.81425427232657E-4
1.77885046598303E-4
1.74505439259857E-4
1.71275390991655E-4
1.68184728306963E-4
1.65224199079654E-4
1.62385369347676E-4
1.59660533783298E-4
1.5704263775374E-4
1.54525209249896E-4
1.52102299248367E-4
1.49768429306383E-4
1.47518545381334E-4
1.45347977024686E-4
1.43252401230733E-4
1.41227810329077E-4
1.39270483400067E-4
1.37376960767984E-4
1.35544021190136E-4
1.33768661413473E-4
1.32048077815384E-4
1.30379649883631E-4
1.28760925322859E-4
1.27189606602861E-4
1.25663538787476E-4
1.24180698503344E-4
1.22739183925223E-4
1.21337205669617E-4
1.1997307850154E-4
1.18645213770462E-4
1.1735211250133E-4
1.16092359075037E-4
1.14864615440184E-4
1.13667615804444E-4
1.12500161759549E-4
1.11361117798895E-4
1.10249407191166E-4
1.09164008177227E-4
1.08103950460959E-4
1.07068311967721E-4
1.06056215846776E-4
1.05066827696433E-4
1.04099352992695E-4
1.0315303470413E-4
1.02227151077335E-4
1.01321013578818E-4
1.00433964980516E-4
9.9565377577295E-5
9.87146515259E-5
9.7881213295731E-5
9.7064514222728E-5
9.6264029158388E-5
9.5479255206653E-5
9.4709710542043E-5
9.3954933302945E-5
9.3214480554532E-5
9.2487927316211E-5
9.1774865648934E-5
9.1074903798113E-5
9.038766538816E-5
8.9712788665094E-5
8.9049925783838E-5
8.8398742137161E-5
8.7758915723433E-5
8.7130136550583E-5
8.6512106073855E-5
8.590453666512E-5
8.5307151111702E-5
8.4719682142799E-5
8.4141871981732E-5
8.3573471922386E-5
8.3014241928324E-5
8.2463950253159E-5
8.1922373080874E-5
8.1389294184871E-5
8.0864504604609E-5
8.0347802338788E-5
7.9838992054075E-5
7.9337884808473E-5
7.8844297788464E-5
7.8358054059138E-5
7.7878982326548E-5
7.740691671161E-5
7.6941696534878E-5
7.6483166111605E-5
7.6031174556492E-5
7.5585575597622E-5
7.5146227399048E-5
7.4712992391581E-5
7.4285737111335E-5
7.3864332045614E-5
7.3448651485746E-5
7.3038573386509E-5
7.26339792318E-5
7.2234753906221E-5
7.1840785572285E-5
7.1451965552951E-5
7.1068188219216E-5
7.0689350882518E-5
7.0315353691705E-5
6.9946099534339E-5
6.9581493942136E-5
6.9221445000328E-5
6.8865863260759E-5
6.8514661658545E-5
6.8167755432111E-5
6.7825062046462E-5
6.748650111953E-5
6.7151994351443E-5
6.6821465456595E-5
6.6494840098385E-5
6.6172045826496E-5
6.5853012016597E-5
6.553766981238E-5
6.5225952069789E-5
6.4917793303391E-5
6.4613129634742E-5
6.4311898742711E-5
6.4014039815636E-5
6.3719493505257E-5
6.3428201882338E-5
6.3140108393909E-5
6.2855157822061E-5
6.2573296244223E-5
6.2294470994864E-5
6.2018630628559E-5
6.1745724884358E-5
6.1475704651407E-5
6.120852193578E-5
6.094412982845E-5
6.0682482474373E-5
6.0423535042633E-5
6.0167243697604E-5
5.9913565571086E-5
5.966245873539E-5
5.9413882177314E-5
5.9167795772995E-5
5.8924160263587E-5
5.8682937231747E-5
5.8444089078885E-5
5.8207579003156E-5
5.7973370978169E-5
5.7741429732377E-5
5.7511720729126E-5
5.7284210147344E-5
5.7058864862838E-5
5.6835652430178E-5
5.6614541065156E-5
5.6395499627782E-5
5.6178497605812E-5
5.5963505098786E-5
5.5750492802547E-5
5.5539431994236E-5
5.5330294517751E-5
5.5123052769625E-5
5.4917679685347E-5
5.4714148726081E-5
5.4512433865782E-5
5.4312509578688E-5
5.4114350827192E-5
5.3917933050052E-5
5.372323215096E-5
5.3530224487429E-5
5.3338886860007E-5
5.3149196501799E-5
5.2961131068287E-5
5.2774668627438E-5
5.2589787650093E-5
5.2406467000626E-5
5.2224685927863E-5
5.2044424056252E-5
5.1865661377282E-5
5.1688378241135E-5
5.1512555348569E-5
5.1338173743018E-5
5.1165214802914E-5
5.099366023421E-5
5.0823492063107E-5
5.0654692628977E-5
5.048724457747E-5
5.0321130853809E-5
5.0156334696259E-5
4.9992839629772E-5
4.9830629459789E-5
4.9669688266215E-5
4.9510000397542E-5
4.9351550465126E-5
4.9194323337612E-5
4.9038304135505E-5
4.8883478225866E-5
4.8729831217163E-5
4.8577348954232E-5
4.8426017513379E-5
4.8275823197596E-5
4.8126752531901E-5
4.7978792258792E-5
4.7831929333811E-5
4.7686150921222E-5
4.754144438979E-5
4.7397797308666E-5
4.7255197443373E-5
4.7113632751884E-5
4.6973091380798E-5
4.6833561661608E-5
4.6695032107056E-5
4.6557491407581E-5
4.6420928427837E-5
4.6285332203311E-5
4.6150691937006E-5
4.6016996996211E-5
4.588423690934E-5
4.5752401362845E-5
4.5621480198208E-5
4.5491463408992E-5
4.5362341137964E-5
4.5234103674284E-5
4.510674145076E-5
4.4980245041159E-5
4.4854605157585E-5
4.4729812647913E-5
4.4605858493279E-5
4.448273380563E-5
4.4360429825324E-5
4.4238937918788E-5
4.4118249576222E-5
4.3998356409358E-5
4.3879250149266E-5
4.3760922644206E-5
4.3643365857534E-5
4.3526571865641E-5
4.3410532855949E-5
4.3295241124943E-5
4.3180689076243E-5
4.3066869218727E-5
4.295377416468E-5
4.2841396627997E-5
4.272972942241E-5
4.2618765459763E-5
4.2508497748315E-5
4.2398919391086E-5
4.2290023584231E-5
4.2181803615448E-5
4.2074252862427E-5
4.1967364791317E-5
4.186113295524E-5
4.175555099282E-5
4.1650612626753E-5
4.1546311662402E-5
4.1442641986423E-5
4.1339597565409E-5
4.1237172444575E-5
4.113536074646E-5
4.1034156669658E-5
4.0933554487573E-5
4.08335485472E-5
4.0734133267927E-5
4.0635303140368E-5
4.0537052725205E-5
4.0439376652069E-5
4.0342269618431E-5
4.0245726388521E-5
4.0149741792259E-5
4.005431072422E-5
3.9959428142608E-5
