0.00799552016235203
0.001895563513386942
0.001260136316745667
9.73435648422129E-4
8.05417062851937E-4
6.93410853015132E-4
6.12684154072898E-4
5.51358191222482E-4
5.0296760987892E-4
4.63671430527352E-4
4.31034419556498E-4
4.03432863175475E-4
3.79739723298675E-4
3.59146567337047E-4
3.41057394318107E-4
3.25022504192981E-4
3.10695766882711E-4
2.97806131540976E-4
2.86138108476254E-4
2.75518077677307E-4
2.65804482167243E-4
2.56880672618813E-4
2.48649599295891E-4
2.41029815310727E-4
2.33952426437411E-4
2.2735873463425E-4
2.21198397042791E-4
2.15427972893514E-4
2.10009765723871E-4
2.04910892831335E-4
2.00102531312572E-4
1.95559302590917E-4
1.91258766481858E-4
1.8718100258806E-4
1.83308261836014E-4
1.79624674741581E-4
1.76116005856263E-4
1.72769446038341E-4
1.69573435884094E-4
1.66517514968798E-4
1.63592192576172E-4
1.60788836405821E-4
1.5809957639133E-4
1.55517221274829E-4
1.53035185995582E-4
1.50647428282398E-4
1.48348393109118E-4
1.46132963891987E-4
1.43996419487596E-4
1.41934396197936E-4
1.39942854111334E-4
1.38018047209351E-4
1.36156496754158E-4
1.34354967541408E-4
1.32610446662857E-4
1.30920124472761E-4
1.29281377494174E-4
1.2769175303696E-4
1.26148955329596E-4
1.24650832992706E-4
1.23195367704366E-4
1.21780663926148E-4
1.20404939575151E-4
1.1906651754132E-4
1.17763817961451E-4
1.16495351171812E-4
1.15259711270393E-4
1.14055570227776E-4
1.1288167249247E-4
1.11736830042673E-4
1.1061991784165E-4
1.09529869658612E-4
1.08465674221015E-4
1.07426371667847E-4
1.06411050276599E-4
1.05418843439434E-4
1.04448926866572E-4
1.0350051599707E-4
1.02572863599168E-4
1.01665257544116E-4
1.00777018738895E-4
9.9907499204702E-5
9.9056080289262E-5
9.8222171002138E-5
9.7405206463221E-5
9.6604646455477E-5
9.5819974073785E-5
9.505069446249E-5
9.4296333634882E-5
9.3556437368431E-5
9.2830570170126E-5
9.2118314306764E-5
9.1419268895423E-5
9.0733049049804E-5
9.0059285078437E-5
8.9397621731089E-5
8.8747717490009E-5
8.810924390291E-5
8.748188495482E-5
8.6865336476175E-5
8.6259305584715E-5
8.5663510158952E-5
8.507767834111E-5
8.4501548067633E-5
8.3934866625483E-5
8.3377390232561E-5
8.2828883640753E-5
8.2289119760151E-5
8.1757879303155E-5
8.1234950447226E-5
8.0720128515141E-5
8.0213215671716E-5
7.9714020635977E-5
7.92223584079E-5
7.8738050008825E-5
7.8260922234773E-5
7.7790807421902E-5
7.7327543223425E-5
7.6870972397311E-5
7.6420942604187E-5
7.5977306214855E-5
7.5539920126898E-5
7.5108645589866E-5
7.4683348038586E-5
7.4263896934149E-5
7.385016561216E-5
7.344203113787E-5
7.3039374167819E-5
7.264207881766E-5
7.2250032535831E-5
7.1863125982773E-5
7.1481252915424E-5
7.1104310076703E-5
7.0732197089744E-5
7.0364816356633E-5
7.0002072961442E-5
6.9643874577316E-5
6.9290131377452E-5
6.8940755949752E-5
6.8595663214984E-5
6.8254770348284E-5
6.7917996703841E-5
6.7585263742602E-5
6.725649496287E-5
6.6931615833661E-5
6.6610553730672E-5
6.6293237874766E-5
6.5979599272841E-5
6.5669570660983E-5
6.5363086449799E-5
6.5060082671827E-5
6.4760496930942E-5
6.4464268353655E-5
6.4171337542238E-5
6.3881646529585E-5
6.3595138735727E-5
6.3311758925957E-5
6.3031453170463E-5
6.2754168805423E-5
6.2479854395509E-5
6.2208459697711E-5
6.1939935626457E-5
6.1674234219961E-5
6.1411308607747E-5
6.1151112979306E-5
6.0893602553837E-5
6.0638733551028E-5
6.0386463162839E-5
6.0136749526244E-5
5.988955169689E-5
5.9644829623645E-5
5.9402544123997E-5
5.9162656860263E-5
5.8925130316593E-5
5.8689927776723E-5
5.8457013302451E-5
5.8226351712819E-5
5.7997908563962E-5
5.7771650129606E-5
5.7547543382182E-5
5.7325555974549E-5
5.7105656222287E-5
5.6887813086546E-5
5.6671996157431E-5
5.6458175637906E-5
5.6246322328189E-5
5.6036407610631E-5
5.5828403435054E-5
5.5622282304535E-5
5.5418017261619E-5
5.5215581874948E-5
5.501495022629E-5
5.4816096897952E-5
5.4618996960564E-5
5.4423625961227E-5
5.4229959912006E-5
5.4037975278756E-5
5.3847648970274E-5
5.3658958327768E-5
5.3471881114619E-5
5.3286395506441E-5
5.3102480081427E-5
5.2920113810957E-5
5.2739276050484E-5
5.2559946530661E-5
5.2382105348726E-5
5.2205732960122E-5
5.2030810170347E-5
5.1857318127029E-5
5.1685238312217E-5
5.1514552534883E-5
5.1345242923624E-5
5.1177291919565E-5
5.1010682269448E-5
5.0845397018906E-5
5.068141950592E-5
5.0518733354441E-5
5.0357322468191E-5
5.0197171024613E-5
5.0038263468989E-5
4.988058450871E-5
4.9724119107685E-5
4.9568852480906E-5
4.9414770089141E-5
4.9261857633774E-5
4.9110101051763E-5
4.8959486510735E-5
4.8810000404204E-5
4.8661629346899E-5
4.8514360170223E-5
4.8368179917813E-5
4.8223075841214E-5
4.8079035395661E-5
4.7936046235963E-5
4.7794096212485E-5
4.7653173367232E-5
4.7513265930026E-5
4.7374362314774E-5
4.7236451115824E-5
4.7099521104412E-5
4.6963561225196E-5
4.6828560592861E-5
4.6694508488814E-5
4.6561394357956E-5
4.6429207805523E-5
4.6297938594007E-5
4.6167576640149E-5
4.6038112011992E-5
4.5909534926017E-5
4.5781835744328E-5
4.5655004971916E-5
4.5529033253977E-5
4.5403911373291E-5
4.5279630247662E-5
4.5156180927419E-5
4.5033554592964E-5
4.4911742552384E-5
4.4790736239109E-5
4.4670527209627E-5
4.4551107141245E-5
4.4432467829906E-5
4.4314601188043E-5
4.4197499242489E-5
4.4081154132429E-5
4.3965558107397E-5
4.3850703525314E-5
4.3736582850573E-5
4.3623188652156E-5
4.3510513601804E-5
4.3398550472212E-5
4.3287292135275E-5
4.3176731560358E-5
4.3066861812615E-5
4.2957676051336E-5
4.2849167528325E-5
4.2741329586324E-5
4.2634155657454E-5
4.2527639261704E-5
4.2421774005437E-5
4.2316553579934E-5
4.2211971759969E-5
4.2108022402408E-5
4.2004699444838E-5
4.1901996904227E-5
4.1799908875606E-5
4.1698429530781E-5
4.1597553117068E-5
4.1497273956056E-5
4.1397586442392E-5
4.1298485042591E-5
4.1199964293871E-5
4.1102018803007E-5
4.1004643245213E-5
4.0907832363038E-5
4.0811580965292E-5
4.0715883925987E-5
4.0620736183299E-5
4.0526132738555E-5
4.0432068655231E-5
4.0338539057975E-5
4.024553913165E-5
4.0153064120389E-5
4.0061109326672E-5
3.996967011042E-5
3.9878741888108E-5
3.9788320131887E-5
3.9698400368732E-5
3.9608978179599E-5
3.9520049198603E-5
3.9431609112206E-5
3.934365365842E-5
3.9256178626033E-5
3.9169179853836E-5
3.9082653229878E-5
3.8996594690721E-5
3.8911000220721E-5
3.8825865851313E-5
3.8741187660311E-5
3.8656961771224E-5
3.8573184352581E-5
3.8489851617268E-5
3.840695982188E-5
3.832450526608E-5
3.824248429197E-5
3.8160893283479E-5
3.8079728665753E-5
3.7998986904563E-5
3.7918664505719E-5
3.7838758014495E-5
3.7759264015064E-5
3.7680179129948E-5
3.7601500019464E-5
3.7523223381197E-5
3.7445345949468E-5
3.7367864494818E-5
3.7290775823499E-5
3.7214076776976E-5
3.7137764231429E-5
3.7061835097277E-5
3.6986286318698E-5
3.6911114873166E-5
3.6836317770983E-5
3.6761892054838E-5
3.6687834799357E-5
3.6614143110665E-5
3.6540814125958E-5
3.6467845013082E-5
3.6395232970115E-5
3.6322975224958E-5
3.6251069034935E-5
3.6179511686395E-5
3.6108300494326E-5
3.6037432801969E-5
3.5966905980442E-5
3.5896717428371E-5
3.5826864571523E-5
3.575734486245E-5
3.5688155780134E-5
3.561929482964E-5
3.5550759541773E-5
3.5482547472744E-5
3.5414656203839E-5
3.5347083341088E-5
3.527982651495E-5
3.5212883379996E-5
3.5146251614594E-5
3.507992892061E-5
3.50139130231E-5
3.4948201670017E-5
3.488279263192E-5
3.4817683701682E-5
3.4752872694213E-5
3.4688357446176E-5
3.4624135815716E-5
3.4560205682188E-5
3.4496564945889E-5
3.4433211527803E-5
3.4370143369335E-5
3.4307358432059E-5
3.424485469747E-5
3.4182630166736E-5
3.4120682860453E-5
3.405901081841E-5
3.3997612099349E-5
3.3936484780734E-5
3.3875626958523E-5
3.3815036746944E-5
3.3754712278268E-5
3.3694651702596E-5
3.3634853187638E-5
3.3575314918507E-5
3.3516035097501E-5
3.3457011943905E-5
3.3398243693782E-5
3.3339728599775E-5
3.3281464930911E-5
3.3223450972403E-5
3.3165685025459E-5
3.3108165407096E-5
3.3050890449948E-5
3.2993858502089E-5
3.2937067926845E-5
3.2880517102622E-5
3.2824204422725E-5
3.2768128295185E-5
3.2712287142593E-5
3.2656679401923E-5
3.2601303524374E-5
3.25461579752E-5
3.249124123355E-5
3.2436551792312E-5
3.2382088157949E-5
3.2327848850351E-5
3.2273832402676E-5
3.2220037361205E-5
3.2166462285187E-5
3.2113105746697E-5
3.2059966330491E-5
3.200704263386E-5
3.1954333266494E-5
3.1901836850339E-5
3.1849552019459E-5
3.1797477419909E-5
3.1745611709591E-5
3.169395355813E-5
3.1642501646741E-5
3.1591254668104E-5
3.1540211326232E-5
3.1489370336353E-5
3.1438730424782E-5
3.1388290328802E-5
3.1338048796546E-5
3.1288004586873E-5
3.1238156469259E-5
3.1188503223677E-5
3.1139043640483E-5
3.1089776520306E-5
3.104070067394E-5
3.0991814922228E-5
3.0943118095961E-5
3.0894609035767E-5
3.0846286592009E-5
3.0798149624679E-5
3.0750197003297E-5
3.0702427606813E-5
3.0654840323501E-5
3.0607434050864E-5
3.056020769554E-5
3.0513160173199E-5
3.0466290408456E-5
3.041959733477E-5
3.037307989436E-5
3.0326737038106E-5
3.0280567725462E-5
3.0234570924371E-5
3.0188745611172E-5
3.0143090770514E-5
3.0097605395273E-5
3.0052288486466E-5
3.0007139053169E-5
2.9962156112431E-5
2.9917338689196E-5
2.9872685816222E-5
2.9828196534001E-5
2.9783869890682E-5
2.9739704941989E-5
2.9695700751151E-5
2.9651856388822E-5
2.9608170933009E-5
2.9564643468994E-5
2.9521273089267E-5
2.9478058893451E-5
2.9434999988228E-5
2.9392095487274E-5
2.9349344511189E-5
2.9306746187425E-5
2.9264299650218E-5
2.9222004040528E-5
2.9179858505965E-5
2.9137862200726E-5
2.9096014285534E-5
2.9054313927569E-5
2.9012760300409E-5
2.8971352583965E-5
2.8930089964421E-5
2.8888971634174E-5
2.8847996791768E-5
2.8807164641845E-5
2.8766474395077E-5
2.8725925268112E-5
2.8685516483516E-5
2.8645247269717E-5
2.8605116860948E-5
2.8565124497192E-5
2.8525269424126E-5
2.848555089307E-5
2.8445968160931E-5
2.8406520490149E-5
2.8367207148648E-5
2.8328027409782E-5
2.8288980552287E-5
2.8250065860224E-5
2.8211282622936E-5
2.8172630134997E-5
2.8134107696158E-5
2.8095714611306E-5
2.8057450190412E-5
2.8019313748486E-5
2.7981304605527E-5
2.7943422086482E-5
2.7905665521194E-5
2.7868034244364E-5
2.7830527595501E-5
2.779314491888E-5
2.7755885563497E-5
2.7718748883029E-5
2.7681734235789E-5
2.7644840984683E-5
2.760806849717E-5
2.757141614522E-5
2.7534883305275E-5
2.7498469358205E-5
2.7462173689271E-5
2.7425995688085E-5
2.7389934748569E-5
2.7353990268921E-5
2.731816165157E-5
2.7282448303145E-5
2.7246849634433E-5
2.7211365060345E-5
2.7175993999876E-5
2.7140735876074E-5
2.7105590115997E-5
2.7070556150684E-5
2.7035633415118E-5
2.700082134819E-5
2.6966119392666E-5
2.6931526995151E-5
2.6897043606061E-5
2.6862668679581E-5
2.6828401673641E-5
2.6794242049878E-5
2.6760189273605E-5
2.6726242813779E-5
2.6692402142972E-5
2.6658666737336E-5
2.6625036076574E-5
2.6591509643911E-5
2.6558086926061E-5
2.6524767413197E-5
2.6491550598926E-5
2.6458435980253E-5
2.6425423057558E-5
2.6392511334564E-5
2.6359700318308E-5
2.6326989519117E-5
2.6294378450575E-5
2.6261866629499E-5
2.6229453575911E-5
2.6197138813011E-5
2.6164921867149E-5
2.6132802267799E-5
2.6100779547537E-5
2.6068853242008E-5
2.6037022889906E-5
2.6005288032946E-5
2.597364821584E-5
2.5942102986271E-5
2.5910651894869E-5
2.5879294495187E-5
2.5848030343678E-5
2.5816858999668E-5
2.5785780025335E-5
2.5754792985684E-5
2.5723897448525E-5
2.5693092984451E-5
2.566237916681E-5
2.563175557169E-5
2.5601221777894E-5
2.5570777366912E-5
2.5540421922911E-5
2.55101550327E-5
2.547997628572E-5
2.5449885274017E-5
2.5419881592221E-5
2.5389964837527E-5
2.5360134609674E-5
2.5330390510924E-5
2.5300732146042E-5
2.5271159122277E-5
2.5241671049341E-5
2.5212267539389E-5
2.5182948207002E-5
2.5153712669164E-5
2.5124560545247E-5
2.5095491456991E-5
2.5066505028482E-5
2.5037600886137E-5
2.5008778658686E-5
2.4980037977152E-5
2.4951378474833E-5
2.4922799787285E-5
2.4894301552305E-5
2.4865883409912E-5
2.4837545002331E-5
2.4809285973974E-5
2.4781105971427E-5
2.4753004643428E-5
2.4724981640853E-5
2.4697036616701E-5
2.4669169226075E-5
2.4641379126165E-5
2.4613665976237E-5
2.4586029437612E-5
2.4558469173652E-5
2.4530984849745E-5
2.450357613329E-5
2.4476242693677E-5
2.444898420228E-5
2.4421800332435E-5
2.4394690759428E-5
2.436765516048E-5
2.4340693214732E-5
2.4313804603231E-5
2.4286989008916E-5
2.42602461166E-5
2.4233575612963E-5
2.4206977186532E-5
2.4180450527669E-5
2.4153995328559E-5
2.4127611283193E-5
2.4101298087357E-5
2.4075055438619E-5
2.4048883036314E-5
2.4022780581533E-5
2.3996747777105E-5
2.3970784327593E-5
2.3944889939273E-5
2.3919064320124E-5
2.3893307179817E-5
2.3867618229703E-5
2.3841997182795E-5
2.3816443753765E-5
2.3790957658923E-5
2.3765538616212E-5
2.3740186345189E-5
2.3714900567021E-5
2.3689681004468E-5
2.3664527381873E-5
2.363943942515E-5
2.3614416861775E-5
2.3589459420771E-5
2.35645668327E-5
2.3539738829648E-5
2.3514975145222E-5
2.3490275514527E-5
2.3465639674169E-5
2.3441067362231E-5
2.3416558318273E-5
2.3392112283315E-5
2.3367728999831E-5
2.3343408211733E-5
2.3319149664368E-5
2.3294953104501E-5
2.327081828031E-5
2.3246744941373E-5
2.322273283866E-5
2.3198781724522E-5
2.3174891352681E-5
2.3151061478222E-5
2.3127291857581E-5
2.3103582248539E-5
2.3079932410209E-5
2.3056342103029E-5
2.303281108875E-5
2.3009339130432E-5
2.298592599243E-5
2.2962571440388E-5
2.2939275241225E-5
2.2916037163136E-5
2.2892856975572E-5
2.2869734449239E-5
2.2846669356086E-5
2.2823661469299E-5
2.2800710563288E-5
2.2777816413683E-5
2.2754978797324E-5
2.2732197492252E-5
2.2709472277704E-5
2.2686802934098E-5
2.2664189243033E-5
2.2641630987277E-5
2.2619127950756E-5
2.2596679918554E-5
2.2574286676898E-5
2.2551948013154E-5
2.2529663715817E-5
2.2507433574505E-5
2.2485257379953E-5
2.2463134924E-5
2.2441065999589E-5
2.2419050400752E-5
2.2397087922609E-5
2.2375178361358E-5
2.2353321514266E-5
2.2331517179666E-5
2.2309765156947E-5
2.2288065246546E-5
2.2266417249947E-5
2.2244820969665E-5
2.2223276209246E-5
2.2201782773259E-5
2.2180340467288E-5
2.2158949097925E-5
2.2137608472764E-5
2.2116318400394E-5
2.2095078690396E-5
2.207388915333E-5
2.2052749600734E-5
2.2031659845114E-5
2.201061969994E-5
2.1989628979641E-5
2.1968687499595E-5
2.1947795076123E-5
2.1926951526487E-5
2.1906156668882E-5
2.1885410322426E-5
2.186471230716E-5
2.184406244404E-5
2.1823460554928E-5
2.1802906462591E-5
2.1782399990691E-5
2.1761940963783E-5
2.1741529207305E-5
2.1721164547578E-5
2.1700846811794E-5
2.1680575828015E-5
2.1660351425166E-5
2.164017343303E-5
2.162004168224E-5
2.1599956004278E-5
2.1579916231465E-5
2.155992219696E-5
2.1539973734752E-5
2.1520070679655E-5
2.1500212867303E-5
2.1480400134145E-5
2.146063231744E-5
2.1440909255253E-5
2.1421230786448E-5
2.1401596750682E-5
2.1382006988404E-5
2.1362461340847E-5
2.1342959650023E-5
2.1323501758722E-5
2.13040875105E-5
2.1284716749683E-5
2.1265389321353E-5
2.1246105071351E-5
2.1226863846269E-5
2.1207665493446E-5
2.118850986096E-5
2.1169396797631E-5
2.1150326153008E-5
2.1131297777371E-5
2.1112311521722E-5
2.1093367237785E-5
2.1074464777995E-5
2.1055603995503E-5
2.1036784744161E-5
2.1018006878528E-5
2.0999270253856E-5
2.0980574726094E-5
2.0961920151878E-5
2.0943306388532E-5
2.0924733294059E-5
2.0906200727137E-5
2.088770854712E-5
2.086925661403E-5
2.0850844788552E-5
2.0832472932032E-5
2.0814140906475E-5
2.0795848574537E-5
2.0777595799521E-5
2.0759382445378E-5
2.0741208376699E-5
2.072307345871E-5
2.0704977557275E-5
2.0686920538883E-5
2.0668902270651E-5
2.0650922620318E-5
2.0632981456242E-5
2.0615078647394E-5
2.0597214063359E-5
2.0579387574326E-5
2.056159905109E-5
2.0543848365047E-5
2.0526135388188E-5
2.0508459993099E-5
2.0490822052954E-5
2.0473221441515E-5
2.0455658033125E-5
2.043813170271E-5
2.0420642325767E-5
2.0403189778371E-5
2.0385773937163E-5
2.036839467935E-5
2.0351051882704E-5
2.0333745425554E-5
2.0316475186788E-5
2.0299241045844E-5
2.0282042882712E-5
2.0264880577928E-5
2.0247754012571E-5
2.023066306826E-5
2.0213607627154E-5
2.0196587571942E-5
2.0179602785847E-5
2.0162653152618E-5
2.0145738556532E-5
2.0128858882384E-5
2.0112014015491E-5
2.0095203841684E-5
2.0078428247309E-5
2.0061687119221E-5
2.0044980344781E-5
2.0028307811857E-5
2.0011669408817E-5
1.9995065024526E-5
1.9978494548349E-5
1.996195787014E-5
1.9945454880245E-5
1.9928985469498E-5
1.9912549529215E-5
1.9896146951197E-5
1.9879777627722E-5
1.9863441451547E-5
1.98471383159E-5
1.9830868114483E-5
1.9814630741463E-5
1.9798426091477E-5
1.9782254059623E-5
1.9766114541459E-5
1.9750007433004E-5
1.973393263073E-5
1.9717890031563E-5
1.970187953288E-5
1.9685901032505E-5
1.966995442871E-5
1.9654039620207E-5
1.9638156506151E-5
1.9622304986134E-5
1.9606484960184E-5
1.9590696328763E-5
1.9574938992764E-5
1.9559212853507E-5
1.9543517812741E-5
1.9527853772637E-5
1.9512220635789E-5
1.9496618305209E-5
1.9481046684327E-5
1.9465505676987E-5
1.9449995187447E-5
1.9434515120374E-5
1.9419065380843E-5
1.9403645874336E-5
1.9388256506736E-5
1.9372897184332E-5
1.9357567813807E-5
1.9342268302244E-5
1.9326998557121E-5
1.9311758486309E-5
1.9296547998069E-5
1.928136700105E-5
1.9266215404288E-5
1.9251093117204E-5
1.9236000049601E-5
1.9220936111663E-5
1.9205901213951E-5
1.9190895267404E-5
1.9175918183332E-5
1.9160969873422E-5
1.9146050249727E-5
1.913115922467E-5
1.9116296711041E-5
1.9101462621995E-5
1.9086656871046E-5
1.9071879372072E-5
1.9057130039308E-5
1.9042408787347E-5
1.9027715531135E-5
1.9013050185974E-5
1.8998412667513E-5
1.8983802891753E-5
1.8969220775043E-5
1.8954666234076E-5
1.894013918589E-5
1.8925639547863E-5
1.8911167237715E-5
1.8896722173505E-5
1.8882304273627E-5
1.8867913456811E-5
1.8853549642119E-5
1.8839212748947E-5
1.8824902697017E-5
1.8810619406382E-5
1.8796362797421E-5
1.8782132790835E-5
1.8767929307652E-5
1.8753752269217E-5
1.8739601597199E-5
1.872547721358E-5
1.8711379040663E-5
1.8697307001064E-5
1.868326101771E-5
1.8669241013842E-5
1.8655246913011E-5
1.8641278639073E-5
1.8627336116196E-5
1.8613419268848E-5
1.8599528021803E-5
1.8585662300138E-5
1.8571822029228E-5
1.8558007134749E-5
1.8544217542673E-5
1.8530453179269E-5
1.85167139711E-5
1.8502999845022E-5
1.8489310728182E-5
1.8475646548017E-5
1.8462007232254E-5
1.8448392708905E-5
1.8434802906268E-5
1.8421237752927E-5
1.8407697177747E-5
1.8394181109874E-5
1.8380689478735E-5
1.8367222214035E-5
1.8353779245757E-5
1.8340360504157E-5
1.8326965919769E-5
1.8313595423398E-5
1.830024894612E-5
1.8286926419283E-5
1.8273627774502E-5
1.8260352943661E-5
1.8247101858909E-5
1.8233874452663E-5
1.8220670657599E-5
1.8207490406658E-5
1.8194333633042E-5
1.8181200270212E-5
1.8168090251889E-5
1.8155003512048E-5
1.8141939984923E-5
1.8128899605001E-5
1.8115882307023E-5
1.8102888025982E-5
1.8089916697121E-5
1.8076968255934E-5
1.8064042638163E-5
1.8051139779798E-5
1.8038259617073E-5
1.8025402086468E-5
1.8012567124707E-5
1.7999754668756E-5
1.7986964655823E-5
1.7974197023355E-5
1.7961451709038E-5
1.7948728650796E-5
1.7936027786791E-5
1.7923349055418E-5
1.7910692395308E-5
1.7898057745324E-5
1.7885445044563E-5
1.7872854232351E-5
1.7860285248246E-5
1.7847738032031E-5
1.7835212523721E-5
1.7822708663555E-5
1.7810226391997E-5
1.7797765649738E-5
1.7785326377689E-5
1.7772908516987E-5
1.7760512008987E-5
1.7748136795265E-5
1.7735782817616E-5
1.7723450018055E-5
1.771113833881E-5
1.769884772233E-5
1.7686578111274E-5
1.7674329448519E-5
1.7662101677151E-5
1.7649894740472E-5
1.7637708581991E-5
1.7625543145431E-5
1.761339837472E-5
1.7601274213995E-5
1.7589170607603E-5
1.7577087500092E-5
