4.39158057327816E-4
4.1779539689702E-4
3.98712901819418E-4
3.81550653968187E-4
3.66021931307778E-4
3.51895332931406E-4
3.38981928038583E-4
3.271258488713E-4
3.16197292650812E-4
3.06087239376937E-4
2.96703411933449E-4
2.87967149080163E-4
2.79810958395142E-4
2.72176581974466E-4
2.65013453230075E-4
2.58277455136083E-4
2.51929913088643E-4
2.45936772013215E-4
2.40267919382184E-4
2.34896624688641E-4
2.29799072549032E-4
2.24953971598785E-4
2.2034222513806E-4
2.15946652391663E-4
2.11751751492403E-4
2.07743497044421E-4
2.03909166492158E-4
2.00237190600773E-4
1.96717024211222E-4
1.93339034117874E-4
1.90094401466456E-4
1.86975036514058E-4
1.83973503953246E-4
1.8108295729618E-4
1.78297081055373E-4
1.7561003965586E-4
1.73016432177304E-4
1.70511252160434E-4
1.68089851825439E-4
1.65747910144595E-4
1.63481404290849E-4
1.61286584050967E-4
1.59159948848405E-4
1.57098227068947E-4
1.55098357422901E-4
1.53157472112365E-4
1.51272881601794E-4
1.49442060815553E-4
1.47662636608053E-4
1.45932376370927E-4
1.4424917765804E-4
1.42611058723237E-4
1.41016149878003E-4
1.39462685586902E-4
1.37948997227938E-4
1.36473506453154E-4
1.3503471909188E-4
1.33631219545321E-4
1.32261665626634E-4
1.30924783805516E-4
1.29619364820589E-4
1.2834425962663E-4
1.27098375647047E-4
1.25880673304975E-4
1.24690162808982E-4
1.23525901171718E-4
1.22386989441972E-4
1.2127257013239E-4
1.20181824826842E-4
1.1911397195288E-4
1.18068264706076E-4
1.17043989114236E-4
1.16040462230537E-4
1.15057030445644E-4
1.14093067909703E-4
1.13147975055916E-4
1.12221177218097E-4
1.11312123335285E-4
1.10420284737019E-4
1.09545154003475E-4
1.08686243895086E-4
1.07843086346727E-4
1.07015231521953E-4
1.06202246923117E-4
1.05403716553527E-4
1.04619240128123E-4
1.03848432329384E-4
1.03090922105481E-4
1.02346352007861E-4
1.01614377565715E-4
1.0089466669491E-4
1.00186899139208E-4
9.9490765941707E-5
9.8805968944599E-5
9.8132220315488E-5
9.7469242098633E-5
9.6816765789576E-5
9.6174531931745E-5
9.5542289733722E-5
9.4919796705918E-5
9.4306818315544E-5
9.370312765877E-5
9.3108505149112E-5
9.2522738221076E-5
9.1945621048222E-5
9.1376954274807E-5
9.081654476026E-5
9.0264205335769E-5
8.9719754572316E-5
8.9183016559522E-5
8.8653820694732E-5
8.8132001481773E-5
8.761739833888E-5
8.7109855415293E-5
8.6609221416079E-5
8.611534943474E-5
8.5628096793213E-5
8.5147324888875E-5
8.4672899048199E-5
8.4204688386722E-5
8.3742565675012E-5
8.3286407210327E-5
8.2836092693694E-5
8.2391505112135E-5
8.1952530625783E-5
8.1519058459672E-5
8.1090980799951E-5
8.0668192694326E-5
8.0250591956523E-5
7.9838079074595E-5
7.9430557122863E-5
7.9027931677365E-5
7.8630110734614E-5
7.8237004633532E-5
7.7848525980411E-5
7.7464589576764E-5
7.7085112349941E-5
7.6710013286372E-5
7.6339213367344E-5
7.5972635507175E-5
7.56102044937E-5
7.5251846930959E-5
7.4897491183993E-5
7.4547067325656E-5
7.4200507085366E-5
7.38577437997E-5
7.3518712364761E-5
7.3183349190252E-5
7.2851592155163E-5
7.2523380565034E-5
7.2198655110699E-5
7.1877357828481E-5
7.1559432061748E-5
7.1244822423804E-5
7.0933474762039E-5
7.0625336123296E-5
7.0320354720418E-5
7.0018479899909E-5
6.9719662110673E-5
6.94238528738E-5
6.9131004753338E-5
6.8841071328033E-5
6.8554007163982E-5
6.8269767788182E-5
6.7988309662928E-5
6.7709590161027E-5
6.7433567541813E-5
6.7160200927916E-5
6.6889450282763E-5
6.6621276388791E-5
6.6355640826334E-5
6.6092505953166E-5
6.5831834884679E-5
6.5573591474669E-5
6.5317740296702E-5
6.5064246626056E-5
6.4813076422202E-5
6.4564196311815E-5
6.431757357229E-5
6.4073176115752E-5
6.3830972473538E-5
6.3590931781132E-5
6.335302376355E-5
6.3117218721139E-5
6.2883487515802E-5
6.2651801557608E-5
6.2422132791795E-5
6.2194453686136E-5
6.1968737218676E-5
6.1744956865803E-5
6.1523086590662E-5
6.1303100831895E-5
6.108497449269E-5
6.0868682930135E-5
6.065420194487E-5
6.0441507771016E-5
6.0230577066386E-5
6.0021386902963E-5
5.9813914757626E-5
5.9608138503138E-5
5.9404036399371E-5
5.9201587084762E-5
5.9000769568001E-5
5.880156321994E-5
5.8603947765706E-5
5.8407903277035E-5
5.8213410164791E-5
5.8020449171694E-5
5.7829001365224E-5
5.7639048130713E-5
5.7450571164615E-5
5.7263552467948E-5
5.70779743399E-5
5.6893819371594E-5
5.6711070440022E-5
5.6529710702116E-5
5.6349723588979E-5
5.617109280025E-5
5.5993802298619E-5
5.5817836304467E-5
5.5643179290641E-5
5.5469815977363E-5
5.5297731327254E-5
5.5126910540478E-5
5.4957339050016E-5
5.478900251704E-5
5.4621886826401E-5
5.4455978082229E-5
5.4291262603634E-5
5.4127726920506E-5
5.3965357769423E-5
5.3804142089642E-5
5.3644067019196E-5
5.3485119891074E-5
5.3327288229492E-5
5.3170559746248E-5
5.3014922337165E-5
5.2860364078613E-5
5.2706873224107E-5
5.2554438200988E-5
5.2403047607175E-5
5.2252690207995E-5
5.2103354933077E-5
5.1955030873317E-5
5.180770727792E-5
5.1661373551494E-5
5.1516019251217E-5
5.1371634084063E-5
5.1228207904091E-5
5.1085730709791E-5
5.0944192641486E-5
5.0803583978798E-5
5.066389513816E-5
5.0525116670386E-5
5.0387239258293E-5
5.025025371437E-5
5.0114150978504E-5
4.9978922115748E-5
4.9844558314135E-5
4.9711050882546E-5
4.9578391248614E-5
4.9446570956676E-5
4.9315581665767E-5
4.9185415147657E-5
4.9056063284927E-5
4.8927518069081E-5
4.8799771598706E-5
4.867281607766E-5
4.8546643813303E-5
4.8421247214761E-5
4.8296618791227E-5
4.8172751150295E-5
4.8049636996325E-5
4.7927269128849E-5
4.7805640440998E-5
4.7684743917969E-5
4.7564572635516E-5
4.7445119758476E-5
4.7326378539322E-5
4.7208342316739E-5
4.7091004514241E-5
4.69743586388E-5
4.6858398279511E-5
4.6743117106281E-5
4.662850886854E-5
4.6514567393981E-5
4.6401286587324E-5
4.6288660429098E-5
4.6176682974452E-5
4.6065348351988E-5
4.5954650762612E-5
4.5844584478411E-5
4.5735143841551E-5
4.5626323263189E-5
4.5518117222418E-5
4.5410520265215E-5
4.5303527003425E-5
4.5197132113751E-5
4.5091330336772E-5
4.4986116475971E-5
4.4881485396788E-5
4.4777432025684E-5
4.4673951349225E-5
4.4571038413187E-5
4.4468688321667E-5
4.4366896236216E-5
4.4265657374994E-5
4.4164967011924E-5
4.4064820475878E-5
4.3965213149864E-5
4.3866140470238E-5
4.3767597925922E-5
4.3669581057643E-5
4.3572085457176E-5
4.3475106766609E-5
4.3378640677618E-5
4.3282682930753E-5
4.3187229314736E-5
4.3092275665776E-5
4.299781786689E-5
4.2903851847238E-5
4.2810373581472E-5
4.2717379089089E-5
4.2624864433807E-5
4.2532825722937E-5
4.2441259106776E-5
4.2350160778009E-5
4.2259526971115E-5
4.2169353961791E-5
4.2079638066382E-5
4.1990375641316E-5
4.1901563082558E-5
4.1813196825066E-5
4.1725273342256E-5
4.1637789145479E-5
4.1550740783508E-5
4.1464124842027E-5
4.1377937943133E-5
4.1292176744847E-5
4.120683794063E-5
4.1121918258906E-5
4.1037414462599E-5
4.0953323348671E-5
4.0869641747668E-5
4.0786366523279E-5
4.0703494571894E-5
4.0621022822174E-5
4.053894823463E-5
4.0457267801203E-5
4.0375978544852E-5
4.0295077519152E-5
4.0214561807895E-5
4.0134428524699E-5
4.0054674812624E-5
3.9975297843787E-5
3.9896294818995E-5
3.9817662967372E-5
3.9739399546E-5
3.9661501839562E-5
3.958396715999E-5
3.9506792846119E-5
3.9429976263349E-5
3.9353514803307E-5
3.927740588352E-5
3.9201646947087E-5
3.9126235462359E-5
3.9051168922627E-5
3.8976444845809E-5
3.8902060774144E-5
3.882801427389E-5
3.875430293503E-5
3.868092437098E-5
3.8607876218295E-5
3.8535156136393E-5
3.8462761807271E-5
3.839069093523E-5
3.8318941246604E-5
3.8247510489495E-5
3.8176396433506E-5
3.8105596869484E-5
3.8035109609262E-5
3.796493248541E-5
3.7895063350982E-5
3.7825500079279E-5
3.7756240563596E-5
3.7687282716997E-5
3.7618624472071E-5
3.7550263780706E-5
3.7482198613859E-5
3.7414426961333E-5
3.7346946831555E-5
3.7279756251358E-5
3.7212853265764E-5
3.7146235937777E-5
3.7079902348168E-5
3.7013850595273E-5
3.694807879479E-5
3.6882585079572E-5
3.681736759944E-5
3.675242452098E-5
3.6687754027353E-5
3.6623354318108E-5
3.6559223608992E-5
3.6495360131766E-5
3.6431762134026E-5
3.6368427879021E-5
3.6305355645477E-5
3.6242543727423E-5
3.6179990434018E-5
3.6117694089382E-5
3.6055653032431E-5
3.5993865616706E-5
3.5932330210215E-5
3.5871045195271E-5
3.5810008968334E-5
3.5749219939852E-5
3.5688676534111E-5
3.5628377189079E-5
3.5568320356256E-5
3.5508504500529E-5
3.5448928100021E-5
3.5389589645952E-5
3.5330487642491E-5
3.5271620606618E-5
3.5212987067989E-5
3.5154585568791E-5
3.5096414663613E-5
3.5038472919311E-5
3.4980758914876E-5
3.4923271241305E-5
3.486600850147E-5
3.4808969309995E-5
3.4752152293129E-5
3.4695556088622E-5
3.4639179345607E-5
3.4583020724474E-5
3.4527078896756E-5
3.4471352545009E-5
3.4415840362698E-5
3.4360541054084E-5
3.4305453334106E-5
3.4250575928275E-5
3.4195907572561E-5
3.4141447013288E-5
3.4087193007022E-5
3.4033144320468E-5
3.3979299730365E-5
3.3925658023383E-5
3.387221799602E-5
3.3818978454502E-5
3.3765938214685E-5
3.3713096101953E-5
3.3660450951125E-5
3.3608001606356E-5
3.3555746921047E-5
3.3503685757744E-5
3.3451816988054E-5
3.3400139492547E-5
3.334865216067E-5
3.3297353890655E-5
3.3246243589437E-5
3.3195320172558E-5
3.3144582564088E-5
3.309402969654E-5
3.3043660510782E-5
3.2993473955957E-5
3.2943468989403E-5
3.2893644576568E-5
3.2843999690933E-5
3.2794533313935E-5
3.2745244434881E-5
3.2696132050882E-5
3.2647195166768E-5
3.2598432795018E-5
3.2549843955682E-5
3.2501427676312E-5
3.2453182991885E-5
3.2405108944733E-5
3.2357204584472E-5
3.2309468967933E-5
3.2261901159091E-5
3.2214500228998E-5
3.2167265255714E-5
3.2120195324242E-5
3.2073289526458E-5
3.2026546961051E-5
3.1979966733453E-5
3.1933547955782E-5
3.188728974677E-5
3.1841191231707E-5
3.1795251542379E-5
3.1749469817005E-5
3.1703845200175E-5
3.1658376842795E-5
3.1613063902025E-5
3.1567905541221E-5
3.1522900929878E-5
3.1478049243573E-5
3.1433349663908E-5
3.1388801378455E-5
3.1344403580701E-5
3.1300155469992E-5
3.1256056251482E-5
3.1212105136076E-5
3.116830134038E-5
3.112464408665E-5
3.1081132602737E-5
3.1037766122037E-5
3.0994543883444E-5
3.0951465131295E-5
3.0908529115324E-5
3.0865735090614E-5
3.0823082317544E-5
3.0780570061749E-5
3.0738197594064E-5
3.0695964190484E-5
3.0653869132116E-5
3.0611911705132E-5
3.0570091200725E-5
3.0528406915064E-5
3.0486858149249E-5
3.0445444209271E-5
3.0404164405963E-5
3.0363018054961E-5
3.0322004476661E-5
3.0281122996176E-5
3.0240372943298E-5
3.019975365245E-5
3.0159264462656E-5
3.0118904717488E-5
3.0078673765038E-5
3.0038570957871E-5
2.9998595652991E-5
2.9958747211799E-5
2.9919025000057E-5
2.9879428387849E-5
2.9839956749544E-5
2.9800609463761E-5
2.976138591333E-5
2.9722285485256E-5
2.9683307570687E-5
2.9644451564872E-5
2.9605716867133E-5
2.9567102880824E-5
2.9528609013303E-5
2.9490234675892E-5
2.9451979283848E-5
2.9413842256327E-5
2.9375823016352E-5
2.9337920990782E-5
2.9300135610277E-5
2.9262466309267E-5
2.922491252592E-5
2.9187473702115E-5
2.9150149283404E-5
2.9112938718985E-5
2.9075841461673E-5
2.9038856967869E-5
2.9001984697527E-5
2.8965224114131E-5
2.8928574684658E-5
2.8892035879556E-5
2.8855607172713E-5
2.8819288041428E-5
2.8783077966382E-5
2.8746976431614E-5
2.871098292449E-5
2.8675096935678E-5
2.8639317959119E-5
2.8603645492004E-5
2.8568079034742E-5
2.853261809094E-5
2.8497262167373E-5
2.846201077396E-5
2.8426863423738E-5
2.8391819632838E-5
2.8356878920459E-5
2.8322040808842E-5
2.828730482325E-5
2.825267049194E-5
2.821813734614E-5
2.8183704920027E-5
2.81493727507E-5
2.811514037816E-5
2.8081007345287E-5
2.8046973197815E-5
2.801303748431E-5
2.7979199756149E-5
2.7945459567497E-5
2.7911816475285E-5
2.7878270039189E-5
2.7844819821606E-5
2.7811465387637E-5
2.7778206305062E-5
2.7745042144322E-5
2.7711972478495E-5
2.7678996883278E-5
2.7646114936967E-5
2.7613326220436E-5
2.7580630317114E-5
2.7548026812971E-5
2.7515515296496E-5
2.7483095358675E-5
2.7450766592976E-5
2.7418528595327E-5
2.7386380964097E-5
2.7354323300082E-5
2.7322355206479E-5
2.7290476288874E-5
2.7258686155221E-5
2.7226984415823E-5
2.7195370683318E-5
2.7163844572657E-5
2.713240570109E-5
2.7101053688146E-5
2.7069788155616E-5
2.7038608727539E-5
2.7007515030182E-5
2.6976506692023E-5
2.6945583343739E-5
2.6914744618182E-5
2.688399015037E-5
2.6853319577467E-5
2.6822732538767E-5
2.6792228675681E-5
2.6761807631717E-5
2.6731469052468E-5
2.6701212585596E-5
2.6671037880815E-5
2.6640944589877E-5
2.6610932366557E-5
2.6581000866639E-5
2.6551149747899E-5
2.6521378670092E-5
2.6491687294938E-5
2.6462075286105E-5
2.64325423092E-5
2.6403088031749E-5
2.6373712123184E-5
2.6344414254836E-5
2.631519409991E-5
2.6286051333482E-5
2.6256985632477E-5
2.6227996675664E-5
2.6199084143634E-5
2.6170247718793E-5
2.6141487085347E-5
2.611280192929E-5
2.6084191938389E-5
2.6055656802172E-5
2.6027196211919E-5
2.5998809860643E-5
2.5970497443084E-5
2.5942258655694E-5
2.5914093196622E-5
2.5886000765708E-5
2.5857981064466E-5
2.5830033796074E-5
2.5802158665364E-5
2.5774355378807E-5
2.5746623644502E-5
2.5718963172169E-5
2.5691373673132E-5
2.5663854860309E-5
2.5636406448205E-5
2.5609028152895E-5
2.5581719692018E-5
2.5554480784761E-5
2.5527311151855E-5
2.5500210515557E-5
2.5473178599646E-5
2.5446215129406E-5
2.5419319831621E-5
2.5392492434564E-5
2.5365732667982E-5
2.5339040263091E-5
2.5312414952565E-5
2.5285856470523E-5
2.5259364552523E-5
2.523293893555E-5
2.5206579358004E-5
2.5180285559697E-5
2.5154057281838E-5
2.5127894267022E-5
2.5101796259228E-5
2.50757630038E-5
2.5049794247448E-5
2.502388973823E-5
2.4998049225547E-5
2.4972272460134E-5
2.494655919405E-5
2.4920909180669E-5
2.4895322174673E-5
2.4869797932041E-5
2.4844336210041E-5
2.4818936767222E-5
2.4793599363405E-5
2.4768323759673E-5
2.4743109718367E-5
2.4717957003072E-5
2.4692865378613E-5
2.4667834611045E-5
2.4642864467645E-5
2.4617954716904E-5
2.4593105128519E-5
2.4568315473385E-5
2.4543585523587E-5
2.4518915052394E-5
2.4494303834246E-5
2.4469751644754E-5
2.4445258260685E-5
2.442082345996E-5
2.4396447021643E-5
2.4372128725933E-5
2.4347868354162E-5
2.4323665688781E-5
2.4299520513357E-5
2.4275432612564E-5
2.4251401772176E-5
2.4227427779059E-5
2.4203510421169E-5
2.4179649487535E-5
2.4155844768265E-5
2.4132096054526E-5
2.4108403138547E-5
2.4084765813608E-5
2.4061183874033E-5
2.4037657115184E-5
2.4014185333455E-5
2.3990768326266E-5
2.3967405892053E-5
2.3944097830266E-5
2.392084394136E-5
2.3897644026788E-5
2.3874497888997E-5
2.3851405331419E-5
2.3828366158468E-5
2.3805380175532E-5
2.3782447188965E-5
2.3759567006084E-5
2.3736739435162E-5
2.3713964285422E-5
2.369124136703E-5
2.366857049109E-5
2.3645951469638E-5
2.3623384115637E-5
2.360086824297E-5
2.3578403666433E-5
2.3555990201734E-5
2.3533627665482E-5
2.3511315875186E-5
2.3489054649244E-5
2.3466843806943E-5
2.3444683168451E-5
2.3422572554812E-5
2.3400511787938E-5
2.3378500690608E-5
2.3356539086461E-5
2.333462679999E-5
2.3312763656536E-5
2.3290949482284E-5
2.326918410426E-5
2.3247467350322E-5
2.3225799049156E-5
2.3204179030272E-5
2.3182607123999E-5
2.316108316148E-5
2.3139606974665E-5
2.3118178396308E-5
2.3096797259964E-5
2.3075463399978E-5
2.3054176651489E-5
2.3032936850416E-5
2.301174383346E-5
2.2990597438096E-5
2.2969497502571E-5
2.2948443865897E-5
2.2927436367846E-5
2.2906474848947E-5
2.2885559150482E-5
2.286468911448E-5
2.2843864583713E-5
2.2823085401692E-5
2.2802351412662E-5
2.2781662461598E-5
2.27610183942E-5
2.274041905689E-5
2.2719864296808E-5
2.2699353961804E-5
2.267888790044E-5
2.2658465961979E-5
2.2638087996388E-5
2.2617753854326E-5
2.2597463387147E-5
2.2577216446892E-5
2.2557012886286E-5
2.2536852558734E-5
2.2516735318316E-5
2.2496661019787E-5
2.2476629518566E-5
2.2456640670739E-5
2.2436694333052E-5
2.2416790362906E-5
2.2396928618357E-5
2.2377108958109E-5
2.2357331241509E-5
2.2337595328549E-5
2.2317901079857E-5
2.2298248356694E-5
2.2278637020953E-5
2.2259066935154E-5
2.2239537962438E-5
2.2220049966568E-5
2.2200602811922E-5
2.218119636349E-5
2.2161830486872E-5
2.2142505048273E-5
2.2123219914501E-5
2.210397495296E-5
2.2084770031652E-5
2.206560501917E-5
2.2046479784695E-5
2.2027394197995E-5
2.2008348129416E-5
2.1989341449887E-5
2.1970374030908E-5
2.1951445744556E-5
2.1932556463472E-5
2.1913706060865E-5
2.1894894410506E-5
2.1876121386727E-5
2.1857386864412E-5
2.1838690719002E-5
2.1820032826485E-5
2.1801413063399E-5
2.1782831306823E-5
2.1764287434378E-5
2.1745781324223E-5
2.172731285505E-5
2.1708881906085E-5
2.1690488357082E-5
2.167213208832E-5
2.1653812980602E-5
2.163553091525E-5
2.1617285774106E-5
2.1599077439522E-5
2.1580905794366E-5
2.1562770722012E-5
2.154467210634E-5
2.1526609831733E-5
2.1508583783077E-5
2.1490593845752E-5
2.1472639905635E-5
2.1454721849095E-5
2.143683956299E-5
2.1418992934665E-5
2.1401181851949E-5
2.1383406203154E-5
2.1365665877069E-5
2.1347960762959E-5
2.1330290750565E-5
2.1312655730098E-5
2.1295055592238E-5
2.1277490228129E-5
2.1259959529382E-5
2.1242463388067E-5
2.1225001696712E-5
2.1207574348303E-5
2.1190181236279E-5
2.1172822254529E-5
2.1155497297393E-5
2.1138206259656E-5
2.1120949036546E-5
2.1103725523736E-5
2.1086535617334E-5
2.1069379213889E-5
2.1052256210381E-5
2.1035166504226E-5
2.1018109993267E-5
2.1001086575776E-5
2.0984096150451E-5
2.0967138616412E-5
2.09502138732E-5
2.0933321820776E-5
2.0916462359517E-5
2.0899635390213E-5
2.0882840814068E-5
2.0866078532696E-5
2.0849348448117E-5
2.0832650462758E-5
2.0815984479449E-5
2.0799350401423E-5
2.0782748132311E-5
2.076617757614E-5
2.0749638637335E-5
2.0733131220713E-5
2.0716655231481E-5
2.0700210575235E-5
2.0683797157961E-5
2.0667414886027E-5
2.0651063666184E-5
2.0634743405567E-5
2.0618454011686E-5
2.0602195392431E-5
2.0585967456067E-5
2.056977011123E-5
2.055360326693E-5
2.0537466832544E-5
2.0521360717819E-5
2.0505284832866E-5
2.0489239088159E-5
2.0473223394535E-5
2.0457237663192E-5
2.0441281805685E-5
2.0425355733924E-5
2.0409459360176E-5
2.0393592597059E-5
2.0377755357543E-5
2.0361947554946E-5
2.0346169102934E-5
2.0330419915519E-5
2.0314699907056E-5
2.0299008992243E-5
2.0283347086117E-5
2.0267714104056E-5
2.0252109961772E-5
2.0236534575315E-5
2.0220987861066E-5
2.020546973574E-5
2.0189980116381E-5
2.0174518920361E-5
2.0159086065381E-5
2.0143681469466E-5
2.0128305050965E-5
2.0112956728547E-5
2.0097636421204E-5
2.0082344048246E-5
2.00670795293E-5
2.0051842784309E-5
2.003663373353E-5
2.0021452297531E-5
2.0006298397194E-5
1.9991171953707E-5
1.9976072888569E-5
1.9961001123583E-5
1.9945956580857E-5
1.9930939182806E-5
1.9915948852141E-5
1.9900985511877E-5
1.9886049085328E-5
1.9871139496104E-5
1.9856256668111E-5
1.9841400525551E-5
1.9826570992918E-5
1.9811767994997E-5
1.9796991456864E-5
1.9782241303884E-5
1.9767517461709E-5
1.9752819856276E-5
1.9738148413809E-5
1.9723503060812E-5
1.9708883724075E-5
1.9694290330663E-5
1.9679722807925E-5
1.9665181083485E-5
1.9650665085244E-5
1.9636174741378E-5
1.9621709980337E-5
1.9607270730844E-5
1.9592856921892E-5
1.9578468482744E-5
1.9564105342931E-5
1.9549767432252E-5
1.9535454680772E-5
1.952116701882E-5
1.9506904376989E-5
1.9492666686133E-5
1.9478453877368E-5
1.946426588207E-5
1.9450102631871E-5
1.9435964058662E-5
1.942185009459E-5
1.9407760672056E-5
1.9393695723715E-5
1.9379655182473E-5
1.936563898149E-5
1.9351647054171E-5
1.9337679334175E-5
1.9323735755405E-5
1.9309816252012E-5
1.9295920758391E-5
1.9282049209182E-5
1.9268201539268E-5
1.9254377683772E-5
1.924057757806E-5
1.9226801157737E-5
1.9213048358644E-5
1.9199319116861E-5
1.9185613368705E-5
1.9171931050727E-5
1.9158272099712E-5
1.9144636452678E-5
1.9131024046873E-5
1.9117434819779E-5
1.9103868709105E-5
1.9090325652789E-5
1.9076805588997E-5
1.9063308456121E-5
1.9049834192778E-5
1.9036382737812E-5
1.9022954030285E-5
1.9009548009486E-5
1.8996164614924E-5
1.8982803786326E-5
1.8969465463641E-5
1.8956149587034E-5
1.8942856096889E-5
1.8929584933805E-5
1.8916336038596E-5
1.8903109352292E-5
1.8889904816133E-5
1.8876722371574E-5
1.886356196028E-5
1.8850423524127E-5
1.88373070052E-5
1.8824212345791E-5
1.8811139488402E-5
1.879808837574E-5
1.8785058950717E-5
1.8772051156451E-5
1.8759064936262E-5
1.8746100233675E-5
1.8733156992414E-5
1.8720235156407E-5
1.8707334669779E-5
1.8694455476856E-5
1.8681597522162E-5
1.8668760750419E-5
1.8655945106542E-5
1.8643150535646E-5
1.8630376983038E-5
1.861762439422E-5
1.8604892714886E-5
1.8592181890922E-5
1.8579491868405E-5
1.8566822593605E-5
1.8554174012978E-5
1.854154607317E-5
1.8528938721015E-5
1.8516351903534E-5
1.8503785567934E-5
1.8491239661607E-5
1.8478714132129E-5
1.8466208927262E-5
1.8453723994947E-5
1.8441259283311E-5
1.8428814740659E-5
1.8416390315479E-5
1.8403985956437E-5
1.8391601612378E-5
1.8379237232325E-5
1.836689276548E-5
1.8354568161218E-5
1.8342263369093E-5
1.8329978338833E-5
1.8317713020338E-5
1.8305467363685E-5
1.8293241319121E-5
1.8281034837066E-5
1.826884786811E-5
1.8256680363015E-5
1.8244532272711E-5
1.8232403548299E-5
1.8220294141046E-5
1.8208204002386E-5
1.8196133083924E-5
1.8184081337425E-5
1.8172048714824E-5
1.8160035168217E-5
1.8148040649867E-5
1.8136065112197E-5
1.8124108507796E-5
1.8112170789411E-5
1.8100251909953E-5
1.8088351822491E-5
1.8076470480255E-5
1.8064607836634E-5
1.8052763845173E-5
1.8040938459578E-5
1.802913163371E-5
1.8017343321586E-5
1.8005573477379E-5
1.7993822055417E-5
1.7982089010182E-5
1.7970374296309E-5
1.7958677868587E-5
1.7946999681957E-5
1.793533969151E-5
1.7923697852491E-5
1.7912074120292E-5
1.7900468450458E-5
1.7888880798679E-5
1.7877311120797E-5
1.78657593728E-5
1.7854225510824E-5
1.7842709491151E-5
1.7831211270208E-5
1.7819730804569E-5
1.7808268050951E-5
1.7796822966217E-5
1.7785395507372E-5
1.7773985631564E-5
1.7762593296084E-5
1.7751218458363E-5
1.7739861075976E-5
1.7728521106634E-5
1.7717198508192E-5
1.7705893238643E-5
1.7694605256118E-5
1.7683334518887E-5
1.7672080985356E-5
1.766084461407E-5
1.7649625363709E-5
1.7638423193089E-5
1.7627238061163E-5
1.7616069927015E-5
1.7604918749867E-5
1.7593784489073E-5
1.7582667104119E-5
1.7571566554624E-5
1.7560482800342E-5
1.7549415801152E-5
1.7538365517071E-5
1.752733190824E-5
1.7516314934935E-5
1.7505314557558E-5
1.749433073664E-5
1.7483363432841E-5
1.7472412606948E-5
1.7461478219877E-5
1.7450560232667E-5
1.7439658606486E-5
1.7428773302626E-5
1.7417904282506E-5
1.7407051507668E-5
1.7396214939777E-5
1.7385394540623E-5
1.737459027212E-5
1.7363802096301E-5
1.7353029975326E-5
1.7342273871471E-5
1.7331533747137E-5
1.7320809564845E-5
1.7310101287234E-5
1.7299408877064E-5
1.7288732297215E-5
1.7278071510683E-5
1.7267426480585E-5
1.7256797170153E-5
1.7246183542737E-5
1.7235585561805E-5
1.7225003190941E-5
1.7214436393842E-5
1.7203885134323E-5
1.7193349376312E-5
1.7182829083855E-5
1.7172324221107E-5
1.7161834752339E-5
1.7151360641935E-5
1.714090185439E-5
1.7130458354314E-5
1.7120030106426E-5
1.7109617075556E-5
1.7099219226647E-5
1.7088836524751E-5
1.7078468935029E-5
1.7068116422753E-5
1.7057778953302E-5
1.7047456492167E-5
1.7037149004943E-5
1.7026856457335E-5
1.7016578815155E-5
1.7006316044321E-5
1.6996068110859E-5
1.69858349809E-5
1.697561662068E-5
1.6965412996541E-5
1.695522407493E-5
1.6945049822397E-5
1.6934890205596E-5
1.6924745191288E-5
1.6914614746331E-5
1.6904498837692E-5
1.6894397432435E-5
1.6884310497729E-5
1.6874238000844E-5
1.686417990915E-5
1.6854136190119E-5
1.6844106811323E-5
1.6834091740433E-5
1.6824090945221E-5
1.6814104393556E-5
1.6804132053408E-5
1.6794173892844E-5
1.678422988003E-5
1.6774299983228E-5
1.6764384170799E-5
1.67544824112E-5
1.6744594672984E-5
1.6734720924801E-5
1.6724861135395E-5
1.6715015273609E-5
1.6705183308376E-5
1.6695365208729E-5
1.668556094379E-5
1.6675770482779E-5
1.6665993795007E-5
1.6656230849879E-5
1.6646481616893E-5
1.663674606564E-5
1.6627024165801E-5
1.6617315887152E-5
1.6607621199557E-5
1.6597940072972E-5
1.6588272477447E-5
1.6578618383116E-5
1.6568977760209E-5
1.6559350579043E-5
1.6549736810023E-5
1.6540136423647E-5
1.6530549390496E-5
1.6520975681245E-5
1.6511415266654E-5
1.6501868117569E-5
1.6492334204928E-5
1.6482813499751E-5
1.6473305973148E-5
1.6463811596315E-5
1.6454330340531E-5
1.6444862177165E-5
1.6435407077667E-5
1.6425965013576E-5
1.6416535956513E-5
1.6407119878184E-5
1.639771675038E-5
1.6388326544974E-5
1.6378949233924E-5
1.636958478927E-5
1.6360233183135E-5
1.6350894387726E-5
1.634156837533E-5
1.6332255118317E-5
1.6322954589138E-5
1.6313666760326E-5
1.6304391604494E-5
1.6295129094337E-5
1.6285879202628E-5
1.6276641902224E-5
1.6267417166057E-5
1.6258204967141E-5
1.6249005278571E-5
1.6239818073516E-5
1.6230643325228E-5
1.6221481007035E-5
1.6212331092344E-5
1.620319355464E-5
1.6194068367482E-5
1.6184955504512E-5
1.6175854939443E-5
1.6166766646069E-5
1.6157690598258E-5
1.6148626769954E-5
1.6139575135178E-5
1.6130535668025E-5
1.6121508342665E-5
1.6112493133345E-5
1.6103490014385E-5
1.6094498960179E-5
1.6085519945196E-5
1.6076552943979E-5
1.6067597931142E-5
1.6058654881376E-5
1.6049723769442E-5
1.6040804570175E-5
1.6031897258483E-5
1.6023001809345E-5
1.6014118197813E-5
1.6005246399009E-5
1.5996386388128E-5
1.5987538140435E-5
1.5978701631268E-5
1.5969876836032E-5
1.5961063730206E-5
1.5952262289336E-5
1.5943472489041E-5
1.5934694305008E-5
1.5925927712992E-5
1.5917172688819E-5
1.5908429208384E-5
1.5899697247649E-5
1.5890976782645E-5
1.5882267789472E-5
1.5873570244298E-5
1.5864884123356E-5
1.5856209402949E-5
1.5847546059447E-5
1.5838894069286E-5
1.5830253408968E-5
1.5821624055063E-5
1.5813005984206E-5
1.5804399173099E-5
1.5795803598508E-5
1.5787219237267E-5
1.5778646066274E-5
1.577008406249E-5
1.5761533202944E-5
1.5752993464727E-5
1.5744464824997E-5
1.5735947260973E-5
1.5727440749941E-5
1.5718945269247E-5
1.5710460796303E-5
1.5701987308585E-5
1.5693524783628E-5
1.5685073199035E-5
1.5676632532466E-5
1.5668202761649E-5
1.5659783864368E-5
1.5651375818474E-5
1.5642978601877E-5
1.5634592192549E-5
1.5626216568523E-5
1.5617851707893E-5
1.5609497588814E-5
1.5601154189502E-5
1.5592821488232E-5
1.5584499463341E-5
1.5576188093223E-5
1.5567887356336E-5
1.5559597231193E-5
1.5551317696369E-5
1.5543048730498E-5
1.5534790312271E-5
1.5526542420441E-5
1.5518305033815E-5
1.5510078131262E-5
1.5501861691707E-5
1.5493655694134E-5
1.5485460117585E-5
1.5477274941158E-5
1.5469100144009E-5
1.5460935705351E-5
1.5452781604453E-5
1.5444637820643E-5
1.5436504333303E-5
1.5428381121872E-5
1.5420268165847E-5
1.5412165444777E-5
1.540407293827E-5
1.5395990625989E-5
1.5387918487651E-5
1.5379856503028E-5
1.5371804651949E-5
1.5363762914296E-5
1.5355731270006E-5
1.534770969907E-5
1.5339698181534E-5
1.5331696697498E-5
1.5323705227114E-5
1.5315723750589E-5
1.5307752248185E-5
1.5299790700214E-5
1.5291839087043E-5
1.5283897389093E-5
1.5275965586834E-5
1.5268043660792E-5
1.5260131591544E-5
1.525222935972E-5
1.5244336946001E-5
1.5236454331119E-5
1.522858149586E-5
1.5220718421059E-5
1.5212865087605E-5
1.5205021476435E-5
1.5197187568541E-5
1.5189363344961E-5
1.5181548786787E-5
1.517374387516E-5
1.5165948591272E-5
1.5158162916364E-5
1.5150386831728E-5
1.5142620318706E-5
1.5134863358688E-5
1.5127115933115E-5
1.5119378023477E-5
1.5111649611311E-5
1.5103930678206E-5
1.5096221205799E-5
1.5088521175773E-5
1.5080830569862E-5
1.5073149369849E-5
1.5065477557562E-5
1.505781511488E-5
1.5050162023728E-5
1.5042518266078E-5
1.5034883823953E-5
1.5027258679418E-5
1.501964281459E-5
1.5012036211631E-5
1.5004438852749E-5
1.4996850720199E-5
1.4989271796285E-5
1.4981702063353E-5
1.4974141503799E-5
1.4966590100064E-5
1.4959047834633E-5
1.495151469004E-5
1.4943990648862E-5
1.4936475693723E-5
1.4928969807291E-5
1.492147297228E-5
1.4913985171449E-5
1.4906506387602E-5
1.4899036603587E-5
1.4891575802297E-5
1.488412396667E-5
1.4876681079686E-5
1.4869247124373E-5
1.4861822083799E-5
1.4854405941078E-5
1.4846998679367E-5
1.4839600281868E-5
1.4832210731825E-5
1.4824830012524E-5
1.4817458107297E-5
1.4810094999517E-5
1.4802740672601E-5
1.4795395110007E-5
1.4788058295237E-5
1.4780730211836E-5
1.4773410843389E-5
1.4766100173526E-5
1.4758798185917E-5
1.4751504864273E-5
1.474422019235E-5
1.4736944153943E-5
1.472967673289E-5
1.4722417913068E-5
1.4715167678397E-5
1.4707926012838E-5
1.4700692900394E-5
1.4693468325105E-5
1.4686252271057E-5
1.4679044722371E-5
1.4671845663213E-5
1.4664655077786E-5
1.4657472950336E-5
1.4650299265146E-5
1.4643134006542E-5
1.4635977158887E-5
1.4628828706584E-5
1.4621688634079E-5
1.4614556925852E-5
1.4607433566426E-5
1.4600318540362E-5
1.459321183226E-5
1.4586113426759E-5
1.4579023308537E-5
1.4571941462309E-5
1.4564867872832E-5
1.4557802524897E-5
1.4550745403336E-5
1.4543696493019E-5
1.4536655778853E-5
1.4529623245784E-5
1.4522598878795E-5
1.4515582662907E-5
1.4508574583178E-5
1.4501574624704E-5
1.4494582772618E-5
1.448759901209E-5
1.4480623328328E-5
1.4473655706576E-5
1.4466696132116E-5
1.4459744590264E-5
1.4452801066375E-5
1.4445865545841E-5
1.4438938014087E-5
1.4432018456579E-5
1.4425106858815E-5
1.4418203206331E-5
1.4411307484699E-5
1.4404419679525E-5
1.4397539776453E-5
1.4390667761161E-5
1.4383803619364E-5
1.4376947336811E-5
1.4370098899285E-5
1.4363258292608E-5
1.4356425502633E-5
1.4349600515251E-5
1.4342783316385E-5
1.4335973891995E-5
1.4329172228074E-5
1.4322378310651E-5
1.4315592125788E-5
1.4308813659581E-5
1.4302042898162E-5
1.4295279827696E-5
1.4288524434381E-5
1.428177670445E-5
1.427503662417E-5
1.426830417984E-5
1.4261579357794E-5
1.42548621444E-5
1.4248152526056E-5
1.4241450489198E-5
1.423475602029E-5
1.4228069105834E-5
1.4221389732361E-5
1.4214717886437E-5
1.4208053554659E-5
1.4201396723658E-5
1.4194747380097E-5
1.4188105510672E-5
1.4181471102111E-5
1.4174844141172E-5
1.4168224614649E-5
1.4161612509365E-5
1.4155007812176E-5
1.414841050997E-5
1.4141820589667E-5
1.4135238038216E-5
1.4128662842602E-5
1.4122094989837E-5
1.4115534466967E-5
1.4108981261069E-5
1.410243535925E-5
1.4095896748648E-5
1.4089365416434E-5
1.4082841349808E-5
1.4076324536E-5
1.4069814962273E-5
1.4063312615919E-5
1.4056817484261E-5
1.4050329554652E-5
1.4043848814475E-5
1.4037375251145E-5
1.4030908852104E-5
1.4024449604828E-5
1.4017997496819E-5
1.4011552515611E-5
1.4005114648767E-5
1.399868388388E-5
1.3992260208573E-5
1.3985843610498E-5
1.3979434077336E-5
1.3973031596797E-5
1.3966636156621E-5
1.3960247744578E-5
1.3953866348465E-5
1.3947491956109E-5
1.3941124555366E-5
1.393476413412E-5
1.3928410680285E-5
1.3922064181802E-5
1.3915724626642E-5
1.3909392002803E-5
1.3903066298312E-5
1.3896747501225E-5
1.3890435599625E-5
1.3884130581624E-5
1.3877832435361E-5
1.3871541149003E-5
1.3865256710747E-5
1.3858979108814E-5
1.3852708331456E-5
1.3846444366951E-5
1.3840187203605E-5
1.383393682975E-5
1.3827693233748E-5
1.3821456403987E-5
1.381522632888E-5
1.3809002996872E-5
1.3802786396429E-5
1.3796576516049E-5
1.3790373344255E-5
1.3784176869595E-5
1.3777987080647E-5
1.3771803966014E-5
1.3765627514324E-5
1.3759457714235E-5
1.3753294554427E-5
1.3747138023611E-5
1.3740988110521E-5
1.3734844803917E-5
1.3728708092588E-5
1.3722577965345E-5
1.3716454411029E-5
1.3710337418505E-5
1.3704226976661E-5
1.3698123074416E-5
1.3692025700712E-5
1.3685934844514E-5
1.3679850494818E-5
1.367377264064E-5
1.3667701271025E-5
1.3661636375042E-5
1.3655577941784E-5
1.3649525960372E-5
1.3643480419948E-5
1.3637441309684E-5
1.3631408618771E-5
1.362538233643E-5
1.3619362451904E-5
1.3613348954461E-5
1.3607341833394E-5
1.3601341078021E-5
1.3595346677683E-5
1.3589358621746E-5
1.3583376899602E-5
1.3577401500664E-5
1.3571432414372E-5
1.3565469630189E-5
1.3559513137602E-5
1.3553562926121E-5
1.3547618985282E-5
1.3541681304644E-5
1.3535749873789E-5
1.3529824682322E-5
1.3523905719875E-5
1.3517992976099E-5
1.3512086440673E-5
1.3506186103295E-5
1.350029195369E-5
1.3494403981605E-5
1.3488522176809E-5
1.3482646529096E-5
1.3476777028281E-5
1.3470913664205E-5
1.3465056426729E-5
1.3459205305738E-5
1.3453360291141E-5
1.3447521372868E-5
1.3441688540872E-5
1.3435861785129E-5
1.3430041095638E-5
1.3424226462419E-5
1.3418417875517E-5
1.3412615324996E-5
1.3406818800946E-5
1.3401028293475E-5
1.3395243792717E-5
1.3389465288827E-5
1.3383692771981E-5
1.3377926232377E-5
1.3372165660236E-5
1.33664110458E-5
1.3360662379335E-5
1.3354919651124E-5
1.3349182851477E-5
1.3343451970723E-5
1.3337726999211E-5
1.3332007927315E-5
1.3326294745428E-5
1.3320587443965E-5
1.3314886013362E-5
1.3309190444078E-5
1.3303500726591E-5
1.32978168514E-5
1.3292138809027E-5
1.3286466590014E-5
1.3280800184923E-5
1.327513958434E-5
1.3269484778867E-5
1.3263835759131E-5
1.3258192515778E-5
1.3252555039475E-5
1.3246923320909E-5
1.3241297350788E-5
1.3235677119841E-5
1.3230062618816E-5
1.3224453838483E-5
1.3218850769631E-5
1.3213253403071E-5
1.3207661729632E-5
1.3202075740164E-5
1.3196495425538E-5
1.3190920776644E-5
1.3185351784392E-5
1.3179788439713E-5
1.3174230733557E-5
1.3168678656893E-5
1.3163132200711E-5
1.315759135602E-5
1.315205611385E-5
1.314652646525E-5
1.3141002401286E-5
1.3135483913047E-5
1.312997099164E-5
1.3124463628192E-5
1.3118961813847E-5
1.3113465539772E-5
1.310797479715E-5
1.3102489577185E-5
1.3097009871098E-5
1.3091535670133E-5
1.3086066965549E-5
1.3080603748626E-5
1.3075146010663E-5
1.3069693742976E-5
1.3064246936902E-5
1.3058805583795E-5
1.305336967503E-5
1.3047939201997E-5
1.3042514156109E-5
1.3037094528794E-5
1.30316803115E-5
1.3026271495694E-5
1.3020868072859E-5
1.30154700345E-5
1.3010077372136E-5
1.3004690077309E-5
1.2999308141575E-5
1.2993931556509E-5
1.2988560313708E-5
1.2983194404781E-5
1.2977833821359E-5
1.2972478555091E-5
1.2967128597641E-5
1.2961783940694E-5
1.295644457595E-5
1.295111049513E-5
1.2945781689969E-5
1.2940458152223E-5
1.2935139873663E-5
1.292982684608E-5
1.2924519061281E-5
1.291921651109E-5
1.2913919187349E-5
1.2908627081918E-5
1.2903340186674E-5
1.289805849351E-5
1.2892781994339E-5
1.2887510681088E-5
1.2882244545703E-5
1.2876983580147E-5
1.28717277764E-5
1.2866477126458E-5
1.2861231622335E-5
1.2855991256062E-5
1.2850756019686E-5
1.2845525905272E-5
1.28403009049E-5
1.2835081010668E-5
1.2829866214691E-5
1.2824656509101E-5
1.2819451886043E-5
1.2814252337684E-5
1.2809057856204E-5
1.2803868433799E-5
1.2798684062684E-5
1.2793504735089E-5
1.2788330443259E-5
1.2783161179458E-5
1.2777996935965E-5
1.2772837705073E-5
1.2767683479096E-5
1.276253425036E-5
1.2757390011208E-5
1.2752250754E-5
1.2747116471111E-5
1.2741987154933E-5
1.2736862797872E-5
1.2731743392353E-5
1.2726628930814E-5
1.272151940571E-5
1.2716414809511E-5
1.2711315134703E-5
1.2706220373788E-5
1.2701130519283E-5
1.2696045563722E-5
1.2690965499653E-5
1.268589031964E-5
1.2680820016262E-5
1.2675754582114E-5
1.2670694009807E-5
1.2665638291966E-5
1.2660587421231E-5
1.2655541390258E-5
1.265050019172E-5
1.2645463818302E-5
1.2640432262705E-5
1.2635405517647E-5
1.263038357586E-5
1.2625366430088E-5
1.2620354073096E-5
1.2615346497658E-5
1.2610343696566E-5
1.2605345662627E-5
1.2600352388662E-5
1.2595363867506E-5
1.259038009201E-5
1.258540105504E-5
1.2580426749475E-5
1.257545716821E-5
1.2570492304154E-5
1.2565532150231E-5
1.2560576699378E-5
1.2555625944549E-5
1.2550679878711E-5
1.2545738494845E-5
1.2540801785946E-5
1.2535869745026E-5
1.2530942365108E-5
1.2526019639232E-5
1.2521101560449E-5
1.2516188121827E-5
1.2511279316447E-5
1.2506375137405E-5
1.2501475577809E-5
1.2496580630784E-5
1.2491690289466E-5
1.2486804547006E-5
1.248192339657E-5
1.2477046831338E-5
1.2472174844501E-5
1.2467307429266E-5
1.2462444578855E-5
1.24575862865E-5
1.2452732545451E-5
1.2447883348969E-5
1.2443038690329E-5
1.2438198562819E-5
1.2433362959743E-5
1.2428531874415E-5
1.2423705300167E-5
1.2418883230339E-5
1.241406565829E-5
1.2409252577387E-5
1.2404443981015E-5
1.239963986257E-5
1.239484021546E-5
1.239004503311E-5
1.2385254308956E-5
1.2380468036446E-5
1.2375686209042E-5
1.2370908820222E-5
1.2366135863472E-5
1.2361367332296E-5
1.2356603220207E-5
1.2351843520733E-5
1.2347088227415E-5
1.2342337333807E-5
1.2337590833474E-5
1.2332848719997E-5
1.2328110986968E-5
1.232337762799E-5
1.2318648636683E-5
1.2313924006675E-5
1.2309203731612E-5
1.2304487805147E-5
1.229977622095E-5
1.2295068972701E-5
1.2290366054095E-5
1.2285667458836E-5
1.2280973180645E-5
1.2276283213251E-5
1.2271597550398E-5
1.2266916185843E-5
1.2262239113352E-5
1.2257566326708E-5
1.2252897819703E-5
1.2248233586141E-5
1.2243573619841E-5
1.2238917914633E-5
1.2234266464357E-5
1.2229619262869E-5
1.2224976304034E-5
1.222033758173E-5
1.2215703089848E-5
1.221107282229E-5
1.2206446772971E-5
1.2201824935817E-5
1.2197207304766E-5
1.2192593873768E-5
1.2187984636786E-5
1.2183379587793E-5
1.2178778720776E-5
1.2174182029732E-5
1.2169589508669E-5
1.216500115161E-5
1.2160416952588E-5
1.2155836905646E-5
1.2151261004841E-5
1.214668924424E-5
1.2142121617924E-5
1.2137558119983E-5
1.2132998744519E-5
1.2128443485647E-5
1.2123892337491E-5
1.211934529419E-5
1.2114802349891E-5
1.2110263498754E-5
1.210572873495E-5
1.2101198052662E-5
1.2096671446084E-5
1.209214890942E-5
1.2087630436887E-5
1.2083116022712E-5
1.2078605661134E-5
1.2074099346404E-5
1.2069597072782E-5
1.2065098834541E-5
1.2060604625963E-5
1.2056114441344E-5
1.2051628274988E-5
1.2047146121212E-5
1.2042667974344E-5
1.2038193828721E-5
1.2033723678694E-5
1.2029257518622E-5
1.2024795342876E-5
1.2020337145838E-5
1.2015882921901E-5
1.2011432665469E-5
1.2006986370956E-5
1.2002544032787E-5
1.1998105645397E-5
1.1993671203234E-5
1.1989240700754E-5
1.1984814132425E-5
1.1980391492726E-5
1.1975972776145E-5
1.1971557977182E-5
1.1967147090348E-5
1.1962740110162E-5
1.1958337031156E-5
1.1953937847871E-5
1.194954255486E-5
1.1945151146685E-5
1.1940763617918E-5
1.1936379963142E-5
1.1932000176952E-5
1.1927624253951E-5
1.1923252188753E-5
1.1918883975982E-5
1.1914519610273E-5
1.1910159086271E-5
1.190580239863E-5
1.1901449542016E-5
1.1897100511105E-5
1.189275530058E-5
1.1888413905138E-5
1.1884076319485E-5
1.1879742538336E-5
1.1875412556416E-5
1.1871086368462E-5
1.1866763969218E-5
1.186244535344E-5
1.1858130515893E-5
1.1853819451354E-5
1.1849512154606E-5
1.1845208620445E-5
1.1840908843677E-5
1.1836612819114E-5
1.1832320541583E-5
1.1828032005917E-5
1.1823747206959E-5
1.1819466139565E-5
1.1815188798596E-5
1.1810915178926E-5
1.1806645275438E-5
1.1802379083023E-5
1.1798116596584E-5
1.1793857811032E-5
1.1789602721288E-5
1.1785351322282E-5
1.1781103608954E-5
1.1776859576254E-5
1.1772619219141E-5
1.1768382532583E-5
1.1764149511557E-5
1.1759920151051E-5
1.1755694446061E-5
1.1751472391593E-5
1.1747253982663E-5
1.1743039214295E-5
1.1738828081522E-5
1.1734620579387E-5
1.1730416702944E-5
1.1726216447252E-5
1.1722019807383E-5
1.1717826778417E-5
1.1713637355443E-5
1.1709451533558E-5
1.1705269307871E-5
1.1701090673496E-5
1.169691562556E-5
1.1692744159197E-5
1.168857626955E-5
1.1684411951772E-5
1.1680251201024E-5
1.1676094012477E-5
1.1671940381309E-5
1.166779030271E-5
1.1663643771875E-5
1.1659500784011E-5
1.1655361334333E-5
1.1651225418064E-5
1.1647093030437E-5
1.1642964166693E-5
1.1638838822082E-5
1.1634716991863E-5
1.1630598671304E-5
1.162648385568E-5
1.1622372540276E-5
1.1618264720386E-5
1.1614160391312E-5
1.1610059548366E-5
1.1605962186865E-5
1.1601868302139E-5
1.1597777889524E-5
1.1593690944366E-5
1.1589607462017E-5
1.158552743784E-5
1.1581450867205E-5
1.1577377745493E-5
1.1573308068089E-5
1.1569241830391E-5
1.1565179027803E-5
1.1561119655737E-5
1.1557063709615E-5
1.1553011184866E-5
1.1548962076928E-5
1.1544916381248E-5
1.1540874093279E-5
1.1536835208484E-5
1.1532799722335E-5
1.1528767630311E-5
1.1524738927899E-5
1.1520713610594E-5
1.1516691673901E-5
1.1512673113332E-5
1.1508657924406E-5
1.1504646102652E-5
1.1500637643606E-5
1.1496632542813E-5
1.1492630795826E-5
1.1488632398204E-5
1.1484637345516E-5
1.148064563334E-5
1.1476657257259E-5
1.1472672212866E-5
1.1468690495762E-5
1.1464712101555E-5
1.1460737025861E-5
1.1456765264305E-5
1.1452796812519E-5
1.1448831666143E-5
1.1444869820824E-5
1.1440911272219E-5
1.1436956015992E-5
1.1433004047812E-5
1.1429055363361E-5
1.1425109958323E-5
1.1421167828395E-5
1.1417228969277E-5
1.1413293376681E-5
1.1409361046324E-5
1.1405431973931E-5
1.1401506155236E-5
1.1397583585979E-5
1.1393664261908E-5
1.138974817878E-5
1.1385835332357E-5
1.1381925718411E-5
1.1378019332721E-5
1.1374116171072E-5
1.1370216229259E-5
1.1366319503081E-5
1.1362425988349E-5
1.1358535680878E-5
1.1354648576492E-5
1.1350764671021E-5
1.1346883960304E-5
1.1343006440187E-5
1.1339132106524E-5
1.1335260955173E-5
1.1331392982004E-5
1.1327528182892E-5
1.1323666553719E-5
1.1319808090375E-5
1.1315952788758E-5
1.131210064477E-5
1.1308251654325E-5
1.1304405813341E-5
1.1300563117744E-5
1.1296723563468E-5
1.1292887146452E-5
1.1289053862645E-5
1.1285223708001E-5
1.1281396678483E-5
1.1277572770059E-5
1.1273751978705E-5
1.1269934300405E-5
1.1266119731149E-5
1.1262308266934E-5
1.1258499903766E-5
1.1254694637654E-5
1.1250892464618E-5
1.1247093380684E-5
1.1243297381883E-5
1.1239504464255E-5
1.1235714623846E-5
1.123192785671E-5
1.1228144158906E-5
1.1224363526503E-5
1.1220585955573E-5
1.1216811442198E-5
1.1213039982466E-5
1.120927157247E-5
1.1205506208313E-5
1.1201743886103E-5
1.1197984601954E-5
1.1194228351988E-5
1.1190475132334E-5
1.1186724939127E-5
1.118297776851E-5
1.117923361663E-5
1.1175492479643E-5
1.1171754353712E-5
1.1168019235005E-5
1.1164287119698E-5
1.1160558003972E-5
1.1156831884017E-5
1.1153108756028E-5
1.1149388616207E-5
1.1145671460762E-5
1.1141957285908E-5
1.1138246087868E-5
1.1134537862869E-5
1.1130832607147E-5
1.1127130316942E-5
1.1123430988503E-5
1.1119734618082E-5
1.1116041201943E-5
1.1112350736351E-5
1.110866321758E-5
1.110497864191E-5
1.1101297005628E-5
1.1097618305027E-5
1.1093942536405E-5
1.109026969607E-5
1.1086599780332E-5
1.108293278551E-5
1.1079268707928E-5
1.1075607543919E-5
1.1071949289818E-5
1.1068293941971E-5
1.1064641496726E-5
1.1060991950439E-5
1.1057345299474E-5
1.1053701540199E-5
1.1050060668989E-5
1.1046422682224E-5
1.1042787576293E-5
1.1039155347588E-5
1.103552599251E-5
1.1031899507463E-5
1.1028275888861E-5
1.1024655133121E-5
1.1021037236667E-5
1.1017422195929E-5
1.1013810007345E-5
1.1010200667356E-5
1.1006594172411E-5
1.1002990518964E-5
1.0999389703477E-5
1.0995791722415E-5
1.0992196572252E-5
1.0988604249466E-5
1.0985014750542E-5
1.098142807197E-5
1.0977844210247E-5
1.0974263161875E-5
1.0970684923364E-5
1.0967109491226E-5
1.0963536861983E-5
1.0959967032161E-5
1.0956399998292E-5
1.0952835756913E-5
1.0949274304569E-5
1.0945715637809E-5
1.0942159753189E-5
1.0938606647269E-5
1.0935056316618E-5
1.0931508757807E-5
1.0927963967416E-5
1.092442194203E-5
1.0920882678237E-5
1.0917346172634E-5
1.0913812421824E-5
1.0910281422413E-5
1.0906753171014E-5
1.0903227664247E-5
1.0899704898735E-5
1.0896184871109E-5
1.0892667578006E-5
1.0889153016065E-5
1.0885641181935E-5
1.0882132072268E-5
1.0878625683722E-5
1.0875122012962E-5
1.0871621056657E-5
1.0868122811482E-5
1.0864627274118E-5
1.0861134441251E-5
1.0857644309574E-5
1.0854156875782E-5
1.085067213658E-5
1.0847190088675E-5
1.0843710728781E-5
1.0840234053618E-5
1.083676005991E-5
1.0833288744388E-5
1.0829820103787E-5
1.0826354134849E-5
1.082289083432E-5
1.0819430198952E-5
1.0815972225503E-5
1.0812516910735E-5
1.0809064251416E-5
1.0805614244321E-5
1.0802166886227E-5
1.0798722173919E-5
1.0795280104187E-5
1.0791840673826E-5
1.0788403879635E-5
1.0784969718421E-5
1.0781538186993E-5
1.0778109282169E-5
1.0774683000769E-5
1.0771259339621E-5
1.0767838295555E-5
1.076441986541E-5
1.0761004046027E-5
1.0757590834253E-5
1.0754180226943E-5
1.0750772220952E-5
1.0747366813146E-5
1.0743964000391E-5
1.0740563779562E-5
1.0737166147536E-5
1.0733771101198E-5
1.0730378637437E-5
1.0726988753145E-5
1.0723601445224E-5
1.0720216710575E-5
1.071683454611E-5
1.0713454948742E-5
1.071007791539E-5
1.070670344298E-5
1.0703331528439E-5
1.0699962168704E-5
1.0696595360713E-5
1.069323110141E-5
1.0689869387747E-5
1.0686510216676E-5
1.0683153585158E-5
1.0679799490157E-5
1.0676447928642E-5
1.0673098897588E-5
1.0669752393974E-5
1.0666408414784E-5
1.0663066957008E-5
1.0659728017639E-5
1.0656391593677E-5
1.0653057682125E-5
1.0649726279993E-5
1.0646397384293E-5
1.0643070992044E-5
1.0639747100269E-5
1.0636425705998E-5
1.0633106806261E-5
1.0629790398098E-5
1.0626476478551E-5
1.0623165044667E-5
1.0619856093499E-5
1.0616549622103E-5
1.0613245627541E-5
1.060994410688E-5
1.0606645057191E-5
1.060334847555E-5
1.0600054359037E-5
1.0596762704738E-5
1.0593473509743E-5
1.0590186771147E-5
1.0586902486049E-5
1.0583620651554E-5
1.058034126477E-5
1.0577064322812E-5
1.0573789822796E-5
1.0570517761847E-5
1.0567248137091E-5
1.056398094566E-5
1.0560716184692E-5
1.0557453851327E-5
1.0554193942712E-5
1.0550936455996E-5
1.0547681388336E-5
1.054442873689E-5
1.0541178498823E-5
1.0537930671303E-5
1.0534685251504E-5
1.0531442236603E-5
1.0528201623783E-5
1.0524963410231E-5
1.0521727593138E-5
1.05184941697E-5
1.0515263137117E-5
1.0512034492594E-5
1.050880823334E-5
1.0505584356569E-5
1.0502362859499E-5
1.0499143739353E-5
1.0495926993358E-5
1.0492712618744E-5
1.0489500612749E-5
1.0486290972612E-5
1.0483083695578E-5
1.0479878778895E-5
1.0476676219819E-5
1.0473476015605E-5
1.0470278163517E-5
1.0467082660821E-5
1.0463889504787E-5
1.0460698692691E-5
1.0457510221813E-5
1.0454324089435E-5
1.0451140292847E-5
1.0447958829341E-5
1.0444779696213E-5
1.0441602890765E-5
1.0438428410301E-5
1.0435256252132E-5
1.043208641357E-5
1.0428918891935E-5
1.0425753684548E-5
1.0422590788735E-5
1.0419430201829E-5
1.0416271921162E-5
1.0413115944075E-5
1.0409962267911E-5
1.0406810890018E-5
1.0403661807746E-5
1.0400515018452E-5
1.0397370519497E-5
1.0394228308243E-5
1.0391088382061E-5
1.0387950738321E-5
1.03848153744E-5
1.038168228768E-5
1.0378551475545E-5
1.0375422935384E-5
1.0372296664591E-5
1.0369172660561E-5
1.0366050920697E-5
1.0362931442403E-5
1.035981422309E-5
1.035669926017E-5
1.0353586551061E-5
1.0350476093184E-5
1.0347367883964E-5
1.0344261920833E-5
1.0341158201222E-5
1.033805672257E-5
1.0334957482317E-5
1.0331860477911E-5
1.0328765706799E-5
1.0325673166436E-5
1.0322582854279E-5
1.031949476779E-5
1.0316408904433E-5
1.0313325261679E-5
1.0310243837001E-5
1.0307164627875E-5
1.0304087631783E-5
1.030101284621E-5
1.0297940268645E-5
1.0294869896581E-5
1.0291801727514E-5
1.0288735758945E-5
1.0285671988379E-5
1.0282610413323E-5
1.0279551031291E-5
1.0276493839798E-5
1.0273438836364E-5
1.0270386018513E-5
1.0267335383773E-5
1.0264286929675E-5
1.0261240653753E-5
1.0258196553548E-5
1.0255154626602E-5
1.0252114870461E-5
1.0249077282677E-5
1.0246041860803E-5
1.0243008602396E-5
1.023997750502E-5
1.023694856624E-5
1.0233921783624E-5
1.0230897154745E-5
1.0227874677181E-5
1.0224854348511E-5
1.0221836166321E-5
1.0218820128197E-5
1.0215806231732E-5
1.021279447452E-5
1.020978485416E-5
1.0206777368256E-5
1.0203772014414E-5
1.0200768790242E-5
1.0197767693356E-5
1.0194768721372E-5
1.0191771871912E-5
1.0188777142599E-5
1.0185784531063E-5
1.0182794034935E-5
1.017980565185E-5
1.0176819379448E-5
1.0173835215371E-5
1.0170853157266E-5
1.0167873202782E-5
1.0164895349573E-5
1.0161919595295E-5
1.0158945937611E-5
1.0155974374182E-5
1.0153004902679E-5
1.0150037520771E-5
1.0147072226133E-5
1.0144109016445E-5
1.0141147889387E-5
1.0138188842645E-5
1.0135231873908E-5
1.0132276980869E-5
1.0129324161223E-5
1.012637341267E-5
1.0123424732913E-5
1.0120478119658E-5
1.0117533570616E-5
1.0114591083498E-5
1.0111650656023E-5
1.010871228591E-5
1.0105775970884E-5
1.0102841708671E-5
1.0099909497001E-5
1.009697933361E-5
1.0094051216235E-5
1.0091125142615E-5
1.0088201110496E-5
1.0085279117625E-5
1.0082359161754E-5
1.0079441240636E-5
1.007652535203E-5
1.0073611493697E-5
1.0070699663401E-5
1.006778985891E-5
1.0064882077996E-5
1.0061976318433E-5
1.0059072578E-5
1.0056170854477E-5
1.005327114565E-5
1.0050373449306E-5
1.0047477763236E-5
1.0044584085236E-5
1.0041692413103E-5
1.0038802744639E-5
1.0035915077648E-5
1.0033029409937E-5
1.0030145739318E-5
1.0027264063606E-5
1.0024384380618E-5
1.0021506688174E-5
1.00186309841E-5
1.0015757266222E-5
1.0012885532371E-5
1.0010015780381E-5
1.000714800809E-5
1.0004282213337E-5
1.0001418393966E-5
9.998556547824E-6
9.995696672761E-6
9.99283876663E-6
9.989982827288E-6
9.987128852593E-6
9.98427684041E-6
9.981426788603E-6
9.978578695043E-6
9.975732557601E-6
9.972888374152E-6
9.970046142576E-6
9.967205860754E-6
9.964367526571E-6
9.961531137915E-6
9.958696692677E-6
9.955864188752E-6
9.953033624036E-6
9.950204996431E-6
9.947378303839E-6
9.944553544169E-6
9.941730715329E-6
9.938909815233E-6
9.936090841796E-6
9.933273792937E-6
9.930458666579E-6
9.927645460647E-6
9.924834173069E-6
9.922024801777E-6
9.919217344704E-6
9.916411799789E-6
9.913608164972E-6
9.910806438195E-6
9.908006617406E-6
9.905208700555E-6
9.902412685593E-6
9.899618570477E-6
9.896826353165E-6
9.894036031618E-6
9.891247603801E-6
9.888461067681E-6
9.88567642123E-6
9.88289366242E-6
9.880112789229E-6
9.877333799634E-6
9.87455669162E-6
9.871781463171E-6
9.869008112275E-6
9.866236636924E-6
9.863467035112E-6
9.860699304836E-6
9.857933444096E-6
9.855169450895E-6
9.852407323239E-6
9.849647059137E-6
9.8468886566E-6
9.844132113642E-6
9.841377428283E-6
9.838624598541E-6
9.83587362244E-6
9.833124498006E-6
9.830377223268E-6
9.827631796259E-6
9.824888215012E-6
9.822146477565E-6
9.81940658196E-6
9.816668526238E-6
9.813932308447E-6
9.811197926635E-6
9.808465378853E-6
9.805734663158E-6
9.803005777605E-6
9.800278720256E-6
9.797553489173E-6
9.794830082422E-6
9.792108498072E-6
9.789388734195E-6
9.786670788864E-6
9.783954660157E-6
9.781240346154E-6
9.778527844936E-6
9.77581715459E-6
9.773108273204E-6
9.770401198868E-6
9.767695929676E-6
9.764992463725E-6
9.762290799113E-6
9.759590933943E-6
9.756892866319E-6
9.754196594348E-6
9.751502116141E-6
9.748809429811E-6
9.746118533472E-6
9.743429425243E-6
9.740742103245E-6
9.738056565601E-6
9.735372810438E-6
9.732690835885E-6
9.730010640074E-6
9.727332221138E-6
9.724655577215E-6
9.721980706445E-6
9.719307606969E-6
9.716636276934E-6
9.713966714486E-6
9.711298917776E-6
9.708632884957E-6
9.705968614184E-6
9.703306103616E-6
9.700645351414E-6
9.697986355741E-6
9.695329114763E-6
9.692673626649E-6
9.690019889571E-6
9.687367901702E-6
9.684717661219E-6
9.682069166301E-6
9.679422415129E-6
9.676777405889E-6
9.674134136767E-6
9.671492605953E-6
9.668852811639E-6
9.666214752019E-6
9.66357842529E-6
9.660943829653E-6
9.65831096331E-6
9.655679824465E-6
9.653050411326E-6
9.650422722104E-6
9.64779675501E-6
9.645172508259E-6
9.64254998007E-6
9.639929168663E-6
9.637310072259E-6
9.634692689084E-6
9.632077017366E-6
9.629463055334E-6
9.626850801223E-6
9.624240253266E-6
9.621631409701E-6
9.619024268769E-6
9.616418828712E-6
9.613815087775E-6
9.611213044206E-6
9.608612696255E-6
9.606014042175E-6
9.603417080219E-6
9.600821808646E-6
9.598228225716E-6
9.595636329691E-6
9.593046118836E-6
9.590457591418E-6
9.587870745706E-6
9.585285579973E-6
9.582702092493E-6
9.580120281543E-6
9.577540145403E-6
9.574961682355E-6
9.572384890681E-6
9.56980976867E-6
9.567236314609E-6
9.564664526791E-6
9.562094403509E-6
9.55952594306E-6
9.556959143741E-6
9.554394003854E-6
9.551830521702E-6
9.549268695591E-6
9.546708523829E-6
9.544150004726E-6
9.541593136594E-6
9.53903791775E-6
9.53648434651E-6
9.533932421195E-6
9.531382140126E-6
9.528833501628E-6
9.526286504027E-6
9.523741145654E-6
9.521197424839E-6
9.518655339917E-6
9.516114889222E-6
9.513576071095E-6
9.511038883874E-6
9.508503325905E-6
9.505969395531E-6
9.503437091101E-6
9.500906410964E-6
9.498377353473E-6
9.495849916982E-6
9.493324099848E-6
9.49079990043E-6
9.488277317089E-6
9.485756348189E-6
9.483236992097E-6
9.480719247179E-6
9.478203111807E-6
9.475688584352E-6
9.473175663191E-6
9.470664346699E-6
9.468154633258E-6
9.465646521247E-6
9.463140009051E-6
9.460635095056E-6
9.45813177765E-6
9.455630055225E-6
9.453129926171E-6
9.450631388886E-6
9.448134441765E-6
9.445639083208E-6
9.443145311616E-6
9.440653125394E-6
9.438162522948E-6
9.435673502685E-6
9.433186063016E-6
9.430700202353E-6
9.428215919112E-6
9.425733211708E-6
9.423252078562E-6
9.420772518094E-6
9.418294528728E-6
9.415818108889E-6
9.413343257005E-6
9.410869971506E-6
9.408398250823E-6
9.405928093392E-6
9.403459497648E-6
9.400992462029E-6
9.398526984977E-6
9.396063064934E-6
9.393600700345E-6
9.391139889656E-6
9.388680631317E-6
9.38622292378E-6
9.383766765496E-6
9.381312154923E-6
9.378859090517E-6
9.376407570737E-6
9.373957594046E-6
9.371509158908E-6
9.369062263787E-6
9.366616907153E-6
9.364173087476E-6
9.361730803226E-6
9.35929005288E-6
9.356850834913E-6
9.354413147802E-6
9.35197699003E-6
9.349542360078E-6
9.34710925643E-6
9.344677677575E-6
9.342247621999E-6
9.339819088194E-6
9.337392074652E-6
9.334966579869E-6
9.332542602341E-6
9.330120140567E-6
9.327699193048E-6
9.325279758286E-6
9.322861834788E-6
9.320445421059E-6
9.318030515608E-6
9.315617116948E-6
9.31320522359E-6
9.310794834049E-6
9.308385946844E-6
9.305978560492E-6
9.303572673514E-6
9.301168284434E-6
9.298765391777E-6
9.29636399407E-6
9.293964089841E-6
9.291565677622E-6
9.289168755945E-6
9.286773323345E-6
9.284379378359E-6
9.281986919527E-6
9.279595945388E-6
9.277206454485E-6
9.274818445364E-6
9.27243191657E-6
9.270046866652E-6
9.267663294162E-6
9.265281197651E-6
9.262900575673E-6
9.260521426786E-6
9.258143749547E-6
9.255767542516E-6
9.253392804256E-6
9.251019533331E-6
9.248647728307E-6
9.246277387751E-6
9.243908510234E-6
9.241541094327E-6
9.239175138603E-6
9.236810641639E-6
9.234447602012E-6
9.2320860183E-6
9.229725889086E-6
9.227367212952E-6
9.225009988484E-6
9.222654214267E-6
9.220299888892E-6
9.217947010948E-6
9.215595579028E-6
9.213245591726E-6
9.21089704764E-6
9.208549945366E-6
9.206204283504E-6
9.203860060657E-6
9.201517275429E-6
9.199175926424E-6
9.196836012251E-6
9.194497531517E-6
9.192160482836E-6
9.189824864818E-6
9.18749067608E-6
9.185157915237E-6
9.182826580909E-6
9.180496671715E-6
9.178168186277E-6
9.175841123219E-6
9.173515481168E-6
9.17119125875E-6
9.168868454595E-6
9.166547067334E-6
9.164227095599E-6
9.161908538027E-6
9.159591393252E-6
9.157275659914E-6
9.154961336653E-6
9.152648422111E-6
9.15033691493E-6
9.148026813758E-6
9.145718117241E-6
9.143410824028E-6
9.141104932769E-6
9.138800442119E-6
9.13649735073E-6
9.13419565726E-6
9.131895360366E-6
9.129596458707E-6
9.127298950946E-6
9.125002835745E-6
9.12270811177E-6
9.120414777686E-6
9.118122832163E-6
9.11583227387E-6
9.11354310148E-6
9.111255313666E-6
9.108968909104E-6
9.10668388647E-6
9.104400244444E-6
9.102117981707E-6
9.099837096939E-6
9.097557588827E-6
9.095279456054E-6
9.093002697309E-6
9.090727311281E-6
9.088453296661E-6
9.086180652141E-6
9.083909376416E-6
9.081639468182E-6
9.079370926135E-6
9.077103748977E-6
9.074837935407E-6
9.072573484129E-6
9.070310393847E-6
9.068048663267E-6
9.065788291097E-6
9.063529276047E-6
9.061271616827E-6
9.059015312151E-6
9.056760360733E-6
9.05450676129E-6
9.052254512538E-6
9.050003613198E-6
9.04775406199E-6
9.045505857639E-6
9.043258998867E-6
9.041013484402E-6
9.038769312971E-6
9.036526483303E-6
9.03428499413E-6
9.032044844183E-6
9.029806032199E-6
9.027568556912E-6
9.025332417061E-6
9.023097611384E-6
9.020864138622E-6
9.018631997518E-6
9.016401186816E-6
9.014171705262E-6
9.011943551603E-6
9.009716724588E-6
9.007491222968E-6
9.005267045494E-6
9.003044190922E-6
9.000822658005E-6
8.998602445501E-6
8.996383552169E-6
8.994165976769E-6
8.991949718062E-6
8.989734774812E-6
8.987521145785E-6
8.985308829745E-6
8.983097825463E-6
8.980888131707E-6
8.978679747249E-6
8.976472670861E-6
8.974266901318E-6
8.972062437396E-6
8.969859277873E-6
8.967657421527E-6
8.96545686714E-6
8.963257613493E-6
8.961059659371E-6
8.958863003559E-6
8.956667644844E-6
8.954473582013E-6
8.952280813859E-6
8.950089339171E-6
8.947899156743E-6
8.945710265369E-6
8.943522663847E-6
8.941336350973E-6
8.939151325546E-6
8.936967586368E-6
8.934785132241E-6
8.932603961969E-6
8.930424074357E-6
8.928245468212E-6
8.926068142342E-6
8.923892095557E-6
8.921717326669E-6
8.919543834491E-6
8.917371617836E-6
8.915200675522E-6
8.913031006365E-6
8.910862609184E-6
8.9086954828E-6
8.906529626035E-6
8.904365037711E-6
8.902201716655E-6
8.900039661693E-6
8.897878871651E-6
8.895719345361E-6
8.893561081652E-6
8.891404079357E-6
8.88924833731E-6
8.887093854345E-6
8.884940629301E-6
8.882788661015E-6
8.880637948326E-6
8.878488490076E-6
8.876340285108E-6
8.874193332265E-6
8.872047630393E-6
8.86990317834E-6
8.867759974953E-6
8.865618019083E-6
8.86347730958E-6
8.861337845298E-6
8.859199625091E-6
8.857062647814E-6
8.854926912325E-6
8.852792417482E-6
8.850659162145E-6
8.848527145175E-6
8.846396365437E-6
8.844266821792E-6
8.842138513109E-6
8.840011438252E-6
8.837885596092E-6
8.835760985498E-6
8.833637605341E-6
8.831515454495E-6
8.829394531833E-6
8.82727483623E-6
8.825156366565E-6
8.823039121716E-6
8.820923100561E-6
8.818808301983E-6
8.816694724864E-6
8.814582368089E-6
8.812471230542E-6
8.81036131111E-6
8.808252608682E-6
8.806145122147E-6
8.804038850396E-6
8.801933792322E-6
8.799829946818E-6
8.797727312779E-6
8.795625889102E-6
8.793525674685E-6
8.791426668427E-6
8.789328869228E-6
8.787232275991E-6
8.785136887619E-6
8.783042703016E-6
8.780949721089E-6
8.778857940744E-6
8.776767360892E-6
8.774677980442E-6
8.772589798304E-6
8.770502813394E-6
8.768417024623E-6
8.766332430909E-6
8.764249031167E-6
8.762166824317E-6
8.760085809277E-6
8.758005984969E-6
8.755927350314E-6
8.753849904237E-6
8.751773645661E-6
8.749698573515E-6
8.747624686724E-6
8.745551984218E-6
8.743480464927E-6
8.741410127783E-6
8.739340971718E-6
8.737272995667E-6
8.735206198565E-6
8.733140579349E-6
8.731076136956E-6
8.729012870327E-6
8.726950778402E-6
8.724889860123E-6
8.722830114434E-6
8.720771540278E-6
8.718714136602E-6
8.716657902354E-6
8.714602836481E-6
8.712548937934E-6
8.710496205663E-6
8.708444638621E-6
8.706394235762E-6
8.70434499604E-6
8.702296918412E-6
8.700250001835E-6
8.698204245268E-6
8.696159647672E-6
8.694116208007E-6
8.692073925236E-6
8.690032798323E-6
8.687992826233E-6
8.685954007933E-6
8.68391634239E-6
8.681879828573E-6
8.679844465453E-6
8.677810252001E-6
8.675777187189E-6
8.673745269992E-6
8.671714499384E-6
8.669684874343E-6
8.667656393847E-6
8.665629056873E-6
8.663602862402E-6
8.661577809416E-6
8.659553896898E-6
8.657531123831E-6
8.6555094892E-6
8.653488991993E-6
8.651469631196E-6
8.649451405799E-6
8.647434314791E-6
8.645418357165E-6
8.643403531912E-6
8.641389838026E-6
8.639377274503E-6
8.637365840339E-6
8.63535553453E-6
8.633346356077E-6
8.631338303978E-6
8.629331377234E-6
8.627325574849E-6
8.625320895826E-6
8.623317339169E-6
8.621314903884E-6
8.619313588978E-6
8.61731339346E-6
8.61531431634E-6
8.613316356628E-6
8.611319513335E-6
8.609323785476E-6
8.607329172064E-6
8.605335672115E-6
8.603343284646E-6
8.601352008674E-6
8.599361843218E-6
8.5973727873E-6
8.59538483994E-6
8.593398000161E-6
8.591412266986E-6
8.589427639442E-6
8.587444116553E-6
8.585461697347E-6
8.583480380853E-6
8.5815001661E-6
8.579521052119E-6
8.577543037943E-6
8.575566122604E-6
8.573590305136E-6
8.571615584576E-6
8.569641959959E-6
8.567669430324E-6
8.565697994709E-6
8.563727652155E-6
8.561758401702E-6
8.559790242394E-6
8.557823173274E-6
8.555857193386E-6
8.553892301777E-6
8.551928497492E-6
8.549965779582E-6
8.548004147094E-6
8.546043599079E-6
8.544084134589E-6
8.542125752676E-6
8.540168452394E-6
8.538212232798E-6
8.536257092945E-6
8.53430303189E-6
8.532350048694E-6
8.530398142414E-6
8.528447312112E-6
8.52649755685E-6
8.524548875689E-6
8.522601267695E-6
8.520654731931E-6
8.518709267465E-6
8.516764873364E-6
8.514821548695E-6
8.512879292529E-6
8.510938103935E-6
8.508997981986E-6
8.507058925755E-6
8.505120934315E-6
8.503184006741E-6
8.50124814211E-6
8.499313339498E-6
8.497379597984E-6
8.495446916647E-6
8.493515294569E-6
8.491584730829E-6
8.489655224511E-6
8.487726774699E-6
8.485799380478E-6
8.483873040933E-6
8.481947755151E-6
8.480023522221E-6
8.478100341232E-6
8.476178211273E-6
8.474257131437E-6
8.472337100815E-6
8.470418118501E-6
8.46850018359E-6
8.466583295176E-6
8.464667452358E-6
8.462752654232E-6
8.460838899897E-6
8.458926188453E-6
8.457014519002E-6
8.455103890644E-6
8.453194302484E-6
8.451285753624E-6
8.449378243171E-6
8.44747177023E-6
8.445566333909E-6
8.443661933316E-6
8.441758567561E-6
8.439856235753E-6
8.437954937004E-6
8.436054670427E-6
8.434155435135E-6
8.432257230243E-6
8.430360054866E-6
8.428463908122E-6
8.426568789127E-6
8.424674697E-6
8.422781630861E-6
8.420889589832E-6
8.418998573033E-6
8.417108579587E-6
8.415219608619E-6
8.413331659254E-6
8.411444730616E-6
8.409558821834E-6
8.407673932035E-6
8.405790060348E-6
8.403907205903E-6
8.402025367831E-6
8.400144545265E-6
8.398264737336E-6
8.39638594318E-6
8.394508161931E-6
8.392631392725E-6
8.3907556347E-6
8.388880886993E-6
8.387007148743E-6
8.385134419092E-6
8.383262697179E-6
8.381391982147E-6
8.379522273139E-6
8.3776535693E-6
8.375785869773E-6
8.373919173705E-6
8.372053480244E-6
8.370188788537E-6
8.368325097734E-6
8.366462406984E-6
8.364600715438E-6
8.362740022249E-6
8.360880326569E-6
8.359021627553E-6
8.357163924355E-6
8.355307216131E-6
8.353451502039E-6
8.351596781236E-6
8.34974305288E-6
8.347890316133E-6
8.346038570155E-6
8.344187814106E-6
8.342338047151E-6
8.340489268453E-6
8.338641477177E-6
8.336794672488E-6
8.334948853552E-6
8.333104019538E-6
8.331260169615E-6
8.32941730295E-6
8.327575418716E-6
8.325734516083E-6
8.323894594224E-6
8.322055652312E-6
8.320217689521E-6
8.318380705027E-6
8.316544698006E-6
8.314709667634E-6
8.31287561309E-6
8.311042533554E-6
8.309210428204E-6
8.307379296223E-6
8.305549136791E-6
8.303719949091E-6
8.301891732308E-6
8.300064485626E-6
8.29823820823E-6
8.296412899308E-6
8.294588558045E-6
8.292765183632E-6
8.290942775257E-6
8.289121332111E-6
8.287300853384E-6
8.285481338269E-6
8.283662785959E-6
8.281845195648E-6
8.28002856653E-6
8.278212897802E-6
8.27639818866E-6
8.274584438302E-6
8.272771645927E-6
8.270959810734E-6
8.269148931923E-6
8.267339008695E-6
8.265530040254E-6
8.263722025801E-6
8.261914964542E-6
8.26010885568E-6
8.258303698423E-6
8.256499491976E-6
8.254696235547E-6
8.252893928345E-6
8.25109256958E-6
8.249292158461E-6
8.2474926942E-6
8.245694176009E-6
8.243896603102E-6
8.242099974691E-6
8.240304289993E-6
8.238509548222E-6
8.236715748596E-6
8.234922890332E-6
8.233130972648E-6
8.231339994763E-6
8.229549955899E-6
8.227760855275E-6
8.225972692114E-6
8.224185465639E-6
8.222399175073E-6
8.220613819641E-6
8.218829398568E-6
8.217045911081E-6
8.215263356408E-6
8.213481733775E-6
8.211701042412E-6
8.20992128155E-6
8.208142450418E-6
8.206364548248E-6
8.204587574273E-6
8.202811527726E-6
8.201036407841E-6
8.199262213854E-6
8.197488944999E-6
8.195716600515E-6
8.193945179638E-6
8.192174681607E-6
8.190405105662E-6
8.188636451042E-6
8.18686871699E-6
8.185101902745E-6
8.183336007553E-6
8.181571030655E-6
8.179806971297E-6
8.178043828723E-6
8.176281602181E-6
8.174520290917E-6
8.172759894179E-6
8.171000411216E-6
8.169241841276E-6
8.167484183612E-6
8.165727437473E-6
8.163971602112E-6
8.162216676783E-6
8.160462660737E-6
8.158709553232E-6
8.15695735352E-6
8.15520606086E-6
8.153455674508E-6
8.151706193722E-6
8.149957617761E-6
8.148209945884E-6
8.146463177352E-6
8.144717311426E-6
8.142972347368E-6
8.141228284441E-6
8.139485121909E-6
8.137742859036E-6
8.136001495088E-6
8.134261029331E-6
8.132521461031E-6
8.130782789458E-6
8.129045013878E-6
8.127308133563E-6
8.125572147781E-6
8.123837055805E-6
8.122102856906E-6
8.120369550356E-6
8.11863713543E-6
8.116905611401E-6
8.115174977545E-6
8.113445233138E-6
8.111716377457E-6
8.109988409778E-6
8.10826132938E-6
8.106535135543E-6
8.104809827547E-6
8.103085404672E-6
8.101361866199E-6
8.099639211412E-6
8.097917439593E-6
8.096196550026E-6
8.094476541996E-6
8.092757414788E-6
8.091039167689E-6
8.089321799986E-6
8.087605310967E-6
8.085889699921E-6
8.084174966136E-6
8.082461108903E-6
8.080748127514E-6
8.07903602126E-6
8.077324789434E-6
8.075614431329E-6
8.073904946239E-6
8.072196333459E-6
8.070488592285E-6
8.068781722014E-6
8.067075721942E-6
8.065370591369E-6
8.063666329592E-6
8.061962935912E-6
8.060260409628E-6
8.058558750042E-6
8.056857956455E-6
8.055158028171E-6
8.053458964494E-6
8.051760764726E-6
8.050063428173E-6
8.048366954142E-6
8.046671341937E-6
8.044976590868E-6
8.043282700241E-6
8.041589669365E-6
8.039897497551E-6
8.038206184108E-6
8.036515728348E-6
8.034826129582E-6
8.033137387123E-6
8.031449500284E-6
8.02976246838E-6
8.028076290724E-6
8.026390966634E-6
8.024706495425E-6
8.023022876414E-6
8.021340108919E-6
8.019658192259E-6
8.017977125753E-6
8.016296908721E-6
8.014617540484E-6
8.012939020363E-6
8.011261347681E-6
8.009584521761E-6
8.007908541927E-6
8.006233407503E-6
8.004559117814E-6
8.002885672187E-6
8.001213069948E-6
7.999541310425E-6
7.997870392945E-6
7.996200316838E-6
7.994531081434E-6
7.992862686063E-6
7.991195130055E-6
7.989528412743E-6
7.98786253346E-6
7.986197491539E-6
7.984533286313E-6
7.982869917118E-6
7.981207383288E-6
7.979545684161E-6
7.977884819073E-6
7.976224787362E-6
7.974565588366E-6
7.972907221424E-6
7.971249685876E-6
7.969592981062E-6
7.967937106324E-6
7.966282061004E-6
7.964627844445E-6
7.962974455989E-6
7.96132189498E-6
7.959670160765E-6
7.958019252687E-6
7.956369170094E-6
7.954719912332E-6
7.953071478749E-6
7.951423868692E-6
7.949777081513E-6
7.948131116559E-6
7.946485973181E-6
7.944841650731E-6
7.94319814856E-6
7.941555466021E-6
7.939913602467E-6
7.938272557252E-6
7.936632329731E-6
7.934992919259E-6
7.933354325192E-6
7.931716546887E-6
7.930079583701E-6
7.928443434992E-6
7.92680810012E-6
7.925173578443E-6
7.923539869321E-6
7.921906972116E-6
7.92027488619E-6
7.918643610903E-6
7.91701314562E-6
7.915383489704E-6
7.913754642519E-6
7.912126603431E-6
7.910499371804E-6
7.908872947005E-6
7.907247328402E-6
7.905622515361E-6
7.903998507252E-6
7.902375303443E-6
7.900752903304E-6
7.899131306205E-6
7.897510511518E-6
7.895890518614E-6
7.894271326866E-6
7.892652935646E-6
7.891035344329E-6
7.889418552289E-6
7.887802558901E-6
7.886187363541E-6
7.884572965585E-6
7.882959364411E-6
7.881346559396E-6
7.879734549918E-6
7.878123335357E-6
7.876512915092E-6
7.874903288504E-6
7.873294454975E-6
7.871686413885E-6
7.870079164617E-6
7.868472706554E-6
7.86686703908E-6
7.865262161579E-6
7.863658073436E-6
7.862054774038E-6
7.860452262769E-6
7.858850539018E-6
7.857249602172E-6
7.855649451619E-6
7.854050086748E-6
7.852451506949E-6
7.850853711612E-6
7.849256700127E-6
7.847660471888E-6
7.846065026284E-6
7.84447036271E-6
7.842876480559E-6
7.841283379225E-6
7.839691058103E-6
7.838099516587E-6
7.836508754075E-6
7.834918769963E-6
7.833329563648E-6
7.831741134528E-6
7.830153482002E-6
7.828566605468E-6
7.826980504328E-6
7.825395177981E-6
7.823810625828E-6
7.822226847271E-6
7.820643841713E-6
7.819061608556E-6
7.817480147205E-6
7.815899457064E-6
7.814319537536E-6
7.812740388029E-6
7.811162007948E-6
7.8095843967E-6
7.808007553692E-6
7.806431478333E-6
7.804856170031E-6
7.803281628195E-6
7.801707852236E-6
7.800134841563E-6
7.798562595588E-6
7.796991113724E-6
7.795420395381E-6
7.793850439974E-6
7.792281246915E-6
7.790712815619E-6
7.789145145502E-6
7.787578235978E-6
7.786012086463E-6
7.784446696374E-6
7.782882065129E-6
7.781318192146E-6
7.779755076842E-6
7.778192718637E-6
7.776631116952E-6
7.775070271205E-6
7.773510180819E-6
7.771950845214E-6
7.770392263814E-6
7.76883443604E-6
7.767277361316E-6
7.765721039067E-6
7.764165468716E-6
7.762610649689E-6
7.761056581412E-6
7.759503263311E-6
7.757950694813E-6
7.756398875345E-6
7.754847804337E-6
7.753297481216E-6
7.751747905413E-6
7.750199076356E-6
7.748650993477E-6
7.747103656207E-6
7.745557063978E-6
7.744011216221E-6
7.74246611237E-6
7.740921751859E-6
7.739378134121E-6
7.737835258591E-6
7.736293124706E-6
7.734751731899E-6
7.733211079608E-6
7.731671167271E-6
7.730131994324E-6
7.728593560205E-6
7.727055864355E-6
7.725518906212E-6
7.723982685215E-6
7.722447200807E-6
7.720912452427E-6
7.719378439517E-6
7.717845161521E-6
7.71631261788E-6
7.714780808038E-6
7.71324973144E-6
7.711719387529E-6
7.710189775751E-6
7.708660895552E-6
7.707132746378E-6
7.705605327676E-6
7.704078638894E-6
7.702552679479E-6
7.70102744888E-6
7.699502946546E-6
7.697979171928E-6
7.696456124475E-6
7.694933803638E-6
7.693412208869E-6
7.69189133962E-6
7.690371195343E-6
7.688851775492E-6
7.68733307952E-6
7.685815106881E-6
7.684297857031E-6
7.682781329425E-6
7.681265523519E-6
7.679750438769E-6
7.678236074632E-6
7.676722430567E-6
7.675209506031E-6
7.673697300483E-6
7.672185813382E-6
7.670675044188E-6
7.669164992362E-6
7.667655657365E-6
7.666147038658E-6
7.664639135704E-6
7.663131947964E-6
7.661625474903E-6
7.660119715983E-6
7.65861467067E-6
7.657110338428E-6
7.655606718722E-6
7.654103811018E-6
7.652601614784E-6
7.651100129485E-6
7.64959935459E-6
7.648099289567E-6
7.646599933884E-6
7.645101287011E-6
7.643603348417E-6
7.642106117572E-6
7.640609593949E-6
7.639113777016E-6
7.637618666248E-6
7.636124261116E-6
7.634630561093E-6
7.633137565654E-6
7.631645274271E-6
7.630153686419E-6
7.628662801574E-6
7.627172619212E-6
7.625683138808E-6
7.62419435984E-6
7.622706281784E-6
7.621218904119E-6
7.619732226322E-6
7.618246247874E-6
7.616760968252E-6
7.615276386938E-6
7.613792503411E-6
7.612309317152E-6
7.610826827644E-6
7.609345034368E-6
7.607863936807E-6
7.606383534443E-6
7.604903826761E-6
7.603424813245E-6
7.601946493379E-6
7.600468866649E-6
7.59899193254E-6
7.597515690538E-6
7.596040140131E-6
7.594565280806E-6
7.59309111205E-6
7.591617633352E-6
7.5901448442E-6
7.588672744084E-6
7.587201332495E-6
7.585730608921E-6
7.584260572855E-6
7.582791223787E-6
7.58132256121E-6
7.579854584617E-6
7.578387293499E-6
7.57692068735E-6
7.575454765665E-6
7.573989527939E-6
7.572524973665E-6
7.57106110234E-6
7.569597913459E-6
7.56813540652E-6
7.566673581019E-6
7.565212436453E-6
7.563751972322E-6
7.562292188123E-6
7.560833083356E-6
7.559374657519E-6
7.557916910114E-6
7.556459840641E-6
7.555003448601E-6
7.553547733495E-6
7.552092694825E-6
7.550638332095E-6
7.549184644807E-6
7.547731632465E-6
7.546279294573E-6
7.544827630636E-6
7.543376640158E-6
7.541926322646E-6
7.540476677605E-6
7.539027704542E-6
7.537579402964E-6
7.536131772378E-6
7.534684812294E-6
7.533238522218E-6
7.531792901661E-6
7.530347950131E-6
7.52890366714E-6
7.527460052197E-6
7.526017104813E-6
7.5245748245E-6
7.52313321077E-6
7.521692263135E-6
7.520251981109E-6
7.518812364205E-6
7.517373411936E-6
7.515935123817E-6
7.514497499364E-6
7.513060538091E-6
7.511624239515E-6
7.510188603151E-6
7.508753628517E-6
7.507319315129E-6
7.505885662507E-6
7.504452670167E-6
7.50302033763E-6
7.501588664413E-6
7.500157650037E-6
7.498727294023E-6
7.497297595889E-6
7.495868555159E-6
7.494440171353E-6
7.493012443994E-6
7.491585372604E-6
7.490158956706E-6
7.488733195824E-6
7.487308089482E-6
7.485883637204E-6
7.484459838516E-6
7.483036692942E-6
7.481614200009E-6
7.480192359242E-6
7.47877117017E-6
7.477350632318E-6
7.475930745216E-6
7.474511508391E-6
7.473092921371E-6
7.471674983687E-6
7.470257694868E-6
7.468841054443E-6
7.467425061944E-6
7.466009716901E-6
7.464595018846E-6
7.463180967311E-6
7.461767561828E-6
7.460354801931E-6
7.458942687152E-6
7.457531217026E-6
7.456120391087E-6
7.454710208869E-6
7.453300669908E-6
7.451891773739E-6
7.450483519899E-6
7.449075907923E-6
7.44766893735E-6
7.446262607717E-6
7.444856918561E-6
7.443451869421E-6
7.442047459835E-6
7.440643689344E-6
7.439240557487E-6
7.437838063804E-6
7.436436207835E-6
7.435034989123E-6
7.433634407208E-6
7.432234461632E-6
7.430835151938E-6
7.42943647767E-6
7.428038438369E-6
7.426641033581E-6
7.425244262849E-6
7.423848125718E-6
7.422452621734E-6
7.421057750441E-6
7.419663511386E-6
7.418269904116E-6
7.416876928177E-6
7.415484583117E-6
7.414092868483E-6
7.412701783824E-6
7.411311328689E-6
7.409921502627E-6
7.408532305187E-6
7.40714373592E-6
7.405755794375E-6
7.404368480105E-6
7.402981792659E-6
7.401595731591E-6
7.400210296452E-6
7.398825486795E-6
7.397441302173E-6
7.39605774214E-6
7.394674806249E-6
7.393292494055E-6
7.391910805113E-6
7.390529738979E-6
7.389149295207E-6
7.387769473355E-6
7.386390272978E-6
7.385011693634E-6
7.38363373488E-6
7.382256396275E-6
7.380879677375E-6
7.379503577741E-6
7.378128096931E-6
7.376753234506E-6
7.375378990024E-6
7.374005363046E-6
7.372632353134E-6
7.371259959849E-6
7.369888182752E-6
7.368517021406E-6
7.367146475373E-6
7.365776544216E-6
7.364407227499E-6
7.363038524785E-6
7.36167043564E-6
7.360302959627E-6
7.358936096311E-6
7.357569845259E-6
7.356204206036E-6
7.354839178209E-6
7.353474761344E-6
7.35211095501E-6
7.350747758772E-6
7.3493851722E-6
7.348023194862E-6
7.346661826327E-6
7.345301066164E-6
7.343940913943E-6
7.342581369234E-6
7.341222431608E-6
7.339864100636E-6
7.338506375889E-6
7.337149256939E-6
7.335792743358E-6
7.334436834719E-6
7.333081530595E-6
7.331726830559E-6
7.330372734186E-6
7.329019241049E-6
7.327666350724E-6
7.326314062785E-6
7.324962376808E-6
7.323611292369E-6
7.322260809044E-6
7.320910926411E-6
7.319561644045E-6
7.318212961525E-6
7.31686487843E-6
7.315517394336E-6
7.314170508823E-6
7.31282422147E-6
7.311478531857E-6
7.310133439563E-6
7.30878894417E-6
7.307445045258E-6
7.306101742408E-6
7.304759035201E-6
7.30341692322E-6
7.302075406048E-6
7.300734483266E-6
7.299394154459E-6
7.29805441921E-6
7.296715277102E-6
7.295376727721E-6
7.29403877065E-6
7.292701405476E-6
7.291364631784E-6
7.29002844916E-6
7.28869285719E-6
7.287357855461E-6
7.286023443561E-6
7.284689621076E-6
7.283356387595E-6
7.282023742707E-6
7.280691685999E-6
7.279360217062E-6
7.278029335484E-6
7.276699040856E-6
7.275369332768E-6
7.274040210811E-6
7.272711674575E-6
7.271383723653E-6
7.270056357636E-6
7.268729576117E-6
7.267403378688E-6
7.266077764942E-6
7.264752734473E-6
7.263428286874E-6
7.26210442174E-6
7.260781138666E-6
7.259458437246E-6
7.258136317076E-6
7.256814777751E-6
7.255493818868E-6
7.254173440023E-6
7.252853640813E-6
7.251534420836E-6
7.250215779689E-6
7.24889771697E-6
7.247580232278E-6
7.246263325211E-6
7.244946995369E-6
7.243631242352E-6
7.242316065758E-6
7.241001465189E-6
7.239687440246E-6
7.238373990529E-6
7.23706111564E-6
7.23574881518E-6
7.234437088753E-6
7.23312593596E-6
7.231815356405E-6
7.230505349691E-6
7.229195915422E-6
7.227887053201E-6
7.226578762634E-6
7.225271043325E-6
7.22396389488E-6
7.222657316904E-6
7.221351309003E-6
7.220045870783E-6
7.218741001851E-6
7.217436701815E-6
7.216132970281E-6
7.214829806858E-6
7.213527211154E-6
7.212225182777E-6
7.210923721336E-6
7.209622826441E-6
7.208322497702E-6
7.207022734728E-6
7.205723537129E-6
7.204424904517E-6
7.203126836503E-6
7.201829332699E-6
7.200532392715E-6
7.199236016165E-6
7.19794020266E-6
7.196644951815E-6
7.195350263242E-6
7.194056136555E-6
7.192762571369E-6
7.191469567297E-6
7.190177123954E-6
7.188885240956E-6
7.187593917917E-6
7.186303154455E-6
7.185012950185E-6
7.183723304724E-6
7.182434217688E-6
7.181145688695E-6
7.179857717363E-6
7.17857030331E-6
7.177283446154E-6
7.175997145514E-6
7.174711401008E-6
7.173426212258E-6
7.172141578881E-6
7.170857500499E-6
7.169573976732E-6
7.168291007201E-6
7.167008591527E-6
7.165726729332E-6
7.164445420237E-6
7.163164663865E-6
7.161884459839E-6
7.160604807781E-6
7.159325707315E-6
7.158047158065E-6
7.156769159655E-6
7.155491711709E-6
7.154214813852E-6
7.152938465708E-6
7.151662666904E-6
7.150387417066E-6
7.149112715819E-6
7.147838562789E-6
7.146564957605E-6
7.145291899892E-6
7.144019389279E-6
7.142747425394E-6
7.141476007864E-6
7.140205136318E-6
7.138934810386E-6
7.137665029696E-6
7.136395793878E-6
7.135127102562E-6
7.133858955378E-6
7.132591351957E-6
7.131324291931E-6
7.130057774929E-6
7.128791800585E-6
7.12752636853E-6
7.126261478396E-6
7.124997129816E-6
7.123733322423E-6
7.12247005585E-6
7.121207329732E-6
7.119945143702E-6
7.118683497395E-6
7.117422390446E-6
7.116161822488E-6
7.114901793159E-6
7.113642302094E-6
7.112383348928E-6
7.111124933298E-6
7.109867054841E-6
7.108609713194E-6
7.107352907995E-6
7.106096638881E-6
7.10484090549E-6
7.103585707461E-6
7.102331044432E-6
7.101076916043E-6
7.099823321933E-6
7.098570261742E-6
7.09731773511E-6
7.096065741677E-6
7.094814281085E-6
7.093563352973E-6
7.092312956985E-6
7.09106309276E-6
7.089813759942E-6
7.088564958173E-6
7.087316687096E-6
7.086068946353E-6
7.084821735589E-6
7.083575054446E-6
7.082328902569E-6
7.081083279602E-6
7.07983818519E-6
7.078593618979E-6
7.077349580612E-6
7.076106069737E-6
7.074863085999E-6
7.073620629044E-6
7.072378698519E-6
7.071137294071E-6
7.069896415348E-6
7.068656061997E-6
7.067416233665E-6
7.066176930002E-6
7.064938150655E-6
7.063699895275E-6
7.062462163509E-6
7.061224955008E-6
7.059988269421E-6
7.058752106399E-6
7.057516465592E-6
7.056281346651E-6
7.055046749227E-6
7.053812672972E-6
7.052579117538E-6
7.051346082576E-6
7.050113567738E-6
7.048881572679E-6
7.047650097051E-6
7.046419140506E-6
7.0451887027E-6
7.043958783286E-6
7.042729381918E-6
7.041500498251E-6
7.040272131939E-6
7.039044282639E-6
7.037816950006E-6
7.036590133695E-6
7.035363833364E-6
7.034138048668E-6
7.032912779264E-6
7.031688024809E-6
7.030463784962E-6
7.029240059379E-6
7.028016847719E-6
7.02679414964E-6
7.025571964801E-6
7.024350292861E-6
7.023129133479E-6
7.021908486315E-6
7.02068835103E-6
7.019468727282E-6
7.018249614733E-6
7.017031013043E-6
7.015812921875E-6
7.014595340888E-6
7.013378269746E-6
7.01216170811E-6
7.010945655643E-6
7.009730112006E-6
7.008515076865E-6
7.007300549881E-6
7.006086530718E-6
7.00487301904E-6
7.003660014512E-6
7.002447516798E-6
7.001235525563E-6
7.000024040472E-6
6.99881306119E-6
6.997602587384E-6
6.996392618719E-6
6.995183154861E-6
6.993974195479E-6
6.992765740237E-6
6.991557788804E-6
6.990350340847E-6
6.989143396034E-6
6.987936954033E-6
6.986731014513E-6
6.985525577143E-6
6.98432064159E-6
6.983116207526E-6
6.981912274619E-6
6.98070884254E-6
6.979505910958E-6
6.978303479545E-6
6.97710154797E-6
6.975900115906E-6
6.974699183024E-6
6.973498748995E-6
6.972298813491E-6
6.971099376185E-6
6.96990043675E-6
6.968701994858E-6
6.967504050182E-6
6.966306602397E-6
6.965109651175E-6
6.963913196191E-6
6.962717237119E-6
6.961521773635E-6
6.960326805412E-6
6.959132332126E-6
6.957938353454E-6
6.956744869069E-6
6.95555187865E-6
6.954359381871E-6
6.95316737841E-6
6.951975867944E-6
6.95078485015E-6
6.949594324706E-6
6.94840429129E-6
6.947214749579E-6
6.946025699252E-6
6.944837139988E-6
6.943649071465E-6
6.942461493364E-6
6.941274405364E-6
6.940087807144E-6
6.938901698386E-6
6.937716078768E-6
6.936530947972E-6
6.93534630568E-6
6.934162151571E-6
6.932978485329E-6
6.931795306634E-6
6.930612615169E-6
6.929430410616E-6
6.928248692658E-6
6.927067460979E-6
6.925886715261E-6
6.924706455187E-6
6.923526680443E-6
6.922347390711E-6
6.921168585677E-6
6.919990265024E-6
6.918812428439E-6
6.917635075605E-6
6.91645820621E-6
6.915281819938E-6
6.914105916475E-6
6.912930495509E-6
6.911755556725E-6
6.910581099811E-6
6.909407124454E-6
6.908233630341E-6
6.90706061716E-6
6.905888084599E-6
6.904716032346E-6
6.90354446009E-6
6.902373367521E-6
6.901202754326E-6
6.900032620195E-6
6.898862964819E-6
6.897693787887E-6
6.896525089089E-6
6.895356868116E-6
6.894189124658E-6
6.893021858407E-6
6.891855069054E-6
6.890688756291E-6
6.889522919809E-6
6.888357559301E-6
6.887192674459E-6
6.886028264976E-6
6.884864330545E-6
6.883700870858E-6
6.88253788561E-6
6.881375374495E-6
6.880213337206E-6
6.879051773437E-6
6.877890682884E-6
6.87673006524E-6
6.875569920202E-6
6.874410247465E-6
6.873251046724E-6
6.872092317675E-6
6.870934060015E-6
6.86977627344E-6
6.868618957646E-6
6.867462112331E-6
6.866305737192E-6
6.865149831927E-6
6.863994396233E-6
6.862839429808E-6
6.861684932351E-6
6.86053090356E-6
6.859377343135E-6
6.858224250774E-6
6.857071626176E-6
6.855919469042E-6
6.854767779072E-6
6.853616555964E-6
6.852465799421E-6
6.851315509142E-6
6.850165684829E-6
6.849016326183E-6
6.847867432905E-6
6.846719004698E-6
6.845571041262E-6
6.844423542301E-6
6.843276507517E-6
6.842129936613E-6
6.840983829292E-6
6.839838185256E-6
6.838693004211E-6
6.837548285859E-6
6.836404029905E-6
6.835260236053E-6
6.834116904008E-6
6.832974033474E-6
6.831831624157E-6
6.830689675762E-6
6.829548187995E-6
6.828407160561E-6
6.827266593168E-6
6.82612648552E-6
6.824986837326E-6
6.823847648291E-6
6.822708918124E-6
6.821570646531E-6
6.82043283322E-6
6.8192954779E-6
6.818158580277E-6
6.817022140062E-6
6.815886156962E-6
6.814750630687E-6
6.813615560946E-6
6.812480947447E-6
6.811346789902E-6
6.81021308802E-6
6.809079841511E-6
6.807947050085E-6
6.806814713454E-6
6.805682831328E-6
6.804551403419E-6
6.803420429439E-6
6.802289909098E-6
6.801159842109E-6
6.800030228184E-6
6.798901067035E-6
6.797772358376E-6
6.79664410192E-6
6.795516297379E-6
6.794388944467E-6
6.793262042898E-6
6.792135592386E-6
6.791009592644E-6
6.789884043389E-6
6.788758944333E-6
6.787634295193E-6
6.786510095683E-6
6.78538634552E-6
6.784263044417E-6
6.783140192093E-6
6.782017788262E-6
6.780895832642E-6
6.779774324948E-6
6.778653264899E-6
6.77753265221E-6
6.776412486601E-6
6.775292767787E-6
6.774173495487E-6
6.77305466942E-6
6.771936289304E-6
6.770818354856E-6
6.769700865797E-6
6.768583821846E-6
6.767467222721E-6
6.766351068142E-6
6.76523535783E-6
6.764120091504E-6
6.763005268885E-6
6.761890889693E-6
6.760776953649E-6
6.759663460475E-6
6.758550409891E-6
6.757437801618E-6
6.75632563538E-6
6.755213910897E-6
6.754102627893E-6
6.752991786089E-6
6.751881385208E-6
6.750771424974E-6
6.749661905109E-6
6.748552825337E-6
6.747444185382E-6
6.746335984968E-6
6.745228223818E-6
6.744120901657E-6
6.743014018211E-6
6.741907573203E-6
6.740801566358E-6
6.739695997403E-6
6.738590866063E-6
6.737486172063E-6
6.736381915129E-6
6.735278094989E-6
6.734174711368E-6
6.733071763993E-6
6.731969252591E-6
6.73086717689E-6
6.729765536616E-6
6.728664331498E-6
6.727563561264E-6
6.726463225641E-6
6.725363324358E-6
6.724263857144E-6
6.723164823727E-6
6.722066223837E-6
6.720968057202E-6
6.719870323553E-6
6.71877302262E-6
6.717676154131E-6
6.716579717818E-6
6.715483713411E-6
6.71438814064E-6
6.713292999237E-6
6.712198288932E-6
6.711104009458E-6
6.710010160545E-6
6.708916741926E-6
6.707823753333E-6
6.706731194497E-6
6.705639065152E-6
6.70454736503E-6
6.703456093864E-6
6.702365251388E-6
6.701274837334E-6
6.700184851437E-6
6.69909529343E-6
6.698006163048E-6
6.696917460024E-6
6.695829184094E-6
6.694741334993E-6
6.693653912454E-6
6.692566916214E-6
6.691480346008E-6
6.690394201571E-6
6.68930848264E-6
6.688223188951E-6
6.68713832024E-6
6.686053876243E-6
6.684969856698E-6
6.683886261342E-6
6.682803089911E-6
6.681720342143E-6
6.680638017776E-6
6.679556116548E-6
6.678474638198E-6
6.677393582462E-6
6.676312949081E-6
6.675232737792E-6
6.674152948335E-6
6.673073580449E-6
6.671994633874E-6
6.670916108349E-6
6.669838003614E-6
6.668760319409E-6
6.667683055475E-6
6.666606211552E-6
6.665529787381E-6
6.664453782703E-6
6.66337819726E-6
6.662303030792E-6
6.661228283041E-6
6.66015395375E-6
6.65908004266E-6
6.658006549513E-6
6.656933474053E-6
6.655860816022E-6
6.654788575162E-6
6.653716751218E-6
6.652645343932E-6
6.651574353048E-6
6.65050377831E-6
6.649433619462E-6
6.648363876249E-6
6.647294548414E-6
6.646225635702E-6
6.645157137859E-6
6.644089054629E-6
6.643021385758E-6
6.641954130991E-6
6.640887290074E-6
6.639820862754E-6
6.638754848775E-6
6.637689247886E-6
6.636624059831E-6
6.635559284359E-6
6.634494921216E-6
6.633430970149E-6
6.632367430906E-6
6.631304303235E-6
6.630241586883E-6
6.629179281598E-6
6.62811738713E-6
6.627055903226E-6
6.625994829635E-6
6.624934166105E-6
6.623873912387E-6
6.62281406823E-6
6.621754633383E-6
6.620695607595E-6
6.619636990618E-6
6.6185787822E-6
6.617520982093E-6
6.616463590048E-6
6.615406605814E-6
6.614350029143E-6
6.613293859786E-6
6.612238097495E-6
6.611182742021E-6
6.610127793117E-6
6.609073250533E-6
6.608019114024E-6
6.60696538334E-6
6.605912058235E-6
6.604859138461E-6
6.603806623772E-6
6.602754513922E-6
6.601702808662E-6
6.600651507748E-6
6.599600610933E-6
6.598550117971E-6
6.597500028617E-6
6.596450342625E-6
6.59540105975E-6
6.594352179747E-6
6.593303702371E-6
6.592255627377E-6
6.591207954521E-6
6.590160683559E-6
6.589113814246E-6
6.588067346339E-6
6.587021279594E-6
6.585975613768E-6
6.584930348617E-6
6.583885483899E-6
6.582841019371E-6
6.581796954789E-6
6.580753289912E-6
6.579710024497E-6
6.578667158303E-6
6.577624691087E-6
6.576582622608E-6
6.575540952625E-6
6.574499680896E-6
6.57345880718E-6
6.572418331236E-6
6.571378252825E-6
6.570338571704E-6
6.569299287635E-6
6.568260400377E-6
6.56722190969E-6
6.566183815335E-6
6.565146117072E-6
6.564108814662E-6
6.563071907866E-6
6.562035396445E-6
6.56099928016E-6
6.559963558774E-6
6.558928232047E-6
6.557893299742E-6
6.556858761621E-6
6.555824617447E-6
6.554790866981E-6
6.553757509986E-6
6.552724546226E-6
6.551691975463E-6
6.550659797462E-6
6.549628011984E-6
6.548596618795E-6
6.547565617658E-6
6.546535008336E-6
6.545504790596E-6
6.5444749642E-6
6.543445528913E-6
6.542416484501E-6
6.541387830729E-6
6.540359567361E-6
6.539331694163E-6
6.538304210902E-6
6.537277117342E-6
6.536250413249E-6
6.535224098391E-6
6.534198172533E-6
6.533172635442E-6
6.532147486885E-6
6.531122726628E-6
6.53009835444E-6
6.529074370086E-6
6.528050773336E-6
6.527027563956E-6
6.526004741715E-6
6.52498230638E-6
6.52396025772E-6
6.522938595504E-6
6.5219173195E-6
6.520896429477E-6
6.519875925205E-6
6.518855806451E-6
6.517836072987E-6
6.516816724581E-6
6.515797761004E-6
6.514779182025E-6
6.513760987415E-6
6.512743176944E-6
6.511725750382E-6
6.510708707501E-6
6.509692048071E-6
6.508675771864E-6
6.50765987865E-6
6.506644368202E-6
6.505629240291E-6
6.504614494689E-6
6.503600131168E-6
6.5025861495E-6
6.501572549458E-6
6.500559330814E-6
6.499546493342E-6
6.498534036814E-6
6.497521961003E-6
6.496510265683E-6
6.495498950627E-6
6.494488015609E-6
6.493477460404E-6
6.492467284784E-6
6.491457488525E-6
6.490448071401E-6
6.489439033187E-6
6.488430373656E-6
6.487422092586E-6
6.48641418975E-6
6.485406664924E-6
6.484399517883E-6
6.483392748404E-6
6.482386356263E-6
6.481380341235E-6
6.480374703096E-6
6.479369441624E-6
6.478364556595E-6
6.477360047786E-6
6.476355914973E-6
6.475352157934E-6
6.474348776447E-6
6.473345770289E-6
6.472343139238E-6
6.471340883071E-6
6.470339001567E-6
6.469337494504E-6
6.46833636166E-6
6.467335602815E-6
6.466335217747E-6
6.465335206235E-6
6.464335568058E-6
6.463336302996E-6
6.462337410827E-6
6.461338891333E-6
6.460340744292E-6
6.459342969485E-6
6.458345566693E-6
6.457348535695E-6
6.456351876271E-6
6.455355588204E-6
6.454359671274E-6
6.453364125262E-6
6.452368949949E-6
6.451374145116E-6
6.450379710547E-6
6.449385646021E-6
6.448391951322E-6
6.447398626232E-6
6.446405670532E-6
6.445413084006E-6
6.444420866436E-6
6.443429017606E-6
6.442437537297E-6
6.441446425294E-6
6.44045568138E-6
6.439465305338E-6
6.438475296952E-6
6.437485656007E-6
6.436496382285E-6
6.435507475573E-6
6.434518935653E-6
6.433530762311E-6
6.432542955331E-6
6.431555514499E-6
6.430568439599E-6
6.429581730418E-6
6.42859538674E-6
6.42760940835E-6
6.426623795036E-6
6.425638546583E-6
6.424653662777E-6
6.423669143404E-6
6.422684988252E-6
6.421701197106E-6
6.420717769754E-6
6.419734705982E-6
6.418752005578E-6
6.41776966833E-6
6.416787694024E-6
6.415806082449E-6
6.414824833392E-6
6.413843946642E-6
6.412863421986E-6
6.411883259213E-6
6.410903458113E-6
6.409924018472E-6
6.408944940081E-6
6.407966222728E-6
6.406987866203E-6
6.406009870295E-6
6.405032234794E-6
6.404054959488E-6
6.40307804417E-6
6.402101488627E-6
6.401125292651E-6
6.400149456033E-6
6.399173978562E-6
6.398198860029E-6
6.397224100226E-6
6.396249698943E-6
6.395275655971E-6
6.394301971103E-6
6.39332864413E-6
6.392355674842E-6
6.391383063033E-6
6.390410808495E-6
6.389438911019E-6
6.388467370398E-6
6.387496186425E-6
6.386525358893E-6
6.385554887593E-6
6.38458477232E-6
6.383615012867E-6
6.382645609026E-6
6.381676560592E-6
6.380707867359E-6
6.379739529119E-6
6.378771545668E-6
6.377803916799E-6
6.376836642307E-6
6.375869721987E-6
6.374903155632E-6
6.373936943039E-6
6.372971084002E-6
6.372005578315E-6
6.371040425776E-6
6.370075626178E-6
6.369111179318E-6
6.368147084992E-6
6.367183342995E-6
6.366219953124E-6
6.365256915176E-6
6.364294228945E-6
6.36333189423E-6
6.362369910828E-6
6.361408278534E-6
6.360446997146E-6
6.359486066462E-6
6.358525486278E-6
6.357565256394E-6
6.356605376605E-6
6.355645846711E-6
6.354686666509E-6
6.353727835798E-6
6.352769354375E-6
6.35181122204E-6
6.350853438592E-6
6.349896003828E-6
6.348938917549E-6
6.347982179553E-6
6.34702578964E-6
6.346069747609E-6
6.345114053261E-6
6.344158706394E-6
6.343203706809E-6
6.342249054306E-6
6.341294748685E-6
6.340340789746E-6
6.339387177292E-6
6.338433911121E-6
6.337480991035E-6
6.336528416836E-6
6.335576188324E-6
6.3346243053E-6
6.333672767568E-6
6.332721574927E-6
6.33177072718E-6
6.330820224129E-6
6.329870065576E-6
6.328920251324E-6
6.327970781175E-6
6.327021654932E-6
6.326072872397E-6
6.325124433373E-6
6.324176337664E-6
6.323228585073E-6
6.322281175403E-6
6.321334108457E-6
6.320387384041E-6
6.319441001956E-6
6.318494962009E-6
6.317549264001E-6
6.316603907739E-6
6.315658893026E-6
6.314714219668E-6
6.313769887468E-6
6.312825896232E-6
6.311882245765E-6
6.310938935873E-6
6.30999596636E-6
6.309053337032E-6
6.308111047695E-6
6.307169098155E-6
6.306227488218E-6
6.30528621769E-6
6.304345286377E-6
6.303404694086E-6
6.302464440624E-6
6.301524525796E-6
6.300584949411E-6
6.299645711275E-6
6.298706811195E-6
6.29776824898E-6
6.296830024435E-6
6.29589213737E-6
6.294954587591E-6
6.294017374907E-6
6.293080499126E-6
6.292143960056E-6
6.291207757506E-6
6.290271891284E-6
6.289336361199E-6
6.28840116706E-6
6.287466308676E-6
6.286531785856E-6
6.285597598409E-6
6.284663746144E-6
6.283730228873E-6
6.282797046403E-6
6.281864198545E-6
6.28093168511E-6
6.279999505906E-6
6.279067660746E-6
6.278136149438E-6
6.277204971795E-6
6.276274127626E-6
6.275343616742E-6
6.274413438955E-6
6.273483594076E-6
6.272554081917E-6
6.271624902288E-6
6.270696055001E-6
6.269767539869E-6
6.268839356703E-6
6.267911505315E-6
6.266983985518E-6
6.266056797124E-6
6.265129939945E-6
6.264203413795E-6
6.263277218485E-6
6.26235135383E-6
6.261425819642E-6
6.260500615734E-6
6.25957574192E-6
6.258651198013E-6
6.257726983828E-6
6.256803099177E-6
6.255879543875E-6
6.254956317736E-6
6.254033420575E-6
6.253110852205E-6
6.252188612442E-6
6.251266701099E-6
6.250345117993E-6
6.249423862937E-6
6.248502935747E-6
6.247582336239E-6
6.246662064227E-6
6.245742119527E-6
6.244822501955E-6
6.243903211327E-6
6.242984247459E-6
6.242065610167E-6
6.241147299267E-6
6.240229314575E-6
6.239311655908E-6
6.238394323084E-6
6.237477315918E-6
6.236560634227E-6
6.235644277829E-6
6.234728246541E-6
6.233812540181E-6
6.232897158565E-6
6.231982101512E-6
6.23106736884E-6
6.230152960366E-6
6.229238875908E-6
6.228325115285E-6
6.227411678315E-6
6.226498564816E-6
6.225585774608E-6
6.224673307509E-6
6.223761163337E-6
6.222849341913E-6
6.221937843055E-6
6.221026666582E-6
6.220115812315E-6
6.219205280072E-6
6.218295069674E-6
6.21738518094E-6
6.21647561369E-6
6.215566367745E-6
6.214657442925E-6
6.21374883905E-6
6.212840555941E-6
6.211932593419E-6
6.211024951304E-6
6.210117629418E-6
6.209210627581E-6
6.208303945615E-6
6.207397583342E-6
6.206491540582E-6
6.205585817158E-6
6.204680412891E-6
6.203775327604E-6
6.202870561118E-6
6.201966113256E-6
6.201061983839E-6
6.200158172691E-6
6.199254679634E-6
6.198351504491E-6
6.197448647085E-6
6.196546107239E-6
6.195643884775E-6
6.194741979518E-6
6.193840391291E-6
6.192939119916E-6
6.192038165219E-6
6.191137527023E-6
6.190237205152E-6
6.189337199429E-6
6.18843750968E-6
6.187538135728E-6
6.186639077399E-6
6.185740334516E-6
6.184841906905E-6
6.18394379439E-6
6.183045996796E-6
6.182148513949E-6
6.181251345674E-6
6.180354491797E-6
6.179457952142E-6
6.178561726536E-6
6.177665814805E-6
6.176770216774E-6
6.17587493227E-6
6.174979961118E-6
6.174085303146E-6
6.173190958179E-6
6.172296926045E-6
6.17140320657E-6
6.170509799581E-6
6.169616704905E-6
6.168723922369E-6
6.1678314518E-6
6.166939293026E-6
6.166047445875E-6
6.165155910174E-6
6.164264685751E-6
6.163373772433E-6
6.16248317005E-6
6.161592878428E-6
6.160702897397E-6
6.159813226785E-6
6.158923866421E-6
6.158034816132E-6
6.157146075749E-6
6.156257645099E-6
6.155369524013E-6
6.154481712319E-6
6.153594209847E-6
6.152707016426E-6
6.151820131886E-6
6.150933556056E-6
6.150047288767E-6
6.149161329848E-6
6.14827567913E-6
6.147390336443E-6
6.146505301617E-6
6.145620574483E-6
6.144736154871E-6
6.143852042612E-6
6.142968237538E-6
6.142084739478E-6
6.141201548265E-6
6.140318663729E-6
6.139436085702E-6
6.138553814016E-6
6.137671848502E-6
6.136790188992E-6
6.135908835317E-6
6.135027787311E-6
6.134147044804E-6
6.13326660763E-6
6.132386475621E-6
6.131506648609E-6
6.130627126427E-6
6.129747908907E-6
6.128868995884E-6
6.127990387189E-6
6.127112082656E-6
6.126234082118E-6
6.125356385408E-6
6.124478992361E-6
6.12360190281E-6
6.122725116589E-6
6.12184863353E-6
6.12097245347E-6
6.120096576241E-6
6.119221001679E-6
6.118345729616E-6
6.117470759889E-6
6.116596092332E-6
6.115721726779E-6
6.114847663065E-6
6.113973901026E-6
6.113100440496E-6
6.112227281311E-6
6.111354423306E-6
6.110481866318E-6
6.10960961018E-6
6.10873765473E-6
6.107865999803E-6
6.106994645235E-6
6.106123590862E-6
6.105252836521E-6
6.104382382048E-6
6.103512227279E-6
6.102642372051E-6
6.101772816201E-6
6.100903559565E-6
6.100034601982E-6
6.099165943287E-6
6.098297583318E-6
6.097429521912E-6
6.096561758907E-6
6.095694294141E-6
6.094827127451E-6
6.093960258675E-6
6.093093687651E-6
6.092227414217E-6
6.091361438211E-6
6.090495759471E-6
6.089630377837E-6
