0.03582668889147584
0.016056139715130202
0.010530028398425352
0.007897487652522432
0.006352848438049257
0.005335583965999455
0.004614071929406333
0.004075101458861898
0.003656755537051034
0.003322308581836424
0.003048593745161768
0.002820271967733624
0.002626781592219898
0.002460611485176459
0.002316272862788362
0.002189660822991749
0.00207764348239366
0.001977789355277976
0.001888181581407265
0.0018072883446339
0.001733870599816978
0.001666915145848659
0.001605585274545934
0.001549183833778776
0.001497125206210462
0.001448913788544603
0.001404127276211627
0.001362403545603956
0.001323430261062004
0.001286936567809416
0.00125268639772875
0.001220473033718529
0.001190114664646472
0.00116145072624192
0.001134338870239667
0.001108652439263441
0.001084278351521122
0.001061115319646864
0.00103907234359458
0.001018067429540947
9.98026496154961E-4
9.78882436969575E-4
9.60574313420335E-4
9.43046657749713E-4
9.26248868680448E-4
9.10134685739024E-4
8.94661730517042E-4
8.79791105112309E-4
8.6548703958628E-4
8.51716581581534E-4
8.3844932231897E-4
8.25657154084049E-4
8.1331405504974E-4
8.01395897898877E-4
7.89880279223092E-4
7.78746367107111E-4
7.67974764670632E-4
7.5754738764708E-4
7.47447354338673E-4
7.37658886508411E-4
7.28167219958079E-4
7.18958523702588E-4
7.10019826789059E-4
7.01338951927761E-4
6.92904455204417E-4
6.84705571231616E-4
6.76732163173691E-4
6.68974677145707E-4
6.61424100544983E-4
6.54071923923944E-4
6.46910106056942E-4
6.39931041892238E-4
6.33127533114053E-4
6.26492761069197E-4
6.20020261838936E-4
6.13703903259683E-4
6.07537863716521E-4
6.01516612551452E-4
5.95634891944226E-4
5.89887700137869E-4
5.84270275893406E-4
5.78778084069667E-4
5.73406802233967E-4
5.68152308218367E-4
5.63010668544289E-4
5.57978127645298E-4
5.53051097824404E-4
5.48226149887852E-4
5.43500004402692E-4
5.38869523529999E-4
5.3433170338982E-4
5.29883666917781E-4
5.25522657176633E-4
5.21246031089184E-4
5.17051253561836E-4
5.12935891970531E-4
5.08897610983168E-4
5.04934167694707E-4
5.01043407053052E-4
4.97223257555551E-4
4.93471727197583E-4
4.89786899656031E-4
4.86166930691931E-4
4.82610044757598E-4
4.79114531794831E-4
4.75678744211648E-4
4.72301094026011E-4
4.68980050165878E-4
4.65714135915564E-4
4.6250192649928E-4
4.59342046793267E-4
4.56233169158576E-4
4.53174011387115E-4
4.50163334754064E-4
4.4719994217029E-4
4.44282676428787E-4
4.41410418539561E-4
4.38582086147815E-4
4.35796632030549E-4
4.33053042667098E-4
4.30350336879352E-4
4.27687564537725E-4
4.25063805329176E-4
4.22478167583805E-4
4.19929787156825E-4
4.17417826362836E-4
4.1494147295956E-4
4.1249993917839E-4
4.10092460799219E-4
4.07718296267222E-4
4.05376725849353E-4
4.03067050828491E-4
4.0078859273328E-4
3.98540692601843E-4
3.96322710277592E-4
3.94134023735541E-4
3.9197402843758E-4
3.89842136715252E-4
3.87737777178677E-4
3.85660394150318E-4
3.83609447122392E-4
3.81584410236774E-4
3.79584771786295E-4
3.77610033736424E-4
3.75659711266345E-4
3.73733332328549E-4
3.71830437226038E-4
3.69950578206321E-4
3.68093319071455E-4
3.66258234803366E-4
3.64444911203749E-4
3.6265294454792E-4
3.60881941251947E-4
3.59131517552502E-4
3.57401299198847E-4
3.55690921156422E-4
3.54000027321537E-4
3.52328270246667E-4
3.50675310875902E-4
3.49040818290113E-4
3.47424469461413E-4
3.4582594901652E-4
3.44244949008655E-4
3.42681168697597E-4
3.41134314337581E-4
3.3960409897269E-4
3.38090242239431E-4
3.36592470176237E-4
3.35110515039558E-4
3.33644115126325E-4
3.3219301460249E-4
3.30756963337428E-4
3.29335716743958E-4
3.27929035623749E-4
3.26536686017921E-4
3.25158439062616E-4
3.23794070849361E-4
3.22443362290038E-4
3.21106098986278E-4
3.19782071103094E-4
3.18471073246635E-4
3.17172904345862E-4
3.15887367538017E-4
3.14614270057746E-4
3.13353423129737E-4
3.12104641864743E-4
3.10867745158851E-4
3.09642555595906E-4
3.08428899352969E-4
3.07226606108667E-4
3.06035508954377E-4
3.04855444308097E-4
3.03686251830966E-4
3.02527774346275E-4
3.01379857760928E-4
3.00242350989239E-4
2.99115105879013E-4
2.97997977139786E-4
2.96890822273211E-4
2.95793501505456E-4
2.94705877721579E-4
2.93627816401814E-4
2.92559185559682E-4
2.91499855681888E-4
2.90449699669935E-4
2.89408592783392E-4
2.88376412584761E-4
2.87353038885914E-4
2.86338353696013E-4
2.8533224117089E-4
2.84334587563825E-4
2.83345281177689E-4
2.82364212318408E-4
2.81391273249672E-4
2.8042635814892E-4
2.7946936306447E-4
2.78520185873838E-4
2.7757872624317E-4
2.76644885587747E-4
2.75718567033544E-4
2.74799675379815E-4
2.73888117062652E-4
2.72983800119509E-4
2.72086634154646E-4
2.71196530305476E-4
2.70313401209772E-4
2.69437160973738E-4
2.6856772514088E-4
2.67705010661679E-4
2.66848935864043E-4
2.65999420424493E-4
2.65156385340075E-4
2.64319752900995E-4
2.63489446663922E-4
2.62665391425948E-4
2.61847513199218E-4
2.61035739186158E-4
2.60229997755328E-4
2.59430218417864E-4
2.58636331804486E-4
2.5784826964307E-4
2.57065964736765E-4
2.56289350942621E-4
2.55518363150742E-4
2.54752937263933E-4
2.53993010177832E-4
2.53238519761504E-4
2.52489404838501E-4
2.51745605168363E-4
2.51007061428547E-4
2.50273715196786E-4
2.49545508933847E-4
2.48822385966691E-4
2.48104290472021E-4
2.47391167460204E-4
2.46682962759563E-4
2.45979623001026E-4
2.4528109560312E-4
2.44587328757299E-4
2.43898271413608E-4
2.4321387326667E-4
2.42534084741979E-4
2.41858856982495E-4
2.41188141835545E-4
2.40521891840002E-4
2.39860060213753E-4
2.39202600841437E-4
2.38549468262452E-4
2.37900617659221E-4
2.3725600484571E-4
2.36615586256197E-4
2.35979318934276E-4
2.35347160522104E-4
2.3471906924987E-4
2.34095003925492E-4
2.33474923924528E-4
2.328587891803E-4
2.32246560174227E-4
2.31638197926363E-4
2.31033663986126E-4
2.30432920423218E-4
2.29835929818744E-4
2.29242655256501E-4
2.28653060314453E-4
2.28067109056377E-4
2.27484766023686E-4
2.2690599622741E-4
2.26330765140342E-4
2.25759038689346E-4
2.25190783247813E-4
2.24625965628271E-4
2.2406455307515E-4
2.23506513257677E-4
2.22951814262922E-4
2.22400424588979E-4
2.21852313138278E-4
2.21307449211033E-4
2.20765802498817E-4
2.20227343078259E-4
2.19692041404866E-4
2.19159868306965E-4
2.18630794979761E-4
2.18104792979509E-4
2.17581834217799E-4
2.17061890955947E-4
2.165449357995E-4
2.16030941692831E-4
2.15519881913856E-4
2.15011730068832E-4
2.14506460087266E-4
2.1400404621691E-4
2.13504463018859E-4
2.13007685362731E-4
2.12513688421939E-4
2.12022447669055E-4
2.11533938871254E-4
2.11048138085844E-4
2.10565021655878E-4
2.10084566205845E-4
2.09606748637443E-4
2.09131546125419E-4
2.08658936113497E-4
2.08188896310373E-4
2.07721404685782E-4
2.07256439466632E-4
2.06793979133214E-4
2.06334002415475E-4
2.05876488289362E-4
2.05421415973222E-4
2.04968764924274E-4
2.04518514835139E-4
2.04070645630428E-4
2.03625137463397E-4
2.03181970712657E-4
2.02741125978943E-4
2.02302584081923E-4
2.01866326057091E-4
2.01432333152689E-4
2.01000586826697E-4
2.00571068743866E-4
2.00143760772798E-4
1.9971864498309E-4
1.99295703642518E-4
1.98874919214264E-4
1.98456274354195E-4
1.98039751908189E-4
1.97625334909507E-4
1.97213006576199E-4
1.96802750308568E-4
1.96394549686661E-4
1.95988388467814E-4
1.95584250584231E-4
1.95182120140606E-4
1.94781981411779E-4
1.94383818840439E-4
1.93987617034852E-4
1.9359336076664E-4
1.93201034968589E-4
1.92810624732489E-4
1.92422115307016E-4
1.92035492095645E-4
1.91650740654595E-4
1.91267846690812E-4
1.90886796059973E-4
1.90507574764539E-4
1.90130168951821E-4
1.89754564912091E-4
1.89380749076716E-4
1.8900870801632E-4
1.88638428438975E-4
1.88269897188428E-4
1.87903101242351E-4
1.87538027710612E-4
1.87174663833578E-4
1.86812996980447E-4
1.86453014647607E-4
1.86094704457014E-4
1.85738054154596E-4
1.85383051608682E-4
1.85029684808458E-4
1.84677941862448E-4
1.84327810997009E-4
1.83979280554859E-4
1.83632338993621E-4
1.83286974884392E-4
1.82943176910328E-4
1.82600933865263E-4
1.82260234652332E-4
1.81921068282629E-4
1.81583423873873E-4
1.81247290649108E-4
1.80912657935405E-4
1.80579515162599E-4
1.80247851862035E-4
1.79917657665331E-4
1.79588922303174E-4
1.79261635604111E-4
1.78935787493379E-4
1.78611367991737E-4
1.78288367214327E-4
1.77966775369533E-4
1.77646582757884E-4
1.77327779770945E-4
1.77010356890243E-4
1.76694304686201E-4
1.76379613817082E-4
1.76066275027967E-4
1.75754279149718E-4
1.75443617097988E-4
1.7513427987222E-4
1.74826258554669E-4
1.74519544309445E-4
1.74214128381557E-4
1.73910002095979E-4
1.73607156856725E-4
1.73305584145938E-4
1.73005275522991E-4
1.72706222623605E-4
1.72408417158971E-4
1.72111850914893E-4
1.71816515750933E-4
1.71522403599578E-4
1.71229506465414E-4
1.70937816424305E-4
1.70647325622595E-4
1.70358026276314E-4
1.70069910670393E-4
1.69782971157899E-4
1.69497200159262E-4
1.69212590161541E-4
1.68929133717666E-4
1.68646823445718E-4
1.68365652028204E-4
1.68085612211349E-4
1.67806696804391E-4
1.6752889867889E-4
1.67252210768042E-4
1.66976626066008E-4
1.6670213762725E-4
1.66428738565868E-4
1.66156422054958E-4
1.65885181325973E-4
1.65615009668087E-4
1.65345900427572E-4
1.6507784700719E-4
1.64810842865582E-4
1.6454488151667E-4
1.64279956529063E-4
1.64016061525478E-4
1.63753190182163E-4
1.63491336228326E-4
1.63230493445577E-4
1.62970655667371E-4
1.62711816778462E-4
1.62453970714365E-4
1.62197111460821E-4
1.61941233053273E-4
1.61686329576342E-4
1.61432395163316E-4
1.61179423995647E-4
1.60927410302445E-4
1.60676348359986E-4
1.60426232491227E-4
1.60177057065321E-4
1.59928816497142E-4
1.59681505246816E-4
1.59435117819257E-4
1.59189648763708E-4
1.58945092673287E-4
1.58701444184544E-4
1.5845869797702E-4
1.58216848772805E-4
1.57975891336112E-4
1.57735820472851E-4
1.57496631030207E-4
1.57258317896227E-4
1.57020875999411E-4
1.56784300308302E-4
1.56548585831092E-4
1.56313727615221E-4
1.5607972074699E-4
1.55846560351174E-4
1.5561424159064E-4
1.55382759665974E-4
1.55152109815104E-4
1.54922287312935E-4
1.54693287470985E-4
1.54465105637025E-4
1.54237737194726E-4
1.54011177563307E-4
1.53785422197191E-4
1.53560466585657E-4
1.53336306252508E-4
1.53112936755735E-4
1.52890353687184E-4
1.52668552672231E-4
1.52447529369458E-4
1.52227279470338E-4
1.52007798698913E-4
1.5178908281149E-4
1.51571127596327E-4
1.51353928873332E-4
1.51137482493759E-4
1.50921784339911E-4
1.50706830324849E-4
1.504926163921E-4
1.50279138515367E-4
1.50066392698244E-4
1.49854374973943E-4
1.49643081405007E-4
1.4943250808304E-4
1.49222651128435E-4
1.49013506690105E-4
1.4880507094522E-4
1.4859734009894E-4
1.48390310384158E-4
1.48183978061245E-4
1.47978339417796E-4
1.47773390768376E-4
1.47569128454272E-4
1.47365548843254E-4
1.47162648329327E-4
1.46960423332489E-4
1.46758870298501E-4
1.46557985698646E-4
1.46357766029499E-4
1.46158207812701E-4
1.45959307594726E-4
1.4576106194666E-4
1.45563467463978E-4
1.45366520766326E-4
1.451702184973E-4
1.44974557324238E-4
1.44779533937999E-4
1.44585145052759E-4
1.44391387405799E-4
1.44198257757304E-4
1.44005752890154E-4
1.43813869609728E-4
1.43622604743702E-4
1.4343195514185E-4
1.43241917675853E-4
1.43052489239103E-4
1.42863666746517E-4
1.42675447134343E-4
1.42487827359972E-4
1.42300804401762E-4
1.42114375258848E-4
1.41928536950959E-4
1.41743286518249E-4
1.41558621021107E-4
1.41374537539992E-4
1.41191033175255E-4
1.4100810504697E-4
1.4082575029476E-4
1.40643966077634E-4
1.40462749573814E-4
1.40282097980579E-4
1.40102008514095E-4
1.39922478409257E-4
1.39743504919531E-4
1.3956508531679E-4
1.39387216891165E-4
1.39209896950886E-4
1.3903312282213E-4
1.3885689184887E-4
1.38681201392726E-4
1.38506048832811E-4
1.38331431565593E-4
1.38157347004741E-4
1.37983792580987E-4
1.3781076574198E-4
1.37638263952147E-4
1.37466284692553E-4
1.37294825460763E-4
1.37123883770703E-4
1.36953457152526E-4
1.3678354315248E-4
1.3661413933277E-4
1.36445243271433E-4
1.36276852562203E-4
1.36108964814384E-4
1.35941577652721E-4
1.35774688717278E-4
1.35608295663307E-4
1.35442396161126E-4
1.35276987896E-4
1.35112068568018E-4
1.34947635891969E-4
1.34783687597226E-4
1.34620221427628E-4
1.34457235141366E-4
1.34294726510862E-4
1.34132693322657E-4
1.339711333773E-4
1.33810044489232E-4
1.33649424486676E-4
1.33489271211528E-4
1.33329582519249E-4
1.33170356278752E-4
1.33011590372303E-4
1.32853282695406E-4
1.32695431156708E-4
1.32538033677886E-4
1.32381088193549E-4
1.32224592651136E-4
1.32068545010814E-4
1.31912943245378E-4
1.31757785340151E-4
1.31603069292891E-4
1.31448793113686E-4
1.31294954824865E-4
1.31141552460896E-4
1.30988584068299E-4
1.30836047705548E-4
1.30683941442975E-4
1.30532263362687E-4
1.30381011558467E-4
1.3023018413569E-4
1.30079779211229E-4
1.29929794913367E-4
1.29780229381715E-4
1.29631080767118E-4
1.29482347231574E-4
1.29334026948146E-4
1.2918611810088E-4
1.29038618884717E-4
1.28891527505418E-4
1.28744842179472E-4
1.28598561134023E-4
1.28452682606786E-4
1.28307204845967E-4
1.28162126110185E-4
1.28017444668392E-4
1.27873158799795E-4
1.27729266793782E-4
1.27585766949844E-4
1.27442657577501E-4
1.27299936996222E-4
1.27157603535356E-4
1.27015655534059E-4
1.26874091341216E-4
1.26732909315372E-4
1.2659210782466E-4
1.26451685246732E-4
1.26311639968686E-4
1.26171970386997E-4
1.26032674907446E-4
1.25893751945058E-4
1.25755199924027E-4
1.25617017277651E-4
1.25479202448269E-4
1.25341753887188E-4
1.25204670054626E-4
1.25067949419639E-4
1.24931590460061E-4
1.24795591662441E-4
1.24659951521977E-4
1.24524668542457E-4
1.2438974123619E-4
1.24255168123956E-4
1.24120947734932E-4
1.2398707860664E-4
1.23853559284885E-4
1.23720388323696E-4
1.23587564285263E-4
1.23455085739887E-4
1.23322951265913E-4
1.23191159449677E-4
1.23059708885453E-4
1.22928598175389E-4
1.22797825929453E-4
1.22667390765383E-4
1.22537291308625E-4
1.22407526192284E-4
1.22278094057065E-4
1.22148993551226E-4
1.22020223330517E-4
1.21891782058132E-4
1.21763668404658E-4
1.21635881048018E-4
1.21508418673427E-4
1.21381279973334E-4
1.21254463647376E-4
1.21127968402326E-4
1.21001792952043E-4
1.20875936017427E-4
1.20750396326364E-4
1.2062517261368E-4
1.20500263621096E-4
1.20375668097177E-4
1.20251384797286E-4
1.20127412483537E-4
1.20003749924749E-4
1.19880395896399E-4
1.19757349180576E-4
1.1963460856594E-4
1.19512172847672E-4
1.19390040827432E-4
1.19268211313313E-4
1.19146683119799E-4
1.19025455067723E-4
1.18904525984219E-4
1.18783894702687E-4
1.18663560062741E-4
1.18543520910174E-4
1.18423776096916E-4
1.18304324480988E-4
1.18185164926467E-4
1.18066296303441E-4
1.1794771748797E-4
1.17829427362047E-4
1.17711424813556E-4
1.17593708736235E-4
1.17476278029636E-4
1.17359131599087E-4
1.17242268355651E-4
1.17125687216094E-4
1.1700938710284E-4
1.16893366943933E-4
1.1677762567301E-4
1.16662162229256E-4
1.16546975557366E-4
1.16432064607514E-4
1.16317428335314E-4
1.16203065701784E-4
1.16088975673315E-4
1.15975157221628E-4
1.15861609323745E-4
1.15748330961954E-4
1.15635321123771E-4
1.15522578801911E-4
1.15410102994252E-4
1.15297892703796E-4
1.15185946938648E-4
1.15074264711971E-4
1.14962845041959E-4
1.14851686951806E-4
1.14740789469668E-4
1.14630151628637E-4
1.14519772466706E-4
1.14409651026736E-4
1.1429978635643E-4
1.14190177508298E-4
1.14080823539625E-4
1.13971723512447E-4
1.13862876493514E-4
1.13754281554261E-4
1.13645937770781E-4
1.13537844223794E-4
1.13429999998619E-4
1.1332240418514E-4
1.13215055877783E-4
1.13107954175484E-4
1.13001098181662E-4
1.12894487004189E-4
1.12788119755365E-4
1.12681995551886E-4
1.1257611351482E-4
1.12470472769578E-4
1.12365072445888E-4
1.12259911677766E-4
1.12154989603489E-4
1.12050305365573E-4
1.1194585811074E-4
1.11841646989896E-4
1.11737671158105E-4
1.11633929774563E-4
1.1153042200257E-4
1.11427147009506E-4
1.11324103966809E-4
1.11221292049944E-4
1.11118710438383E-4
1.11016358315578E-4
1.10914234868937E-4
1.10812339289801E-4
1.10710670773416E-4
1.10609228518915E-4
1.1050801172929E-4
1.10407019611369E-4
1.10306251375793E-4
1.10205706236993E-4
1.10105383413169E-4
1.10005282126261E-4
1.09905401601931E-4
1.09805741069543E-4
1.09706299762134E-4
1.09607076916396E-4
1.09508071772652E-4
1.09409283574837E-4
1.09310711570473E-4
1.09212355010651E-4
1.09114213150003E-4
1.09016285246687E-4
1.08918570562366E-4
1.08821068362183E-4
1.08723777914741E-4
1.08626698492087E-4
1.08529829369685E-4
1.08433169826399E-4
1.08336719144475E-4
1.08240476609515E-4
1.08144441510461E-4
1.08048613139577E-4
1.07952990792425E-4
1.07857573767848E-4
1.0776236136795E-4
1.07667352898077E-4
1.07572547666798E-4
1.07477944985887E-4
1.07383544170299E-4
1.0728934453816E-4
1.07195345410742E-4
1.07101546112445E-4
1.07007945970784E-4
1.06914544316363E-4
1.06821340482863E-4
1.0672833380702E-4
1.06635523628613E-4
1.0654290929044E-4
1.06450490138303E-4
1.06358265520993E-4
1.06266234790266E-4
1.06174397300835E-4
1.06082752410346E-4
1.05991299479362E-4
1.0590003787135E-4
1.05808966952661E-4
1.05718086092514E-4
1.05627394662979E-4
1.05536892038963E-4
1.05446577598192E-4
1.05356450721193E-4
1.05266510791283E-4
1.05176757194548E-4
1.0508718931983E-4
1.04997806558711E-4
1.049086083055E-4
1.0481959395721E-4
1.04730762913548E-4
1.04642114576902E-4
1.04553648352321E-4
1.04465363647503E-4
1.04377259872777E-4
1.04289336441093E-4
1.04201592768002E-4
1.04114028271644E-4
1.04026642372736E-4
1.03939434494552E-4
1.03852404062913E-4
1.0376555050617E-4
1.03678873255192E-4
1.03592371743351E-4
1.03506045406507E-4
1.03419893682997E-4
1.03333916013618E-4
1.03248111841617E-4
1.03162480612672E-4
1.03077021774885E-4
1.02991734778762E-4
1.02906619077206E-4
1.02821674125501E-4
1.02736899381295E-4
1.02652294304593E-4
1.02567858357745E-4
1.02483591005423E-4
1.0239949171462E-4
1.02315559954631E-4
1.02231795197041E-4
1.02148196915714E-4
1.0206476458678E-4
1.01981497688622E-4
1.01898395701864E-4
1.01815458109357E-4
1.01732684396173E-4
1.01650074049585E-4
1.0156762655906E-4
1.01485341416247E-4
1.01403218114961E-4
1.01321256151179E-4
1.01239455023019E-4
1.01157814230736E-4
1.01076333276706E-4
1.00995011665417E-4
1.00913848903456E-4
1.008328444995E-4
1.00751997964302E-4
1.0067130881068E-4
1.00590776553512E-4
1.00510400709715E-4
1.00430180798241E-4
1.00350116340065E-4
1.00270206858173E-4
1.00190451877551E-4
1.00110850925177E-4
1.00031403530008E-4
9.995210922297E-5
9.9872967536947E-5
9.9793978006773E-5
9.9715140169219E-5
9.9636453562984E-5
9.9557917728685E-5
9.9479532208847E-5
9.940129654789E-5
9.9323210292125E-5
9.9245272989738E-5
9.9167484190784E-5
9.9089843447176E-5
9.9012350312675E-5
9.8935004342881E-5
9.8857805095223E-5
9.8780752128949E-5
9.8703845005116E-5
9.8627083286582E-5
9.8550466537999E-5
9.8473994325799E-5
9.8397666218185E-5
9.8321481785125E-5
9.8245440598341E-5
9.8169542231302E-5
9.809378625921E-5
9.8018172258997E-5
9.7942699809312E-5
9.7867368490514E-5
9.7792177884662E-5
9.7717127575509E-5
9.764221714849E-5
9.7567446190713E-5
9.7492814290955E-5
9.7418321039648E-5
9.7343966028876E-5
9.7269748852361E-5
9.7195669105459E-5
9.712172638515E-5
9.7047920290029E-5
9.6974250420298E-5
9.6900716377761E-5
9.682731776581E-5
9.6754054189423E-5
9.6680925255151E-5
9.6607930571112E-5
9.6535069746988E-5
9.6462342394006E-5
9.6389748124942E-5
9.6317286554103E-5
9.6244957297329E-5
9.6172759971975E-5
9.6100694196915E-5
9.6028759592524E-5
9.5956955780676E-5
9.5885282384737E-5
9.5813739029551E-5
9.5742325341442E-5
9.5671040948201E-5
9.5599885479078E-5
9.5528858564779E-5
9.5457959837453E-5
9.5387188930692E-5
9.5316545479516E-5
9.5246029120372E-5
9.5175639491126E-5
9.5105376231051E-5
9.5035238980826E-5
9.4965227382529E-5
9.4895341079624E-5
9.4825579716962E-5
9.4755942940766E-5
9.4686430398632E-5
9.4617041739519E-5
9.4547776613739E-5
9.4478634672957E-5
9.4409615570178E-5
9.4340718959745E-5
9.4271944497331E-5
9.4203291839932E-5
9.413476064586E-5
9.4066350574741E-5
9.39980612875E-5
9.3929892446362E-5
9.3861843714847E-5
9.3793914757754E-5
9.3726105241164E-5
9.3658414832432E-5
9.3590843200178E-5
9.3523390014283E-5
9.3456054945884E-5
9.3388837667363E-5
9.3321737852347E-5
9.3254755175699E-5
9.3187889313513E-5
9.3121139943107E-5
9.3054506743017E-5
9.2987989392992E-5
9.292158757399E-5
9.285530096817E-5
9.2789129258884E-5
9.2723072130675E-5
9.2657129269272E-5
9.2591300361581E-5
9.2525585095682E-5
9.2459983160821E-5
9.2394494247406E-5
9.2329118047003E-5
9.2263854252329E-5
9.2198702557243E-5
9.2133662656749E-5
9.2068734246981E-5
9.2003917025206E-5
9.1939210689811E-5
9.1874614940305E-5
9.1810129477311E-5
9.1745754002557E-5
9.1681488218876E-5
9.1617331830199E-5
9.1553284541548E-5
9.1489346059035E-5
9.1425516089853E-5
9.1361794342273E-5
9.1298180525637E-5
9.1234674350356E-5
9.1171275527902E-5
9.1107983770808E-5
9.1044798792654E-5
9.0981720308072E-5
9.0918748032736E-5
9.0855881683357E-5
9.0793120977679E-5
9.0730465634476E-5
9.0667915373545E-5
9.0605469915702E-5
9.0543128982775E-5
9.0480892297604E-5
9.0418759584036E-5
9.0356730566914E-5
9.0294804972078E-5
9.0232982526361E-5
9.0171262957581E-5
9.0109645994537E-5
9.0048131367009E-5
8.9986718805745E-5
8.9925408042468E-5
8.9864198809861E-5
8.9803090841568E-5
8.9742083872189E-5
8.9681177637273E-5
8.9620371873318E-5
8.9559666317765E-5
8.949906070899E-5
8.9438554786306E-5
8.9378148289957E-5
8.9317840961108E-5
8.925763254185E-5
8.9197522775187E-5
8.913751140504E-5
8.9077598176236E-5
8.901778283451E-5
8.8958065126494E-5
8.8898444799719E-5
8.883892160261E-5
8.8779495284477E-5
8.872016559552E-5
8.8660932286815E-5
8.8601795110317E-5
8.8542753818853E-5
8.848380816612E-5
8.842495790668E-5
8.8366202795957E-5
8.8307542590231E-5
8.8248977046637E-5
8.8190505923159E-5
8.8132128978627E-5
8.8073845972715E-5
8.8015656665933E-5
8.7957560819629E-5
8.7899558195978E-5
8.7841648557988E-5
8.7783831669488E-5
8.7726107295126E-5
8.766847520037E-5
8.7610935151497E-5
8.7553486915598E-5
8.7496130260565E-5
8.7438864955098E-5
8.7381690768691E-5
8.7324607471636E-5
8.7267614835016E-5
8.7210712630703E-5
8.7153900631353E-5
8.7097178610405E-5
8.7040546342075E-5
8.6984003601357E-5
8.692755016401E-5
8.6871185806567E-5
8.6814910306322E-5
8.6758723441335E-5
8.6702624990417E-5
8.6646614733141E-5
8.6590692449827E-5
8.6534857921545E-5
8.647911093011E-5
8.6423451258079E-5
8.6367878688747E-5
8.6312393006145E-5
8.6256993995036E-5
8.6201681440913E-5
8.6146455129994E-5
8.609131484922E-5
8.6036260386254E-5
8.598129152947E-5
8.5926408067963E-5
8.5871609791535E-5
8.5816896490694E-5
8.5762267956655E-5
8.5707723981335E-5
8.5653264357347E-5
8.5598888878002E-5
8.5544597337303E-5
8.5490389529941E-5
8.5436265251296E-5
8.5382224297431E-5
8.532826646509E-5
8.5274391551695E-5
8.5220599355343E-5
8.5166889674804E-5
8.5113262309517E-5
8.5059717059588E-5
8.5006253725786E-5
8.4952872109542E-5
8.4899572012946E-5
8.4846353238741E-5
8.4793215590325E-5
8.4740158871746E-5
8.4687182887697E-5
8.4634287443519E-5
8.4581472345192E-5
8.4528737399337E-5
8.4476082413212E-5
8.4423507194706E-5
8.4371011552342E-5
8.431859529527E-5
8.4266258233267E-5
8.4214000176734E-5
8.4161820936691E-5
8.4109720324778E-5
8.4057698153248E-5
8.4005754234971E-5
8.3953888383424E-5
8.3902100412695E-5
8.3850390137475E-5
8.3798757373059E-5
8.3747201935343E-5
8.369572364082E-5
8.364432230658E-5
8.3592997750306E-5
8.354174979027E-5
8.3490578245334E-5
8.3439482934945E-5
8.3388463679135E-5
8.3337520298515E-5
8.3286652614275E-5
8.3235860448182E-5
8.3185143622578E-5
8.3134501960375E-5
8.3083935285054E-5
8.3033443420665E-5
8.298302619182E-5
8.2932683423696E-5
8.2882414942028E-5
8.283222057311E-5
8.2782100143792E-5
8.2732053481477E-5
8.2682080414117E-5
8.2632180770214E-5
8.2582354378819E-5
8.2532601069524E-5
8.2482920672464E-5
8.2433313018316E-5
8.2383777938293E-5
8.2334315264143E-5
8.228492482815E-5
8.2235606463127E-5
8.2186360002418E-5
8.2137185279893E-5
8.2088082129945E-5
8.2039050387495E-5
8.1990089887979E-5
8.1941200467357E-5
8.1892381962102E-5
8.1843634209204E-5
8.1794957046164E-5
8.1746350310992E-5
8.169781384221E-5
8.1649347478844E-5
8.1600951060424E-5
8.1552624426985E-5
8.150436741906E-5
8.1456179877681E-5
8.1408061644376E-5
8.136001256117E-5
8.1312032470578E-5
8.1264121215606E-5
8.1216278639747E-5
8.1168504586984E-5
8.1120798901784E-5
8.1073161429095E-5
8.1025592014348E-5
8.0978090503452E-5
8.0930656742793E-5
8.0883290579232E-5
8.0835991860106E-5
8.078876043322E-5
8.0741596146852E-5
8.0694498849746E-5
8.0647468391111E-5
8.0600504620624E-5
8.0553607388421E-5
8.0506776545099E-5
8.0460011941717E-5
8.0413313429787E-5
8.0366680861278E-5
8.0320114088614E-5
8.0273612964668E-5
8.0227177342764E-5
8.0180807076676E-5
8.0134502020623E-5
8.0088262029267E-5
8.0042086957717E-5
7.999597666152E-5
7.9949930996664E-5
7.9903949819575E-5
7.9858032987116E-5
7.9812180356582E-5
7.9766391785704E-5
7.9720667132642E-5
7.9675006255987E-5
7.9629409014757E-5
7.9583875268396E-5
7.9538404876775E-5
7.9492997700184E-5
7.9447653599339E-5
7.9402372435372E-5
7.9357154069836E-5
7.9311998364697E-5
7.926690518234E-5
7.9221874385562E-5
7.9176905837571E-5
7.9131999401986E-5
7.9087154942834E-5
7.904237232455E-5
7.8997651411975E-5
7.8952992070352E-5
7.8908394165329E-5
7.8863857562954E-5
7.8819382129674E-5
7.8774967732336E-5
7.873061423818E-5
7.8686321514844E-5
7.8642089430357E-5
7.8597917853143E-5
7.8553806652015E-5
7.8509755696175E-5
7.8465764855212E-5
7.8421833999102E-5
7.8377962998206E-5
7.8334151723267E-5
7.8290400045412E-5
7.8246707836145E-5
7.8203074967353E-5
7.8159501311297E-5
7.8115986740617E-5
7.8072531128325E-5
7.8029134347808E-5
7.7985796272825E-5
7.7942516777505E-5
7.7899295736346E-5
7.7856133024215E-5
7.7813028516343E-5
7.776998208833E-5
7.7726993616135E-5
7.7684062976083E-5
7.764119004486E-5
7.7598374699508E-5
7.7555616817432E-5
7.751291627639E-5
7.7470272954498E-5
7.7427686730228E-5
7.73851574824E-5
7.7342685090191E-5
7.7300269433126E-5
7.7257910391079E-5
7.7215607844273E-5
7.7173361673277E-5
7.7131171759006E-5
7.7089037982718E-5
7.7046960226015E-5
7.7004938370839E-5
7.6962972299474E-5
7.6921061894543E-5
7.6879207039006E-5
7.683740761616E-5
7.6795663509638E-5
7.6753974603405E-5
7.6712340781762E-5
7.667076192934E-5
7.66292379311E-5
7.6587768672334E-5
7.6546354038661E-5
7.6504993916028E-5
7.6463688190706E-5
7.6422436749292E-5
7.6381239478706E-5
7.634009626619E-5
7.6299006999307E-5
7.6257971565942E-5
7.6216989854295E-5
7.6176061752886E-5
7.6135187150552E-5
7.6094365936445E-5
7.6053598000028E-5
7.6012883231082E-5
7.5972221519697E-5
7.5931612756274E-5
7.5891056831524E-5
7.5850553636467E-5
7.5810103062431E-5
7.5769705001049E-5
7.5729359344259E-5
7.5689065984306E-5
7.5648824813736E-5
7.5608635725395E-5
7.5568498612434E-5
7.5528413368303E-5
7.5488379886749E-5
7.5448398061817E-5
7.5408467787851E-5
7.5368588959487E-5
7.5328761471659E-5
7.5288985219594E-5
7.5249260098808E-5
7.5209586005114E-5
7.516996283461E-5
7.5130390483688E-5
7.5090868849026E-5
7.5051397827589E-5
7.501197731663E-5
7.4972607213686E-5
7.4933287416579E-5
7.4894017823415E-5
7.485479833258E-5
7.4815628842744E-5
7.4776509252856E-5
7.4737439462144E-5
7.4698419370117E-5
7.4659448876558E-5
7.4620527881528E-5
7.4581656285364E-5
7.4542833988676E-5
7.4504060892349E-5
7.446533689754E-5
7.4426661905679E-5
7.4388035818464E-5
7.4349458537864E-5
7.4310929966119E-5
7.4272450005733E-5
7.4234018559481E-5
7.4195635530401E-5
7.4157300821797E-5
7.4119014337237E-5
7.4080775980554E-5
7.404258565584E-5
7.4004443267452E-5
7.3966348720006E-5
7.3928301918377E-5
7.3890302767699E-5
7.3852351173366E-5
7.3814447041026E-5
7.3776590276584E-5
7.3738780786201E-5
7.3701018476292E-5
7.3663303253526E-5
7.3625635024822E-5
7.3588013697356E-5
7.3550439178548E-5
7.3512911376074E-5
7.3475430197855E-5
7.3437995552062E-5
7.3400607347115E-5
7.3363265491678E-5
7.3325969894661E-5
7.3288720465222E-5
7.3251517112758E-5
7.3214359746913E-5
7.3177248277574E-5
7.3140182614866E-5
7.3103162669157E-5
7.3066188351054E-5
7.3029259571405E-5
7.2992376241294E-5
7.2955538272046E-5
7.2918745575219E-5
7.2881998062608E-5
7.2845295646243E-5
7.2808638238389E-5
7.2772025751546E-5
7.2735458098444E-5
7.2698935192045E-5
7.2662456945544E-5
7.2626023272364E-5
7.2589634086162E-5
7.2553289300818E-5
7.2516988830445E-5
7.2480732589381E-5
7.2444520492191E-5
7.2408352453664E-5
7.2372228388818E-5
7.2336148212891E-5
7.2300111841348E-5
7.2264119189875E-5
7.222817017438E-5
7.2192264710993E-5
7.2156402716063E-5
7.2120584106163E-5
7.2084808798078E-5
7.2049076708818E-5
7.2013387755608E-5
7.1977741855888E-5
7.1942138927318E-5
7.1906578887771E-5
7.1871061655336E-5
7.1835587148315E-5
7.1800155285222E-5
7.1764765984787E-5
7.172941916595E-5
7.1694114747862E-5
7.1658852649886E-5
7.1623632791592E-5
7.1588455092763E-5
7.1553319473387E-5
7.1518225853661E-5
7.148317415399E-5
7.1448164294984E-5
7.141319619746E-5
7.1378269782438E-5
7.1343384971144E-5
7.1308541685008E-5
7.1273739845663E-5
7.1238979374942E-5
7.1204260194881E-5
7.116958222772E-5
7.1134945395894E-5
7.1100349622043E-5
7.1065794829001E-5
7.1031280939805E-5
7.0996807877687E-5
7.0962375566077E-5
7.0927983928602E-5
7.0893632889083E-5
7.0859322371538E-5
7.0825052300179E-5
7.0790822599412E-5
7.0756633193836E-5
7.0722484008243E-5
7.0688374967618E-5
7.0654305997134E-5
7.062027702216E-5
7.058628796825E-5
7.0552338761151E-5
7.0518429326799E-5
7.0484559591316E-5
7.0450729481014E-5
7.041693892239E-5
7.038318784213E-5
7.0349476167103E-5
7.0315803824368E-5
7.0282170741163E-5
7.0248576844915E-5
7.0215022063231E-5
7.0181506323903E-5
7.0148029554906E-5
7.0114591684395E-5
7.0081192640705E-5
7.0047832352357E-5
7.0014510748046E-5
6.998122775665E-5
6.9947983307225E-5
6.9914777329007E-5
6.9881609751405E-5
6.9848480504011E-5
6.9815389516589E-5
6.9782336719083E-5
6.9749322041611E-5
6.9716345414463E-5
6.9683406768109E-5
6.9650506033187E-5
6.9617643140514E-5
6.9584818021074E-5
6.9552030606028E-5
6.9519280826708E-5
6.9486568614613E-5
6.9453893901418E-5
6.9421256618964E-5
6.9388656699264E-5
6.9356094074498E-5
6.9323568677015E-5
6.9291080439335E-5
6.925862929414E-5
6.9226215174284E-5
6.9193838012783E-5
6.9161497742822E-5
6.9129194297748E-5
6.9096927611077E-5
6.9064697616487E-5
6.9032504247818E-5
6.9000347439076E-5
6.8968227124428E-5
6.8936143238205E-5
6.8904095714898E-5
6.887208448916E-5
6.8840109495805E-5
6.8808170669805E-5
6.8776267946294E-5
6.8744401260565E-5
6.8712570548068E-5
6.8680775744413E-5
6.8649016785369E-5
6.8617293606857E-5
6.8585606144961E-5
6.8553954335916E-5
6.8522338116116E-5
6.849075742211E-5
6.8459212190601E-5
6.8427702358445E-5
6.8396227862653E-5
6.8364788640392E-5
6.8333384628978E-5
6.8302015765882E-5
6.8270681988724E-5
6.8239383235279E-5
6.820811944347E-5
6.8176890551373E-5
6.8145696497212E-5
6.8114537219363E-5
6.8083412656349E-5
6.8052322746842E-5
6.8021267429664E-5
6.7990246643782E-5
6.7959260328311E-5
6.7928308422517E-5
6.7897390865806E-5
6.7866507597736E-5
6.7835658558005E-5
6.7804843686461E-5
6.7774062923093E-5
6.7743316208036E-5
6.771260348157E-5
6.7681924684114E-5
6.7651279756234E-5
6.7620668638638E-5
6.7590091272174E-5
6.7559547597834E-5
6.7529037556748E-5
6.7498561090191E-5
6.7468118139575E-5
6.7437708646452E-5
6.7407332552516E-5
6.7376989799598E-5
6.7346680329667E-5
6.7316404084833E-5
6.728616100734E-5
6.7255951039573E-5
6.7225774124052E-5
6.7195630203434E-5
6.7165519220512E-5
6.7135441118214E-5
6.7105395839604E-5
6.7075383327883E-5
6.7045403526383E-5
6.7015456378571E-5
6.698554182805E-5
6.6955659818554E-5
6.6925810293949E-5
6.6895993198238E-5
6.686620847555E-5
6.683645607015E-5
6.6806735926433E-5
6.6777047988926E-5
6.6747392202283E-5
6.6717768511293E-5
6.6688176860872E-5
6.6658617196066E-5
6.6629089462048E-5
6.6599593604124E-5
6.6570129567724E-5
6.6540697298407E-5
6.651129674186E-5
6.6481927843898E-5
6.645259055046E-5
6.6423284807615E-5
6.6394010561554E-5
6.6364767758596E-5
6.6335556345184E-5
6.6306376267888E-5
6.62772274734E-5
6.6248109908538E-5
6.621902352024E-5
6.6189968255573E-5
6.6160944061722E-5
6.6131950885998E-5
6.6102988675833E-5
6.607405737878E-5
6.6045156942515E-5
6.6016287314835E-5
6.5987448443657E-5
6.5958640277019E-5
6.5929862763079E-5
6.5901115850115E-5
6.5872399486524E-5
6.5843713620824E-5
6.5815058201647E-5
6.5786433177749E-5
6.5757838498001E-5
6.5729274111392E-5
6.5700739967028E-5
6.5672236014133E-5
6.5643762202048E-5
6.5615318480229E-5
6.5586904798247E-5
6.5558521105793E-5
6.5530167352669E-5
6.5501843488793E-5
6.5473549464199E-5
6.5445285229034E-5
6.5417050733559E-5
6.538884592815E-5
6.5360670763294E-5
6.5332525189594E-5
6.5304409157762E-5
6.5276322618625E-5
6.5248265523122E-5
6.5220237822303E-5
6.5192239467329E-5
6.5164270409472E-5
6.5136330600116E-5
6.5108419990754E-5
6.508053853299E-5
6.5052686178537E-5
6.5024862879218E-5
6.4997068586966E-5
6.496930325382E-5
6.4941566831931E-5
6.4913859273554E-5
6.4886180531057E-5
6.4858530556912E-5
6.4830909303699E-5
6.4803316724106E-5
6.4775752770926E-5
6.4748217397061E-5
6.4720710555515E-5
6.46932321994E-5
6.4665782281935E-5
6.4638360756441E-5
6.4610967576347E-5
6.4583602695185E-5
6.455626606659E-5
6.4528957644303E-5
6.4501677382168E-5
6.4474425234131E-5
6.4447201154243E-5
6.4420005096658E-5
6.439283701563E-5
6.4365696865517E-5
6.433858460078E-5
6.4311500175978E-5
6.4284443545776E-5
6.4257414664935E-5
6.4230413488321E-5
6.4203439970899E-5
6.4176494067733E-5
6.4149575733989E-5
6.412268492493E-5
6.4095821595921E-5
6.4068985702425E-5
6.4042177200003E-5
6.4015396044316E-5
6.3988642191122E-5
6.3961915596277E-5
6.3935216215735E-5
6.3908544005548E-5
6.3881898921864E-5
6.3855280920928E-5
6.3828689959084E-5
6.3802125992768E-5
6.3775588978516E-5
6.3749078872957E-5
6.3722595632817E-5
6.3696139214917E-5
6.3669709576173E-5
6.3643306673595E-5
6.3616930464289E-5
6.3590580905453E-5
6.3564257954381E-5
6.3537961568459E-5
6.3511691705168E-5
6.3485448322081E-5
6.3459231376864E-5
6.3433040827276E-5
6.3406876631168E-5
6.3380738746483E-5
6.3354627131255E-5
6.3328541743613E-5
6.3302482541774E-5
6.3276449484048E-5
6.3250442528833E-5
6.3224461634621E-5
6.3198506759993E-5
6.317257786362E-5
6.3146674904261E-5
6.3120797840769E-5
6.3094946632082E-5
6.3069121237229E-5
6.3043321615328E-5
6.3017547725586E-5
6.2991799527297E-5
6.2966076979843E-5
6.2940380042697E-5
6.2914708675415E-5
6.2889062837644E-5
6.2863442489116E-5
6.2837847589651E-5
6.2812278099157E-5
6.2786733977624E-5
6.2761215185134E-5
6.273572168185E-5
6.2710253428025E-5
6.2684810383993E-5
6.2659392510177E-5
6.2633999767083E-5
6.2608632115303E-5
6.2583289515513E-5
6.2557971928473E-5
6.2532679315027E-5
6.2507411636104E-5
6.2482168852716E-5
6.2456950925959E-5
6.2431757817011E-5
6.2406589487134E-5
6.2381445897672E-5
6.2356327010052E-5
6.2331232785783E-5
6.2306163186457E-5
6.2281118173747E-5
6.2256097709407E-5
6.2231101755275E-5
6.2206130273266E-5
6.2181183225379E-5
6.2156260573695E-5
6.2131362280372E-5
6.210648830765E-5
6.208163861785E-5
6.2056813173371E-5
6.2032011936694E-5
6.2007234870378E-5
6.198248193706E-5
6.1957753099459E-5
6.193304832037E-5
6.1908367562668E-5
6.1883710789308E-5
6.185907796332E-5
6.1834469047814E-5
6.1809884005977E-5
6.1785322801074E-5
6.1760785396447E-5
6.1736271755516E-5
6.1711781841776E-5
6.1687315618801E-5
6.166287305024E-5
6.163845409982E-5
6.1614058731342E-5
6.1589686908684E-5
6.15653385958E-5
6.154101375672E-5
6.1516712355547E-5
6.1492434356462E-5
6.1468179723718E-5
6.1443948421645E-5
6.1419740414647E-5
6.1395555667202E-5
6.1371394143863E-5
6.1347255809255E-5
6.1323140628079E-5
6.1299048565108E-5
6.1274979585189E-5
6.1250933653242E-5
6.1226910734259E-5
6.1202910793308E-5
6.1178933795525E-5
6.1154979706123E-5
6.1131048490382E-5
6.1107140113659E-5
6.1083254541381E-5
6.1059391739045E-5
6.1035551672221E-5
6.1011734306551E-5
6.0987939607747E-5
6.0964167541592E-5
6.0940418073938E-5
6.0916691170712E-5
6.0892986797906E-5
6.0869304921586E-5
6.0845645507886E-5
6.082200852301E-5
6.0798393933234E-5
6.0774801704899E-5
6.0751231804418E-5
6.0727684198275E-5
6.0704158853018E-5
6.0680655735267E-5
6.0657174811709E-5
6.0633716049102E-5
6.0610279414268E-5
6.0586864874101E-5
6.0563472395559E-5
6.0540101945671E-5
6.0516753491532E-5
6.0493427000304E-5
6.0470122439216E-5
6.0446839775565E-5
6.0423578976713E-5
6.0400340010091E-5
6.0377122843194E-5
6.0353927443585E-5
6.0330753778893E-5
6.030760181681E-5
6.0284471525098E-5
6.0261362871582E-5
6.0238275824151E-5
6.0215210350764E-5
6.019216641944E-5
6.0169143998266E-5
6.0146143055393E-5
6.0123163559036E-5
6.0100205477474E-5
6.0077268779051E-5
6.0054353432175E-5
6.0031459405319E-5
6.0008586667016E-5
5.9985735185867E-5
5.9962904930535E-5
5.9940095869744E-5
5.9917307972283E-5
5.9894541207004E-5
5.9871795542822E-5
5.9849070948713E-5
5.9826367393716E-5
5.9803684846934E-5
5.9781023277531E-5
5.9758382654731E-5
5.9735762947823E-5
5.9713164126155E-5
5.9690586159139E-5
5.9668029016246E-5
5.964549266701E-5
5.9622977081023E-5
5.9600482227943E-5
5.9578008077483E-5
5.9555554599421E-5
5.9533121763592E-5
5.9510709539895E-5
5.9488317898284E-5
5.9465946808778E-5
5.9443596241454E-5
5.9421266166447E-5
5.9398956553953E-5
5.9376667374227E-5
5.9354398597584E-5
5.9332150194396E-5
5.9309922135097E-5
5.9287714390176E-5
5.9265526930184E-5
5.9243359725729E-5
5.9221212747475E-5
5.9199085966149E-5
5.9176979352532E-5
5.9154892877464E-5
5.9132826511844E-5
5.9110780226626E-5
5.9088753992824E-5
5.9066747781508E-5
5.9044761563806E-5
5.9022795310901E-5
5.9000848994034E-5
5.8978922584503E-5
5.8957016053664E-5
5.8935129372925E-5
5.8913262513756E-5
5.8891415447678E-5
5.8869588146272E-5
5.8847780581171E-5
5.8825992724068E-5
5.8804224546707E-5
5.8782476020892E-5
5.8760747118478E-5
5.8739037811379E-5
5.8717348071562E-5
5.8695677871048E-5
5.8674027181915E-5
5.8652395976294E-5
5.8630784226372E-5
5.8609191904388E-5
5.8587618982638E-5
5.8566065433469E-5
5.8544531229285E-5
5.8523016342542E-5
5.8501520745749E-5
5.8480044411472E-5
5.8458587312326E-5
5.8437149420982E-5
5.8415730710164E-5
5.8394331152648E-5
5.8372950721263E-5
5.8351589388891E-5
5.8330247128468E-5
5.830892391298E-5
5.8287619715468E-5
5.8266334509023E-5
5.8245068266788E-5
5.822382096196E-5
5.8202592567786E-5
5.8181383057567E-5
5.8160192404654E-5
5.8139020582449E-5
5.8117867564406E-5
5.8096733324029E-5
5.8075617834876E-5
5.8054521070554E-5
5.8033443004721E-5
5.8012383611085E-5
5.7991342863406E-5
5.7970320735493E-5
5.7949317201208E-5
5.792833223446E-5
5.7907365809211E-5
5.788641789947E-5
5.7865488479298E-5
5.7844577522806E-5
5.7823685004153E-5
5.7802810897548E-5
5.7781955177249E-5
5.7761117817566E-5
5.7740298792855E-5
5.7719498077521E-5
5.7698715646021E-5
5.7677951472857E-5
5.7657205532582E-5
5.7636477799798E-5
5.7615768249154E-5
5.7595076855346E-5
5.7574403593122E-5
5.7553748437274E-5
5.7533111362645E-5
5.7512492344126E-5
5.7491891356652E-5
5.7471308375211E-5
5.7450743374833E-5
5.74301963306E-5
5.7409667217638E-5
5.7389156011123E-5
5.7368662686274E-5
5.7348187218361E-5
5.73277295827E-5
5.7307289754651E-5
5.7286867709625E-5
5.7266463423075E-5
5.7246076870503E-5
5.7225708027456E-5
5.720535686953E-5
5.7185023372363E-5
5.7164707511641E-5
5.7144409263096E-5
5.7124128602505E-5
5.7103865505691E-5
5.7083619948522E-5
5.7063391906914E-5
5.7043181356823E-5
5.7022988274255E-5
5.7002812635259E-5
5.6982654415928E-5
5.6962513592403E-5
5.6942390140867E-5
5.6922284037547E-5
5.6902195258719E-5
5.6882123780699E-5
5.6862069579848E-5
5.6842032632572E-5
5.6822012915322E-5
5.6802010404591E-5
5.6782025076917E-5
5.6762056908883E-5
5.6742105877113E-5
5.6722171958277E-5
5.6702255129086E-5
5.6682355366298E-5
5.6662472646709E-5
5.6642606947164E-5
5.6622758244547E-5
5.6602926515787E-5
5.6583111737855E-5
5.6563313887765E-5
5.6543532942573E-5
5.6523768879379E-5
5.6504021675324E-5
5.6484291307593E-5
5.6464577753411E-5
5.6444880990048E-5
5.6425200994812E-5
5.6405537745058E-5
5.6385891218179E-5
5.6366261391612E-5
5.6346648242834E-5
5.6327051749364E-5
5.6307471888764E-5
5.6287908638636E-5
5.6268361976623E-5
5.6248831880409E-5
5.6229318327721E-5
5.6209821296325E-5
5.6190340764031E-5
5.6170876708684E-5
5.6151429108176E-5
5.6131997940435E-5
5.6112583183431E-5
5.6093184815177E-5
5.6073802813722E-5
5.6054437157159E-5
5.6035087823618E-5
5.6015754791272E-5
5.5996438038331E-5
5.5977137543047E-5
5.5957853283711E-5
5.5938585238653E-5
5.5919333386245E-5
5.5900097704896E-5
5.5880878173055E-5
5.5861674769211E-5
5.5842487471892E-5
5.5823316259664E-5
5.5804161111135E-5
5.5785022004948E-5
5.5765898919788E-5
5.5746791834377E-5
5.5727700727476E-5
5.5708625577885E-5
5.5689566364442E-5
5.5670523066024E-5
5.5651495661547E-5
5.5632484129963E-5
5.5613488450264E-5
5.559450860148E-5
5.5575544562678E-5
5.5556596312963E-5
5.5537663831479E-5
5.5518747097406E-5
5.5499846089964E-5
5.5480960788407E-5
5.5462091172031E-5
5.5443237220166E-5
5.5424398912178E-5
5.5405576227475E-5
5.5386769145499E-5
5.5367977645729E-5
5.534920170768E-5
5.5330441310908E-5
5.5311696435002E-5
5.5292967059589E-5
5.5274253164332E-5
5.5255554728931E-5
5.5236871733122E-5
5.5218204156679E-5
5.5199551979409E-5
5.5180915181159E-5
5.5162293741809E-5
5.5143687641277E-5
5.5125096859516E-5
5.5106521376515E-5
5.50879611723E-5
5.5069416226929E-5
5.5050886520501E-5
5.5032372033147E-5
5.5013872745033E-5
5.4995388636363E-5
5.4976919687374E-5
5.495846587834E-5
5.4940027189568E-5
5.4921603601403E-5
5.4903195094222E-5
5.4884801648439E-5
5.4866423244501E-5
5.4848059862891E-5
5.4829711484127E-5
5.4811378088761E-5
5.4793059657379E-5
5.4774756170602E-5
5.4756467609086E-5
5.4738193953521E-5
5.4719935184629E-5
5.4701691283169E-5
5.4683462229933E-5
5.4665248005746E-5
5.4647048591468E-5
5.4628863967994E-5
5.461069411625E-5
5.4592539017198E-5
5.4574398651831E-5
5.455627300118E-5
5.4538162046304E-5
5.4520065768299E-5
5.4501984148294E-5
5.4483917167448E-5
5.4465864806959E-5
5.4447827048052E-5
5.4429803871989E-5
5.4411795260062E-5
5.43938011936E-5
5.437582165396E-5
5.4357856622535E-5
5.433990608075E-5
5.432197001006E-5
5.4304048391957E-5
5.4286141207962E-5
5.426824843963E-5
5.4250370068546E-5
5.423250607633E-5
5.4214656444632E-5
5.4196821155136E-5
5.4179000189557E-5
5.4161193529641E-5
5.4143401157167E-5
5.4125623053946E-5
5.410785920182E-5
5.4090109582662E-5
5.4072374178378E-5
5.4054652970905E-5
5.4036945942212E-5
5.4019253074297E-5
5.4001574349192E-5
5.398390974896E-5
5.3966259255692E-5
5.3948622851513E-5
5.3931000518579E-5
5.3913392239077E-5
5.3895797995223E-5
5.3878217769265E-5
5.3860651543482E-5
5.3843099300183E-5
5.3825561021708E-5
5.3808036690429E-5
5.3790526288745E-5
5.3773029799089E-5
5.3755547203921E-5
5.3738078485735E-5
5.3720623627051E-5
5.3703182610423E-5
5.3685755418432E-5
5.3668342033692E-5
5.3650942438844E-5
5.3633556616561E-5
5.3616184549544E-5
5.3598826220526E-5
5.3581481612267E-5
5.3564150707559E-5
5.3546833489223E-5
5.3529529940108E-5
5.3512240043094E-5
5.349496378109E-5
5.3477701137033E-5
5.3460452093892E-5
5.3443216634662E-5
5.342599474237E-5
5.3408786400069E-5
5.3391591590843E-5
5.3374410297806E-5
5.3357242504099E-5
5.3340088192891E-5
5.3322947347381E-5
5.3305819950797E-5
5.3288705986395E-5
5.3271605437461E-5
5.3254518287306E-5
5.3237444519272E-5
5.322038411673E-5
5.3203337063078E-5
5.3186303341742E-5
5.3169282936177E-5
5.3152275829864E-5
5.3135282006316E-5
5.3118301449071E-5
5.3101334141696E-5
5.3084380067785E-5
5.306743921096E-5
5.3050511554873E-5
5.3033597083199E-5
5.3016695779645E-5
5.2999807627944E-5
5.2982932611857E-5
5.2966070715171E-5
5.2949221921701E-5
5.2932386215291E-5
5.2915563579809E-5
5.2898753999154E-5
5.288195745725E-5
5.2865173938048E-5
5.2848403425526E-5
5.283164590369E-5
5.2814901356573E-5
5.2798169768233E-5
5.2781451122756E-5
5.2764745404256E-5
5.2748052596872E-5
5.2731372684771E-5
5.2714705652143E-5
5.269805148321E-5
5.2681410162216E-5
5.2664781673433E-5
5.2648166001161E-5
5.2631563129724E-5
5.2614973043473E-5
5.2598395726786E-5
5.2581831164065E-5
5.256527933974E-5
5.2548740238266E-5
5.2532213844125E-5
5.2515700141825E-5
5.2499199115898E-5
5.2482710750904E-5
5.2466235031426E-5
5.2449771942076E-5
5.243332146749E-5
5.2416883592329E-5
5.2400458301281E-5
5.2384045579058E-5
5.2367645410398E-5
5.2351257780065E-5
5.2334882672847E-5
5.231852007356E-5
5.230216996704E-5
5.2285832338154E-5
5.2269507171791E-5
5.2253194452866E-5
5.2236894166317E-5
5.222060629711E-5
5.2204330830233E-5
5.2188067750701E-5
5.2171817043553E-5
5.2155578693852E-5
5.2139352686688E-5
5.2123139007174E-5
5.2106937640446E-5
5.2090748571667E-5
5.2074571786024E-5
5.2058407268728E-5
5.2042255005014E-5
5.2026114980143E-5
5.2009987179399E-5
5.1993871588088E-5
5.1977768191545E-5
5.1961676975125E-5
5.194559792421E-5
5.1929531024204E-5
5.1913476260535E-5
5.1897433618656E-5
5.1881403084045E-5
5.18653846422E-5
5.1849378278645E-5
5.183338397893E-5
5.1817401728625E-5
5.1801431513326E-5
5.178547331865E-5
5.176952713024E-5
5.1753592933761E-5
5.1737670714904E-5
5.172176045938E-5
5.1705862152925E-5
5.1689975781298E-5
5.1674101330281E-5
5.165823878568E-5
5.1642388133324E-5
5.1626549359064E-5
5.1610722448775E-5
5.1594907388356E-5
5.1579104163725E-5
5.1563312760828E-5
5.154753316563E-5
5.1531765364121E-5
5.1516009342313E-5
5.150026508624E-5
5.148453258196E-5
5.1468811815553E-5
5.1453102773122E-5
5.1437405440792E-5
5.142171980471E-5
5.1406045851047E-5
5.1390383565995E-5
5.1374732935768E-5
5.1359093946604E-5
5.1343466584762E-5
5.1327850836523E-5
5.1312246688192E-5
5.1296654126093E-5
5.1281073136576E-5
5.1265503706009E-5
5.1249945820784E-5
5.1234399467316E-5
5.121886463204E-5
5.1203341301414E-5
5.1187829461917E-5
5.1172329100049E-5
5.1156840202334E-5
5.1141362755317E-5
5.1125896745563E-5
5.111044215966E-5
5.1094998984217E-5
5.1079567205864E-5
5.1064146811255E-5
5.1048737787062E-5
5.103334011998E-5
5.1017953796726E-5
5.1002578804036E-5
5.0987215128671E-5
5.0971862757409E-5
5.0956521677051E-5
5.094119187442E-5
5.0925873336358E-5
5.0910566049731E-5
5.0895270001423E-5
5.0879985178339E-5
5.0864711567408E-5
5.0849449155577E-5
5.0834197929814E-5
5.081895787711E-5
5.0803728984473E-5
5.0788511238935E-5
5.0773304627547E-5
5.0758109137381E-5
5.074292475553E-5
5.0727751469106E-5
5.0712589265244E-5
5.0697438131097E-5
5.068229805384E-5
5.0667169020667E-5
5.0652051018793E-5
5.0636944035454E-5
5.0621848057905E-5
5.0606763073421E-5
5.0591689069298E-5
5.0576626032853E-5
5.056157395142E-5
5.0546532812357E-5
5.0531502603039E-5
5.0516483310861E-5
5.050147492324E-5
5.0486477427612E-5
5.0471490811431E-5
5.0456515062173E-5
5.0441550167332E-5
5.0426596114425E-5
5.0411652890985E-5
5.0396720484566E-5
5.0381798882741E-5
5.0366888073104E-5
5.0351988043267E-5
5.0337098780862E-5
5.0322220273541E-5
5.0307352508975E-5
5.0292495474854E-5
5.0277649158887E-5
5.0262813548802E-5
5.0247988632349E-5
5.0233174397295E-5
5.0218370831425E-5
5.0203577922545E-5
5.0188795658481E-5
5.0174024027075E-5
5.0159263016191E-5
5.0144512613709E-5
5.0129772807531E-5
5.0115043585575E-5
5.0100324935781E-5
5.0085616846104E-5
5.0070919304522E-5
5.0056232299029E-5
5.0041555817638E-5
5.002688984838E-5
5.0012234379308E-5
4.9997589398489E-5
4.9982954894012E-5
4.9968330853983E-5
4.9953717266527E-5
4.9939114119788E-5
4.9924521401926E-5
4.9909939101123E-5
4.9895367205576E-5
4.9880805703502E-5
4.9866254583135E-5
4.9851713832731E-5
4.9837183440558E-5
4.9822663394908E-5
4.9808153684088E-5
4.9793654296423E-5
4.9779165220258E-5
4.9764686443953E-5
4.975021795589E-5
4.9735759744466E-5
4.9721311798097E-5
4.9706874105215E-5
4.9692446654273E-5
4.9678029433741E-5
4.9663622432104E-5
4.9649225637868E-5
4.9634839039554E-5
4.9620462625704E-5
4.9606096384875E-5
4.9591740305642E-5
4.9577394376597E-5
4.9563058586353E-5
4.9548732923535E-5
4.9534417376791E-5
4.9520111934782E-5
4.9505816586189E-5
4.9491531319709E-5
4.9477256124058E-5
4.9462990987968E-5
4.9448735900188E-5
4.9434490849485E-5
4.9420255824642E-5
4.9406030814461E-5
4.939181580776E-5
4.9377610793374E-5
4.9363415760155E-5
4.9349230696974E-5
4.9335055592715E-5
4.9320890436283E-5
4.9306735216597E-5
4.9292589922596E-5
4.9278454543232E-5
4.9264329067476E-5
4.9250213484317E-5
4.9236107782759E-5
4.9222011951822E-5
4.9207925980545E-5
4.9193849857982E-5
4.9179783573205E-5
4.91657271153E-5
4.9151680473372E-5
4.9137643636543E-5
4.9123616593949E-5
4.9109599334743E-5
4.9095591848098E-5
4.9081594123199E-5
4.906760614925E-5
4.9053627915469E-5
4.9039659411092E-5
4.9025700625372E-5
4.9011751547577E-5
4.8997812166991E-5
4.8983882472915E-5
4.8969962454665E-5
4.8956052101575E-5
4.8942151402994E-5
4.8928260348287E-5
4.8914378926835E-5
4.8900507128036E-5
4.8886644941302E-5
4.8872792356063E-5
4.8858949361763E-5
4.8845115947865E-5
4.8831292103843E-5
4.8817477819192E-5
4.8803673083419E-5
4.8789877886049E-5
4.8776092216622E-5
4.8762316064692E-5
4.8748549419832E-5
4.8734792271628E-5
4.8721044609683E-5
4.8707306423616E-5
4.8693577703058E-5
4.8679858437661E-5
4.8666148617089E-5
4.8652448231022E-5
4.8638757269154E-5
4.8625075721199E-5
4.8611403576882E-5
4.8597740825945E-5
4.8584087458144E-5
4.8570443463252E-5
4.8556808831057E-5
4.8543183551362E-5
4.8529567613984E-5
4.8515961008757E-5
4.8502363725529E-5
4.8488775754165E-5
4.8475197084541E-5
4.8461627706553E-5
4.8448067610109E-5
4.8434516785132E-5
4.8420975221562E-5
4.8407442909351E-5
4.8393919838469E-5
4.8380405998899E-5
4.8366901380639E-5
4.8353405973702E-5
4.8339919768117E-5
4.8326442753926E-5
4.8312974921186E-5
4.829951625997E-5
4.8286066760365E-5
4.8272626412472E-5
4.8259195206407E-5
4.8245773132302E-5
4.8232360180302E-5
4.8218956340567E-5
4.8205561603271E-5
4.8192175958603E-5
4.8178799396767E-5
4.816543190798E-5
4.8152073482476E-5
4.8138724110501E-5
4.8125383782316E-5
4.8112052488196E-5
4.8098730218432E-5
4.8085416963328E-5
4.80721127132E-5
4.8058817458384E-5
4.8045531189225E-5
4.8032253896084E-5
4.8018985569336E-5
4.8005726199371E-5
4.7992475776592E-5
4.7979234291417E-5
4.7966001734276E-5
4.7952778095616E-5
4.7939563365896E-5
4.792635753559E-5
4.7913160595185E-5
4.7899972535182E-5
4.7886793346097E-5
4.7873623018459E-5
4.7860461542811E-5
4.784730890971E-5
4.7834165109725E-5
4.7821030133443E-5
4.780790397146E-5
4.7794786614389E-5
4.7781678052855E-5
4.7768578277498E-5
4.7755487278969E-5
4.7742405047935E-5
4.7729331575077E-5
4.7716266851089E-5
4.7703210866676E-5
4.7690163612561E-5
4.7677125079477E-5
4.7664095258171E-5
4.7651074139405E-5
4.7638061713953E-5
4.7625057972603E-5
4.7612062906157E-5
4.7599076505428E-5
4.7586098761245E-5
4.7573129664449E-5
4.7560169205894E-5
4.7547217376448E-5
4.7534274166991E-5
4.7521339568419E-5
4.7508413571637E-5
4.7495496167567E-5
4.7482587347143E-5
4.746968710131E-5
4.7456795421028E-5
4.7443912297271E-5
4.7431037721024E-5
4.7418171683285E-5
4.7405314175066E-5
4.7392465187393E-5
4.7379624711303E-5
4.7366792737846E-5
4.7353969258086E-5
4.7341154263099E-5
4.7328347743974E-5
4.7315549691813E-5
4.7302760097732E-5
4.7289978952856E-5
4.7277206248327E-5
4.7264441975298E-5
4.7251686124934E-5
4.7238938688414E-5
4.7226199656928E-5
4.721346902168E-5
4.7200746773887E-5
4.7188032904777E-5
4.7175327405592E-5
4.7162630267585E-5
4.7149941482022E-5
4.7137261040184E-5
4.7124588933361E-5
4.7111925152857E-5
4.7099269689988E-5
4.7086622536082E-5
4.7073983682482E-5
4.706135312054E-5
4.7048730841621E-5
4.7036116837105E-5
4.7023511098381E-5
4.7010913616851E-5
4.6998324383931E-5
4.6985743391047E-5
4.697317062964E-5
4.696060609116E-5
4.694804976707E-5
4.6935501648847E-5
4.6922961727979E-5
4.6910429995965E-5
4.6897906444316E-5
4.6885391064558E-5
4.6872883848226E-5
4.6860384786869E-5
4.6847893872046E-5
4.6835411095329E-5
4.6822936448302E-5
4.6810469922561E-5
4.6798011509714E-5
4.678556120138E-5
4.6773118989191E-5
4.676068486479E-5
4.6748258819833E-5
4.6735840845985E-5
4.6723430934927E-5
4.6711029078347E-5
4.6698635267949E-5
4.6686249495446E-5
4.6673871752564E-5
4.666150203104E-5
4.6649140322622E-5
4.6636786619071E-5
4.662444091216E-5
4.6612103193672E-5
4.6599773455401E-5
4.6587451689156E-5
4.6575137886753E-5
4.6562832040023E-5
4.6550534140806E-5
4.6538244180957E-5
4.6525962152339E-5
4.6513688046827E-5
4.6501421856308E-5
4.648916357268E-5
4.6476913187853E-5
4.6464670693748E-5
4.6452436082298E-5
4.6440209345446E-5
4.6427990475147E-5
4.6415779463366E-5
4.6403576302082E-5
4.6391380983283E-5
4.6379193498969E-5
4.636701384115E-5
4.635484200185E-5
4.63426779731E-5
4.6330521746945E-5
4.6318373315441E-5
4.6306232670654E-5
4.6294099804662E-5
4.6281974709553E-5
4.6269857377428E-5
4.6257747800396E-5
4.6245645970579E-5
4.6233551880111E-5
4.6221465521134E-5
4.6209386885803E-5
4.6197315966282E-5
4.6185252754749E-5
4.617319724339E-5
4.6161149424403E-5
4.6149109289998E-5
4.6137076832393E-5
4.6125052043819E-5
4.6113034916517E-5
4.6101025442739E-5
4.6089023614747E-5
4.6077029424815E-5
4.6065042865227E-5
4.6053063928277E-5
4.604109260627E-5
4.6029128891522E-5
4.6017172776361E-5
4.6005224253124E-5
4.5993283314156E-5
4.5981349951818E-5
4.5969424158478E-5
4.5957505926516E-5
4.5945595248321E-5
4.5933692116293E-5
4.5921796522844E-5
4.5909908460395E-5
4.5898027921377E-5
4.5886154898232E-5
4.5874289383414E-5
4.5862431369386E-5
4.5850580848619E-5
4.5838737813598E-5
4.5826902256816E-5
4.5815074170779E-5
4.5803253548E-5
4.5791440381004E-5
4.5779634662326E-5
4.5767836384512E-5
4.5756045540117E-5
4.5744262121706E-5
4.5732486121856E-5
4.5720717533153E-5
4.5708956348193E-5
4.5697202559581E-5
4.5685456159935E-5
4.5673717141881E-5
4.5661985498055E-5
4.5650261221104E-5
4.5638544303685E-5
4.5626834738465E-5
4.561513251812E-5
4.5603437635337E-5
4.5591750082812E-5
4.5580069853253E-5
4.5568396939376E-5
4.5556731333906E-5
4.5545073029581E-5
4.5533422019147E-5
4.5521778295359E-5
4.5510141850985E-5
4.54985126788E-5
4.5486890771589E-5
4.5475276122147E-5
4.5463668723281E-5
4.5452068567804E-5
4.5440475648542E-5
4.542888995833E-5
4.5417311490011E-5
4.5405740236439E-5
4.5394176190477E-5
4.5382619345E-5
4.537106969289E-5
4.5359527227038E-5
4.5347991940348E-5
4.5336463825731E-5
4.5324942876109E-5
4.5313429084412E-5
4.5301922443581E-5
4.5290422946565E-5
4.5278930586324E-5
4.5267445355828E-5
4.5255967248054E-5
4.5244496255991E-5
4.5233032372636E-5
4.5221575590995E-5
4.5210125904085E-5
4.5198683304931E-5
4.5187247786569E-5
4.5175819342042E-5
4.5164397964406E-5
4.5152983646722E-5
4.5141576382063E-5
4.5130176163511E-5
4.5118782984157E-5
4.5107396837102E-5
4.5096017715454E-5
4.5084645612332E-5
4.5073280520866E-5
4.5061922434191E-5
4.5050571345455E-5
4.5039227247812E-5
4.5027890134427E-5
4.5016559998476E-5
4.500523683314E-5
4.4993920631611E-5
4.4982611387092E-5
4.4971309092793E-5
4.4960013741932E-5
4.4948725327738E-5
4.4937443843449E-5
4.4926169282313E-5
4.4914901637583E-5
4.4903640902525E-5
4.4892387070412E-5
4.4881140134527E-5
4.4869900088162E-5
4.4858666924616E-5
4.4847440637199E-5
4.483622121923E-5
4.4825008664035E-5
4.4813802964951E-5
4.4802604115322E-5
4.4791412108503E-5
4.4780226937855E-5
4.476904859675E-5
4.4757877078568E-5
4.4746712376698E-5
4.4735554484538E-5
4.4724403395494E-5
4.4713259102983E-5
4.4702121600426E-5
4.4690990881258E-5
4.4679866938919E-5
4.466874976686E-5
4.4657639358539E-5
4.4646535707424E-5
4.4635438806991E-5
4.4624348650724E-5
4.4613265232116E-5
4.460218854467E-5
4.4591118581896E-5
4.4580055337313E-5
4.4568998804448E-5
4.4557948976837E-5
4.4546905848026E-5
4.4535869411567E-5
4.4524839661021E-5
4.451381658996E-5
4.450280019196E-5
4.4491790460611E-5
4.4480787389506E-5
4.4469790972249E-5
4.4458801202455E-5
4.4447818073741E-5
4.4436841579739E-5
4.4425871714085E-5
4.4414908470424E-5
4.4403951842412E-5
4.4393001823711E-5
4.4382058407991E-5
4.4371121588932E-5
4.436019136022E-5
4.4349267715552E-5
4.4338350648631E-5
4.4327440153169E-5
4.4316536222888E-5
4.4305638851515E-5
4.4294748032787E-5
4.428386376045E-5
4.4272986028255E-5
4.4262114829966E-5
4.425125015935E-5
4.4240392010187E-5
4.422954037626E-5
4.4218695251365E-5
4.4207856629303E-5
4.4197024503885E-5
4.4186198868927E-5
4.4175379718257E-5
4.4164567045709E-5
4.4153760845124E-5
4.4142961110353E-5
4.4132167835254E-5
4.4121381013694E-5
4.4110600639546E-5
4.4099826706693E-5
4.4089059209025E-5
4.4078298140439E-5
4.4067543494842E-5
4.4056795266148E-5
4.4046053448278E-5
4.4035318035163E-5
4.4024589020738E-5
4.401386639895E-5
4.4003150163753E-5
4.3992440309107E-5
4.3981736828981E-5
4.3971039717351E-5
4.3960348968203E-5
4.3949664575528E-5
4.3938986533326E-5
4.3928314835605E-5
4.3917649476382E-5
4.3906990449678E-5
4.3896337749525E-5
4.3885691369961E-5
4.3875051305034E-5
4.3864417548796E-5
4.385379009531E-5
4.3843168938644E-5
4.3832554072877E-5
4.3821945492093E-5
4.3811343190383E-5
4.3800747161847E-5
4.3790157400594E-5
4.3779573900738E-5
4.3768996656402E-5
4.3758425661715E-5
4.3747860910816E-5
4.373730239785E-5
4.372675011697E-5
4.3716204062335E-5
4.3705664228113E-5
4.369513060848E-5
4.3684603197619E-5
4.3674081989719E-5
4.3663566978978E-5
4.3653058159601E-5
4.3642555525801E-5
4.3632059071796E-5
4.3621568791816E-5
4.3611084680093E-5
4.3600606730871E-5
4.3590134938398E-5
4.3579669296931E-5
4.3569209800735E-5
4.3558756444081E-5
4.3548309221246E-5
4.3537868126518E-5
4.3527433154189E-5
4.351700429856E-5
4.3506581553939E-5
4.3496164914641E-5
4.3485754374988E-5
4.347534992931E-5
4.3464951571944E-5
4.3454559297233E-5
4.3444173099529E-5
4.3433792973189E-5
4.342341891258E-5
4.3413050912074E-5
4.3402688966051E-5
4.3392333068898E-5
4.3381983215009E-5
4.3371639398785E-5
4.3361301614635E-5
4.3350969856973E-5
4.3340644120223E-5
4.3330324398813E-5
4.3320010687181E-5
4.3309702979771E-5
4.3299401271032E-5
4.3289105555422E-5
4.3278815827407E-5
4.3268532081457E-5
4.3258254312053E-5
4.3247982513678E-5
4.3237716680827E-5
4.3227456807998E-5
4.3217202889698E-5
4.320695492044E-5
4.3196712894746E-5
4.3186476807141E-5
4.3176246652162E-5
4.3166022424348E-5
4.3155804118248E-5
4.3145591728415E-5
4.3135385249414E-5
4.3125184675811E-5
4.3114990002182E-5
4.3104801223109E-5
4.3094618333181E-5
4.3084441326995E-5
4.3074270199152E-5
4.3064104944263E-5
4.3053945556943E-5
4.3043792031815E-5
4.3033644363509E-5
4.3023502546662E-5
4.3013366575916E-5
4.3003236445921E-5
4.2993112151334E-5
4.2982993686819E-5
4.2972881047044E-5
4.2962774226687E-5
4.2952673220432E-5
4.2942578022967E-5
4.2932488628989E-5
4.2922405033201E-5
4.2912327230315E-5
4.2902255215045E-5
4.2892188982115E-5
4.2882128526255E-5
4.28720738422E-5
4.2862024924694E-5
4.2851981768485E-5
4.284194436833E-5
4.2831912718991E-5
4.2821886815236E-5
4.2811866651842E-5
4.280185222359E-5
4.2791843525269E-5
4.2781840551674E-5
4.2771843297606E-5
4.2761851757873E-5
4.2751865927288E-5
4.2741885800674E-5
4.2731911372858E-5
4.2721942638672E-5
4.2711979592957E-5
4.2702022230558E-5
4.269207054633E-5
4.2682124535132E-5
4.2672184191828E-5
4.2662249511291E-5
4.2652320488399E-5
4.2642397118037E-5
4.2632479395096E-5
4.2622567314472E-5
4.2612660871071E-5
4.2602760059801E-5
4.2592864875579E-5
4.2582975313328E-5
4.2573091367976E-5
4.2563213034457E-5
4.2553340307714E-5
4.2543473182694E-5
4.2533611654351E-5
4.2523755717645E-5
4.2513905367541E-5
4.2504060599014E-5
4.249422140704E-5
4.2484387786605E-5
4.24745597327E-5
4.2464737240321E-5
4.2454920304473E-5
4.2445108920165E-5
4.2435303082411E-5
4.2425502786235E-5
4.2415708026664E-5
4.2405918798731E-5
4.2396135097477E-5
4.2386356917948E-5
4.2376584255196E-5
4.236681710428E-5
4.2357055460264E-5
4.2347299318218E-5
4.2337548673218E-5
4.2327803520348E-5
4.2318063854695E-5
4.2308329671354E-5
4.2298600965426E-5
4.2288877732017E-5
4.227915996624E-5
4.2269447663213E-5
4.225974081806E-5
4.2250039425913E-5
4.2240343481907E-5
4.2230652981184E-5
4.2220967918893E-5
4.2211288290189E-5
4.220161409023E-5
4.2191945314184E-5
4.2182281957222E-5
4.2172624014521E-5
4.2162971481266E-5
4.2153324352645E-5
4.2143682623854E-5
4.2134046290095E-5
4.2124415346575E-5
4.2114789788505E-5
4.2105169611106E-5
4.2095554809601E-5
4.208594537922E-5
4.20763413152E-5
4.2066742612783E-5
4.2057149267217E-5
4.2047561273754E-5
4.2037978627654E-5
4.2028401324183E-5
4.2018829358609E-5
4.2009262726211E-5
4.1999701422271E-5
4.1990145442075E-5
4.1980594780918E-5
4.1971049434099E-5
4.1961509396923E-5
4.1951974664701E-5
4.1942445232748E-5
4.1932921096387E-5
4.1923402250946E-5
4.1913888691757E-5
4.190438041416E-5
4.1894877413498E-5
4.1885379685123E-5
4.1875887224391E-5
4.1866400026661E-5
4.1856918087302E-5
4.1847441401686E-5
4.1837969965191E-5
4.18285037732E-5
4.1819042821103E-5
4.1809587104296E-5
4.1800136618177E-5
4.1790691358153E-5
4.1781251319636E-5
4.1771816498041E-5
4.1762386888793E-5
4.1752962487318E-5
4.174354328905E-5
4.1734129289428E-5
4.1724720483897E-5
4.1715316867906E-5
4.170591843691E-5
4.1696525186371E-5
4.1687137111754E-5
4.1677754208531E-5
4.166837647218E-5
4.1659003898181E-5
4.1649636482025E-5
4.1640274219203E-5
4.1630917105215E-5
4.1621565135564E-5
4.161221830576E-5
4.1602876611318E-5
4.1593540047757E-5
4.1584208610604E-5
4.157488229539E-5
4.156556109765E-5
4.1556245012926E-5
4.1546934036764E-5
4.1537628164718E-5
4.1528327392344E-5
4.1519031715205E-5
4.150974112887E-5
4.1500455628911E-5
4.1491175210908E-5
4.1481899870443E-5
4.1472629603107E-5
4.1463364404493E-5
4.1454104270202E-5
4.1444849195837E-5
4.1435599177009E-5
4.1426354209333E-5
4.141711428843E-5
4.1407879409926E-5
4.1398649569451E-5
4.1389424762641E-5
4.1380204985137E-5
4.1370990232586E-5
4.136178050064E-5
4.1352575784955E-5
4.1343376081194E-5
4.1334181385022E-5
4.1324991692112E-5
4.1315806998142E-5
4.1306627298793E-5
4.1297452589754E-5
4.1288282866716E-5
4.1279118125378E-5
4.1269958361442E-5
4.1260803570617E-5
4.1251653748614E-5
4.1242508891151E-5
4.1233368993953E-5
4.1224234052747E-5
4.1215104063265E-5
4.1205979021247E-5
4.1196858922435E-5
4.1187743762577E-5
4.1178633537427E-5
4.1169528242742E-5
4.1160427874287E-5
4.1151332427828E-5
4.114224189914E-5
4.1133156284E-5
4.1124075578191E-5
4.1114999777502E-5
4.1105928877725E-5
4.1096862874657E-5
4.1087801764104E-5
4.1078745541871E-5
4.1069694203771E-5
4.1060647745623E-5
4.1051606163248E-5
4.1042569452474E-5
4.1033537609133E-5
4.1024510629063E-5
4.1015488508105E-5
4.1006471242107E-5
4.0997458826919E-5
4.09884512584E-5
4.097944853241E-5
4.0970450644815E-5
4.0961457591488E-5
4.0952469368303E-5
4.0943485971141E-5
4.0934507395889E-5
4.0925533638435E-5
4.0916564694677E-5
4.0907600560514E-5
4.089864123185E-5
4.0889686704595E-5
4.0880736974664E-5
4.0871792037975E-5
4.0862851890452E-5
4.0853916528025E-5
4.0844985946625E-5
4.0836060142192E-5
4.0827139110667E-5
4.0818222847999E-5
4.080931135014E-5
4.0800404613046E-5
4.079150263268E-5
4.0782605405007E-5
4.0773712925999E-5
4.0764825191631E-5
4.0755942197884E-5
4.0747063940742E-5
4.0738190416196E-5
4.0729321620239E-5
4.0720457548871E-5
4.0711598198095E-5
4.0702743563918E-5
4.0693893642355E-5
4.0685048429422E-5
4.0676207921143E-5
4.0667372113542E-5
4.0658541002652E-5
4.0649714584509E-5
4.0640892855153E-5
4.0632075810628E-5
4.0623263446985E-5
4.0614455760278E-5
4.0605652746565E-5
4.0596854401909E-5
4.0588060722379E-5
4.0579271704046E-5
4.0570487342988E-5
4.0561707635286E-5
4.0552932577025E-5
4.0544162164297E-5
4.0535396393195E-5
4.0526635259821E-5
4.0517878760276E-5
4.050912689067E-5
4.0500379647116E-5
4.049163702573E-5
4.0482899022636E-5
4.0474165633957E-5
4.0465436855827E-5
4.0456712684379E-5
4.0447993115754E-5
4.0439278146094E-5
4.0430567771549E-5
4.0421861988272E-5
4.041316079242E-5
4.0404464180153E-5
4.0395772147639E-5
4.0387084691048E-5
4.0378401806554E-5
4.0369723490338E-5
4.0361049738582E-5
4.0352380547473E-5
4.0343715913206E-5
4.0335055831976E-5
4.0326400299984E-5
4.0317749313437E-5
4.0309102868542E-5
4.0300460961514E-5
4.0291823588573E-5
4.0283190745939E-5
4.0274562429841E-5
4.026593863651E-5
4.025731936218E-5
4.0248704603093E-5
4.0240094355491E-5
4.0231488615624E-5
4.0222887379744E-5
4.0214290644109E-5
4.0205698404978E-5
4.0197110658618E-5
4.0188527401299E-5
4.0179948629294E-5
4.0171374338882E-5
4.0162804526345E-5
4.015423918797E-5
4.0145678320047E-5
4.0137121918872E-5
4.0128569980744E-5
4.0120022501966E-5
4.0111479478846E-5
4.0102940907695E-5
4.0094406784831E-5
4.0085877106573E-5
4.0077351869245E-5
4.0068831069177E-5
4.00603147027E-5
4.0051802766151E-5
4.0043295255873E-5
4.0034792168208E-5
4.0026293499509E-5
4.0017799246126E-5
4.0009309404418E-5
4.0000823970747E-5
3.9992342941478E-5
3.998386631298E-5
3.9975394081629E-5
3.9966926243802E-5
3.995846279588E-5
3.9950003734252E-5
3.9941549055305E-5
3.9933098755436E-5
3.9924652831042E-5
3.9916211278526E-5
3.9907774094294E-5
3.9899341274757E-5
3.989091281633E-5
3.9882488715431E-5
3.9874068968482E-5
3.986565357191E-5
3.9857242522147E-5
3.9848835815627E-5
3.9840433448788E-5
3.9832035418073E-5
3.982364171993E-5
3.9815252350808E-5
3.9806867307162E-5
3.9798486585451E-5
3.9790110182138E-5
3.9781738093689E-5
3.9773370316575E-5
3.9765006847269E-5
3.9756647682251E-5
3.9748292818004E-5
3.9739942251012E-5
3.9731595977767E-5
3.9723253994763E-5
3.9714916298498E-5
3.9706582885473E-5
3.9698253752196E-5
3.9689928895175E-5
3.9681608310925E-5
3.9673291995963E-5
3.9664979946809E-5
3.9656672159991E-5
3.9648368632037E-5
3.964006935948E-5
3.9631774338857E-5
3.962348356671E-5
3.9615197039582E-5
3.9606914754023E-5
3.9598636706584E-5
3.9590362893822E-5
3.9582093312298E-5
3.9573827958575E-5
3.956556682922E-5
3.9557309920806E-5
3.9549057229907E-5
3.9540808753103E-5
3.9532564486977E-5
3.9524324428115E-5
3.9516088573109E-5
3.9507856918552E-5
3.9499629461042E-5
3.9491406197182E-5
3.9483187123576E-5
3.9474972236835E-5
3.9466761533571E-5
3.9458555010402E-5
3.9450352663948E-5
3.9442154490834E-5
3.9433960487687E-5
3.942577065114E-5
3.9417584977828E-5
3.940940346439E-5
3.940122610747E-5
3.9393052903714E-5
3.9384883849773E-5
3.9376718942301E-5
3.9368558177955E-5
3.9360401553397E-5
3.9352249065292E-5
3.9344100710311E-5
3.9335956485123E-5
3.9327816386407E-5
3.9319680410842E-5
3.9311548555111E-5
3.9303420815903E-5
3.9295297189907E-5
3.9287177673818E-5
3.9279062264334E-5
3.9270950958158E-5
3.9262843751994E-5
3.9254740642551E-5
3.9246641626542E-5
3.9238546700684E-5
3.9230455861696E-5
3.9222369106301E-5
3.9214286431228E-5
3.9206207833206E-5
3.9198133308969E-5
3.9190062855256E-5
3.9181996468808E-5
3.917393414637E-5
3.916587588469E-5
3.9157821680521E-5
3.9149771530618E-5
3.914172543174E-5
3.913368338065E-5
3.9125645374115E-5
3.9117611408905E-5
3.9109581481792E-5
3.9101555589553E-5
3.9093533728969E-5
3.9085515896825E-5
3.9077502089907E-5
3.9069492305006E-5
3.9061486538918E-5
3.9053484788439E-5
3.9045487050371E-5
3.903749332152E-5
3.9029503598693E-5
3.9021517878703E-5
3.9013536158365E-5
3.9005558434498E-5
3.8997584703925E-5
3.898961496347E-5
3.8981649209964E-5
3.8973687440238E-5
3.896572965113E-5
3.8957775839479E-5
3.8949826002127E-5
3.8941880135921E-5
3.8933938237712E-5
3.8926000304352E-5
3.8918066332697E-5
3.8910136319609E-5
3.8902210261951E-5
3.8894288156589E-5
3.8886370000394E-5
3.8878455790241E-5
3.8870545523005E-5
3.8862639195567E-5
3.8854736804813E-5
3.8846838347627E-5
3.8838943820902E-5
3.8831053221531E-5
3.8823166546412E-5
3.8815283792445E-5
3.8807404956534E-5
3.8799530035587E-5
3.8791659026515E-5
3.8783791926232E-5
3.8775928731654E-5
3.8768069439704E-5
3.8760214047305E-5
3.8752362551383E-5
3.8744514948871E-5
3.8736671236703E-5
3.8728831411814E-5
3.8720995471147E-5
3.8713163411645E-5
3.8705335230255E-5
3.8697510923927E-5
3.8689690489617E-5
3.868187392428E-5
3.8674061224878E-5
3.8666252388373E-5
3.8658447411733E-5
3.8650646291928E-5
3.8642849025932E-5
3.863505561072E-5
3.8627266043273E-5
3.8619480320574E-5
3.8611698439609E-5
3.8603920397369E-5
3.8596146190846E-5
3.8588375817035E-5
3.8580609272937E-5
3.8572846555554E-5
3.8565087661891E-5
3.8557332588958E-5
3.8549581333767E-5
3.8541833893333E-5
3.8534090264675E-5
3.8526350444814E-5
3.8518614430775E-5
3.8510882219587E-5
3.8503153808281E-5
3.8495429193891E-5
3.8487708373455E-5
3.8479991344014E-5
3.8472278102612E-5
3.8464568646295E-5
3.8456862972114E-5
3.8449161077123E-5
3.8441462958378E-5
3.8433768612939E-5
3.8426078037869E-5
3.8418391230233E-5
3.8410708187101E-5
3.8403028905545E-5
3.839535338264E-5
3.8387681615465E-5
3.8380013601102E-5
3.8372349336634E-5
3.836468881915E-5
3.8357032045741E-5
3.8349379013501E-5
3.8341729719526E-5
3.8334084160918E-5
3.8326442334778E-5
3.8318804238213E-5
3.8311169868333E-5
3.8303539222251E-5
3.8295912297081E-5
3.8288289089943E-5
3.8280669597958E-5
3.827305381825E-5
3.8265441747948E-5
3.8257833384181E-5
3.8250228724084E-5
3.8242627764795E-5
3.8235030503451E-5
3.8227436937197E-5
3.8219847063179E-5
3.8212260878545E-5
3.8204678380447E-5
3.819709956604E-5
3.8189524432483E-5
3.8181952976936E-5
3.8174385196563E-5
3.8166821088531E-5
3.8159260650011E-5
3.8151703878175E-5
3.8144150770199E-5
3.8136601323261E-5
3.8129055534544E-5
3.8121513401233E-5
3.8113974920516E-5
3.8106440089582E-5
3.8098908905627E-5
3.8091381365847E-5
3.8083857467441E-5
3.8076337207612E-5
3.8068820583566E-5
3.806130759251E-5
3.8053798231657E-5
3.8046292498221E-5
3.8038790389419E-5
3.8031291902471E-5
3.8023797034601E-5
3.8016305783034E-5
3.8008818144999E-5
3.8001334117729E-5
3.7993853698458E-5
3.7986376884423E-5
3.7978903672866E-5
3.797143406103E-5
3.796396804616E-5
3.7956505625507E-5
3.7949046796323E-5
3.7941591555861E-5
3.7934139901381E-5
3.7926691830142E-5
3.791924733941E-5
3.7911806426449E-5
3.7904369088529E-5
3.7896935322923E-5
3.7889505126905E-5
3.7882078497754E-5
3.787465543275E-5
3.7867235929176E-5
3.785981998432E-5
3.785240759547E-5
3.7844998759918E-5
3.7837593474959E-5
3.7830191737891E-5
3.7822793546014E-5
3.7815398896632E-5
3.7808007787051E-5
3.7800620214579E-5
3.7793236176529E-5
3.7785855670215E-5
3.7778478692954E-5
3.7771105242067E-5
3.7763735314876E-5
3.7756368908707E-5
3.7749006020889E-5
3.7741646648752E-5
3.7734290789631E-5
3.7726938440863E-5
3.7719589599786E-5
3.7712244263744E-5
3.7704902430082E-5
3.7697564096147E-5
3.769022925929E-5
3.7682897916864E-5
3.7675570066225E-5
3.7668245704732E-5
3.7660924829748E-5
3.7653607438634E-5
3.764629352876E-5
3.7638983097495E-5
3.7631676142211E-5
3.7624372660283E-5
3.7617072649089E-5
3.7609776106009E-5
3.7602483028428E-5
3.7595193413731E-5
3.7587907259307E-5
3.7580624562547E-5
3.7573345320846E-5
3.7566069531599E-5
3.7558797192207E-5
3.7551528300071E-5
3.7544262852598E-5
3.7537000847193E-5
3.7529742281268E-5
3.7522487152235E-5
3.7515235457509E-5
3.750798719451E-5
3.7500742360657E-5
3.7493500953374E-5
3.7486262970087E-5
3.7479028408226E-5
3.7471797265221E-5
3.7464569538506E-5
3.745734522552E-5
3.7450124323699E-5
3.7442906830487E-5
3.7435692743329E-5
3.7428482059671E-5
3.7421274776963E-5
3.7414070892659E-5
3.7406870404212E-5
3.7399673309081E-5
3.7392479604726E-5
3.7385289288609E-5
3.7378102358197E-5
3.7370918810958E-5
3.7363738644362E-5
3.7356561855882E-5
3.7349388442994E-5
3.7342218403177E-5
3.7335051733912E-5
3.7327888432683E-5
3.7320728496975E-5
3.7313571924277E-5
3.7306418712081E-5
3.729926885788E-5
3.7292122359172E-5
3.7284979213454E-5
3.7277839418229E-5
3.7270702971001E-5
3.7263569869276E-5
3.7256440110563E-5
3.7249313692375E-5
3.7242190612225E-5
3.723507086763E-5
3.722795445611E-5
3.7220841375186E-5
3.7213731622383E-5
3.7206625195228E-5
3.7199522091251E-5
3.7192422307982E-5
3.7185325842957E-5
3.7178232693712E-5
3.7171142857788E-5
3.7164056332725E-5
3.7156973116069E-5
3.7149893205366E-5
3.7142816598165E-5
3.713574329202E-5
3.7128673284484E-5
3.7121606573114E-5
3.7114543155469E-5
3.7107483029111E-5
3.7100426191605E-5
3.7093372640517E-5
3.7086322373417E-5
3.7079275387876E-5
3.7072231681469E-5
3.7065191251771E-5
3.7058154096363E-5
3.7051120212826E-5
3.7044089598743E-5
3.7037062251702E-5
3.703003816929E-5
3.70230173491E-5
3.7015999788725E-5
3.7008985485761E-5
3.7001974437807E-5
3.6994966642464E-5
3.6987962097335E-5
3.6980960800026E-5
3.6973962748145E-5
3.6966967939304E-5
3.6959976371115E-5
3.6952988041193E-5
3.6946002947157E-5
3.6939021086627E-5
3.6932042457225E-5
3.6925067056577E-5
3.6918094882311E-5
3.6911125932056E-5
3.6904160203443E-5
3.6897197694109E-5
3.689023840169E-5
3.6883282323825E-5
3.6876329458157E-5
3.6869379802329E-5
3.6862433353987E-5
3.6855490110782E-5
3.6848550070363E-5
3.6841613230385E-5
3.6834679588503E-5
3.6827749142376E-5
3.6820821889664E-5
3.6813897828031E-5
3.6806976955141E-5
3.6800059268663E-5
3.6793144766266E-5
3.6786233445623E-5
3.6779325304407E-5
3.6772420340298E-5
3.6765518550973E-5
3.6758619934114E-5
3.6751724487406E-5
3.6744832208534E-5
3.6737943095187E-5
3.6731057145057E-5
3.6724174355836E-5
3.6717294725219E-5
3.6710418250905E-5
3.6703544930594E-5
3.6696674761988E-5
3.6689807742792E-5
3.6682943870712E-5
3.6676083143459E-5
3.6669225558743E-5
3.6662371114279E-5
3.6655519807782E-5
3.6648671636972E-5
3.6641826599568E-5
3.6634984693293E-5
3.6628145915874E-5
3.6621310265036E-5
3.6614477738511E-5
3.6607648334029E-5
3.6600822049326E-5
3.6593998882137E-5
3.6587178830202E-5
3.6580361891261E-5
3.6573548063058E-5
3.6566737343338E-5
3.6559929729849E-5
3.6553125220341E-5
3.6546323812565E-5
3.6539525504277E-5
3.6532730293233E-5
3.6525938177191E-5
3.6519149153914E-5
3.6512363221164E-5
3.6505580376706E-5
3.6498800618309E-5
3.6492023943742E-5
3.6485250350778E-5
3.6478479837191E-5
3.6471712400757E-5
3.6464948039256E-5
3.6458186750467E-5
3.6451428532175E-5
3.6444673382164E-5
3.6437921298222E-5
3.6431172278139E-5
3.6424426319707E-5
3.6417683420719E-5
3.6410943578973E-5
3.6404206792265E-5
3.6397473058398E-5
3.6390742375173E-5
3.6384014740396E-5
3.6377290151874E-5
3.6370568607416E-5
3.6363850104833E-5
3.6357134641939E-5
3.635042221655E-5
3.6343712826484E-5
3.6337006469559E-5
3.63303031436E-5
3.6323602846429E-5
3.6316905575874E-5
3.6310211329763E-5
3.6303520105926E-5
3.6296831902197E-5
3.629014671641E-5
3.6283464546402E-5
3.6276785390014E-5
3.6270109245085E-5
3.626343610946E-5
3.6256765980984E-5
3.6250098857505E-5
3.6243434736872E-5
3.6236773616938E-5
3.6230115495556E-5
3.6223460370583E-5
3.6216808239877E-5
3.6210159101297E-5
3.6203512952707E-5
3.6196869791971E-5
3.6190229616955E-5
3.6183592425529E-5
3.6176958215562E-5
3.6170326984928E-5
3.6163698731502E-5
3.6157073453161E-5
3.6150451147783E-5
3.614383181325E-5
3.6137215447445E-5
3.6130602048253E-5
3.6123991613562E-5
3.6117384141261E-5
3.6110779629241E-5
3.6104178075396E-5
3.6097579477621E-5
3.6090983833815E-5
3.6084391141876E-5
3.6077801399706E-5
3.607121460521E-5
3.6064630756292E-5
3.6058049850861E-5
3.6051471886827E-5
3.60448968621E-5
3.6038324774597E-5
3.6031755622231E-5
3.6025189402922E-5
3.6018626114589E-5
3.6012065755154E-5
3.6005508322542E-5
3.5998953814677E-5
3.599240222949E-5
3.5985853564908E-5
3.5979307818865E-5
3.5972764989295E-5
3.5966225074133E-5
3.5959688071318E-5
3.595315397879E-5
3.5946622794491E-5
3.5940094516365E-5
3.5933569142358E-5
3.5927046670418E-5
3.5920527098495E-5
3.5914010424541E-5
3.590749664651E-5
3.5900985762358E-5
3.5894477770044E-5
3.5887972667526E-5
3.5881470452768E-5
3.5874971123732E-5
3.5868474678385E-5
3.5861981114695E-5
3.585549043063E-5
3.5849002624164E-5
3.5842517693269E-5
3.5836035635921E-5
3.5829556450098E-5
3.5823080133779E-5
3.5816606684946E-5
3.5810136101582E-5
3.5803668381673E-5
3.5797203523205E-5
3.5790741524169E-5
3.5784282382555E-5
3.5777826096356E-5
3.5771372663568E-5
3.5764922082188E-5
3.5758474350214E-5
3.5752029465647E-5
3.574558742649E-5
3.5739148230747E-5
3.5732711876426E-5
3.5726278361534E-5
3.5719847684083E-5
3.5713419842083E-5
3.570699483355E-5
3.57005726565E-5
3.5694153308951E-5
3.5687736788923E-5
3.5681323094436E-5
3.5674912223516E-5
3.5668504174188E-5
3.5662098944479E-5
3.5655696532418E-5
3.5649296936038E-5
3.5642900153371E-5
3.5636506182452E-5
3.5630115021319E-5
3.5623726668009E-5
3.5617341120564E-5
3.5610958377026E-5
3.560457843544E-5
3.5598201293851E-5
3.5591826950309E-5
3.5585455402862E-5
3.5579086649564E-5
3.5572720688467E-5
3.5566357517627E-5
3.5559997135103E-5
3.5553639538952E-5
3.5547284727237E-5
3.554093269802E-5
3.5534583449366E-5
3.5528236979341E-5
3.5521893286015E-5
3.5515552367458E-5
3.5509214221741E-5
3.5502878846939E-5
3.5496546241128E-5
3.5490216402386E-5
3.5483889328791E-5
3.5477565018426E-5
3.5471243469374E-5
3.5464924679719E-5
3.5458608647548E-5
3.5452295370951E-5
3.5445984848017E-5
3.5439677076838E-5
3.543337205551E-5
3.5427069782127E-5
3.5420770254788E-5
3.5414473471591E-5
3.5408179430639E-5
3.5401888130034E-5
3.5395599567881E-5
3.5389313742287E-5
3.538303065136E-5
3.5376750293211E-5
3.5370472665951E-5
3.5364197767696E-5
3.5357925596559E-5
3.5351656150658E-5
3.5345389428114E-5
3.5339125427046E-5
3.5332864145578E-5
3.5326605581834E-5
3.532034973394E-5
3.5314096600025E-5
3.5307846178217E-5
3.530159846665E-5
3.5295353463455E-5
3.5289111166769E-5
3.5282871574728E-5
3.5276634685471E-5
3.5270400497138E-5
3.5264169007871E-5
3.5257940215814E-5
3.5251714119114E-5
3.5245490715916E-5
3.5239270004372E-5
3.523305198263E-5
3.5226836648844E-5
3.5220624001169E-5
3.521441403776E-5
3.5208206756774E-5
3.5202002156373E-5
3.5195800234716E-5
3.5189600989968E-5
3.5183404420291E-5
3.5177210523855E-5
3.5171019298825E-5
3.5164830743372E-5
3.5158644855669E-5
3.5152461633887E-5
3.5146281076203E-5
3.5140103180793E-5
3.5133927945835E-5
3.512775536951E-5
3.5121585449999E-5
3.5115418185486E-5
3.5109253574157E-5
3.5103091614198E-5
3.5096932303798E-5
3.5090775641148E-5
3.5084621624438E-5
3.5078470251865E-5
3.5072321521621E-5
3.5066175431906E-5
3.5060031980917E-5
3.5053891166855E-5
3.5047752987922E-5
3.5041617442323E-5
3.5035484528262E-5
3.5029354243948E-5
3.5023226587588E-5
3.5017101557393E-5
3.5010979151576E-5
3.500485936835E-5
3.4998742205932E-5
3.4992627662537E-5
3.4986515736386E-5
3.4980406425699E-5
3.4974299728697E-5
3.4968195643605E-5
3.4962094168648E-5
3.4955995302053E-5
3.494989904205E-5
3.4943805386868E-5
3.4937714334739E-5
3.4931625883899E-5
3.4925540032581E-5
3.4919456779023E-5
3.4913376121464E-5
3.4907298058143E-5
3.4901222587304E-5
3.4895149707188E-5
3.4889079416042E-5
3.4883011712113E-5
3.4876946593648E-5
3.4870884058898E-5
3.4864824106115E-5
3.4858766733551E-5
3.4852711939463E-5
3.4846659722105E-5
3.4840610079738E-5
3.4834563010619E-5
3.4828518513011E-5
3.4822476585178E-5
3.4816437225382E-5
3.4810400431891E-5
3.4804366202972E-5
3.4798334536895E-5
3.479230543193E-5
3.4786278886351E-5
3.4780254898432E-5
3.4774233466447E-5
3.4768214588676E-5
3.4762198263396E-5
3.4756184488889E-5
3.4750173263436E-5
3.4744164585321E-5
3.473815845283E-5
3.4732154864249E-5
3.4726153817868E-5
3.4720155311975E-5
3.4714159344863E-5
3.4708165914825E-5
3.4702175020155E-5
3.4696186659151E-5
3.4690200830109E-5
3.468421753133E-5
3.4678236761114E-5
3.4672258517765E-5
3.4666282799585E-5
3.4660309604882E-5
3.4654338931962E-5
3.4648370779134E-5
3.4642405144709E-5
3.4636442026998E-5
3.4630481424315E-5
3.4624523334975E-5
3.4618567757295E-5
3.4612614689592E-5
3.4606664130187E-5
3.46007160774E-5
3.4594770529555E-5
3.4588827484976E-5
3.4582886941989E-5
3.457694889892E-5
3.4571013354099E-5
3.4565080305856E-5
3.4559149752524E-5
3.4553221692435E-5
3.4547296123925E-5
3.4541373045331E-5
3.453545245499E-5
3.4529534351241E-5
3.4523618732427E-5
3.4517705596889E-5
3.4511794942972E-5
3.4505886769022E-5
3.4499981073385E-5
3.449407785441E-5
3.4488177110447E-5
3.4482278839849E-5
3.4476383040968E-5
3.4470489712158E-5
3.4464598851777E-5
3.4458710458182E-5
3.4452824529731E-5
3.4446941064786E-5
3.4441060061708E-5
3.4435181518862E-5
3.4429305434612E-5
3.4423431807326E-5
3.441756063537E-5
3.4411691917116E-5
3.4405825650933E-5
3.4399961835195E-5
3.4394100468276E-5
3.438824154855E-5
3.4382385074395E-5
3.4376531044191E-5
3.4370679456315E-5
3.436483030915E-5
3.4358983601079E-5
3.4353139330486E-5
3.4347297495757E-5
3.434145809528E-5
3.4335621127442E-5
3.4329786590634E-5
3.4323954483248E-5
3.4318124803677E-5
3.4312297550316E-5
3.430647272156E-5
3.4300650315807E-5
3.4294830331456E-5
3.4289012766908E-5
3.4283197620563E-5
3.4277384890826E-5
3.4271574576101E-5
3.4265766674795E-5
3.4259961185314E-5
3.4254158106069E-5
3.4248357435469E-5
3.4242559171926E-5
3.4236763313854E-5
3.4230969859668E-5
3.4225178807783E-5
3.4219390156617E-5
3.421360390459E-5
3.4207820050122E-5
3.4202038591635E-5
3.4196259527552E-5
3.4190482856298E-5
3.41847085763E-5
3.4178936685984E-5
3.4173167183779E-5
3.4167400068117E-5
3.4161635337429E-5
3.4155872990148E-5
3.415011302471E-5
3.4144355439549E-5
3.4138600233104E-5
3.4132847403814E-5
3.4127096950118E-5
3.4121348870458E-5
3.4115603163278E-5
3.4109859827023E-5
3.4104118860137E-5
3.4098380261068E-5
3.4092644028265E-5
3.4086910160178E-5
3.4081178655259E-5
3.407544951196E-5
3.4069722728735E-5
3.406399830404E-5
3.4058276236333E-5
3.4052556524071E-5
3.4046839165714E-5
3.4041124159724E-5
3.4035411504562E-5
3.4029701198694E-5
3.4023993240584E-5
3.4018287628699E-5
3.4012584361506E-5
3.4006883437476E-5
3.4001184855079E-5
3.3995488612787E-5
3.3989794709073E-5
3.3984103142413E-5
3.3978413911283E-5
3.397272701416E-5
3.3967042449524E-5
3.3961360215853E-5
3.3955680311631E-5
3.3950002735341E-5
3.3944327485466E-5
3.3938654560492E-5
3.3932983958906E-5
3.3927315679197E-5
3.3921649719855E-5
3.3915986079371E-5
3.3910324756236E-5
3.3904665748946E-5
3.3899009055995E-5
3.3893354675879E-5
3.3887702607096E-5
3.3882052848146E-5
3.3876405397529E-5
3.3870760253748E-5
3.3865117415303E-5
3.3859476880701E-5
3.3853838648448E-5
3.384820271705E-5
3.3842569085016E-5
3.3836937750855E-5
3.383130871308E-5
3.3825681970202E-5
3.3820057520734E-5
3.3814435363193E-5
3.3808815496094E-5
3.3803197917955E-5
3.3797582627295E-5
3.3791969622635E-5
3.3786358902495E-5
3.37807504654E-5
3.3775144309873E-5
3.376954043444E-5
3.3763938837628E-5
3.3758339517965E-5
3.375274247398E-5
3.3747147704204E-5
3.3741555207169E-5
3.373596498141E-5
3.373037702546E-5
3.3724791337854E-5
3.3719207917132E-5
3.371362676183E-5
3.370804787049E-5
3.3702471241651E-5
3.3696896873857E-5
3.3691324765651E-5
3.3685754915578E-5
3.3680187322185E-5
3.3674621984019E-5
3.3669058899629E-5
3.3663498067565E-5
3.3657939486379E-5
3.3652383154622E-5
3.3646829070849E-5
3.3641277233615E-5
3.3635727641477E-5
3.3630180292993E-5
3.3624635186721E-5
3.3619092321221E-5
3.3613551695056E-5
3.3608013306789E-5
3.3602477154982E-5
3.3596943238202E-5
3.3591411555016E-5
3.358588210399E-5
3.3580354883695E-5
3.35748298927E-5
3.3569307129578E-5
3.3563786592901E-5
3.3558268281243E-5
3.355275219318E-5
3.3547238327288E-5
3.3541726682146E-5
3.3536217256332E-5
3.3530710048426E-5
3.3525205057012E-5
3.351970228067E-5
3.3514201717986E-5
3.3508703367545E-5
3.3503207227933E-5
3.3497713297739E-5
3.349222157555E-5
3.3486732059958E-5
3.3481244749555E-5
3.3475759642932E-5
3.3470276738684E-5
3.3464796035406E-5
3.3459317531694E-5
3.3453841226147E-5
3.3448367117363E-5
3.3442895203943E-5
3.3437425484487E-5
3.3431957957598E-5
3.342649262188E-5
3.3421029475938E-5
3.3415568518378E-5
3.3410109747808E-5
3.3404653162837E-5
3.3399198762073E-5
3.3393746544129E-5
3.3388296507616E-5
3.3382848651149E-5
3.3377402973341E-5
3.3371959472808E-5
3.3366518148168E-5
3.336107899804E-5
3.3355642021042E-5
3.3350207215795E-5
3.3344774580921E-5
3.3339344115044E-5
3.3333915816787E-5
3.3328489684776E-5
3.3323065717638E-5
3.3317643914001E-5
3.3312224272494E-5
3.3306806791747E-5
3.3301391470391E-5
3.329597830706E-5
3.3290567300386E-5
3.3285158449006E-5
3.3279751751554E-5
3.327434720667E-5
3.3268944812991E-5
3.3263544569156E-5
3.3258146473808E-5
3.3252750525587E-5
3.3247356723138E-5
3.3241965065105E-5
3.3236575550132E-5
3.3231188176868E-5
3.322580294396E-5
3.3220419850057E-5
3.321503889381E-5
3.320966007387E-5
3.3204283388889E-5
3.3198908837521E-5
3.3193536418423E-5
3.3188166130248E-5
3.3182797971656E-5
3.3177431941304E-5
3.3172068037851E-5
3.3166706259959E-5
3.316134660629E-5
3.3155989075506E-5
3.3150633666272E-5
3.3145280377253E-5
3.3139929207116E-5
3.3134580154528E-5
3.3129233218159E-5
3.3123888396677E-5
3.3118545688755E-5
3.3113205093064E-5
3.3107866608279E-5
3.3102530233072E-5
3.3097195966121E-5
3.3091863806101E-5
3.3086533751692E-5
3.3081205801571E-5
3.307587995442E-5
3.3070556208919E-5
3.3065234563751E-5
3.30599150176E-5
3.305459756915E-5
3.3049282217087E-5
3.3043968960099E-5
3.3038657796873E-5
3.3033348726099E-5
3.3028041746467E-5
3.3022736856668E-5
3.3017434055396E-5
3.3012133341343E-5
3.3006834713206E-5
3.3001538169679E-5
3.299624370946E-5
3.2990951331248E-5
3.298566103374E-5
3.2980372815639E-5
3.2975086675645E-5
3.2969802612461E-5
3.2964520624791E-5
3.295924071134E-5
3.2953962870814E-5
3.294868710192E-5
3.2943413403366E-5
3.2938141773861E-5
3.2932872212116E-5
3.2927604716842E-5
3.2922339286752E-5
3.291707592056E-5
3.291181461698E-5
3.2906555374729E-5
3.2901298192523E-5
3.289604306908E-5
3.289079000312E-5
3.2885538993363E-5
3.288029003853E-5
3.2875043137344E-5
3.2869798288528E-5
3.2864555490806E-5
3.2859314742906E-5
3.2854076043553E-5
3.2848839391475E-5
3.2843604785401E-5
3.2838372224061E-5
3.2833141706188E-5
3.2827913230511E-5
3.2822686795765E-5
3.2817462400685E-5
3.2812240044006E-5
3.2807019724464E-5
3.2801801440796E-5
3.2796585191742E-5
3.2791370976041E-5
3.2786158792434E-5
3.2780948639663E-5
3.2775740516471E-5
3.2770534421602E-5
3.27653303538E-5
3.2760128311812E-5
3.2754928294385E-5
3.2749730300268E-5
3.2744534328209E-5
3.273934037696E-5
3.2734148445271E-5
3.2728958531895E-5
3.2723770635585E-5
3.2718584755096E-5
3.2713400889184E-5
3.2708219036605E-5
3.2703039196117E-5
3.2697861366479E-5
3.2692685546451E-5
3.2687511734794E-5
3.2682339930269E-5
3.267717013164E-5
3.267200233767E-5
3.2666836547126E-5
3.2661672758772E-5
3.2656510971375E-5
3.2651351183705E-5
3.2646193394531E-5
3.2641037602622E-5
3.263588380675E-5
3.2630732005688E-5
3.2625582198208E-5
3.2620434383086E-5
3.2615288559095E-5
3.2610144725014E-5
3.2605002879619E-5
3.2599863021689E-5
3.2594725150004E-5
3.2589589263345E-5
3.2584455360492E-5
3.2579323440228E-5
3.2574193501338E-5
3.2569065542605E-5
3.2563939562816E-5
3.2558815560757E-5
3.2553693535216E-5
3.2548573484981E-5
3.2543455408843E-5
3.2538339305593E-5
3.2533225174021E-5
3.2528113012922E-5
3.2523002821088E-5
3.2517894597315E-5
3.2512788340398E-5
3.2507684049135E-5
3.2502581722323E-5
3.2497481358761E-5
3.2492382957249E-5
3.2487286516587E-5
3.2482192035579E-5
3.2477099513026E-5
3.2472008947733E-5
3.2466920338504E-5
3.2461833684146E-5
3.2456748983465E-5
3.2451666235269E-5
3.2446585438367E-5
3.2441506591569E-5
3.2436429693685E-5
3.2431354743529E-5
3.2426281739912E-5
3.2421210681648E-5
3.2416141567553E-5
3.2411074396441E-5
3.2406009167131E-5
3.240094587844E-5
3.2395884529186E-5
3.2390825118189E-5
3.238576764427E-5
3.2380712106251E-5
3.2375658502955E-5
3.2370606833205E-5
3.2365557095826E-5
3.2360509289644E-5
3.2355463413485E-5
3.2350419466177E-5
3.2345377446549E-5
3.2340337353429E-5
3.2335299185649E-5
3.233026294204E-5
3.2325228621435E-5
3.2320196222668E-5
3.2315165744571E-5
3.2310137185982E-5
3.2305110545736E-5
3.2300085822671E-5
3.2295063015625E-5
3.2290042123436E-5
3.2285023144947E-5
3.2280006078997E-5
3.2274990924429E-5
3.2269977680086E-5
3.2264966344812E-5
3.2259956917452E-5
3.2254949396852E-5
3.2249943781859E-5
3.224494007132E-5
3.2239938264086E-5
3.2234938359005E-5
3.2229940354928E-5
3.2224944250707E-5
3.2219950045195E-5
3.2214957737245E-5
3.2209967325712E-5
3.2204978809451E-5
3.2199992187319E-5
3.2195007458173E-5
3.2190024620872E-5
3.2185043674274E-5
3.218006461724E-5
3.2175087448631E-5
3.217011216731E-5
3.2165138772139E-5
3.2160167261982E-5
3.2155197635705E-5
3.2150229892172E-5
3.2145264030251E-5
3.214030004881E-5
3.2135337946718E-5
3.2130377722843E-5
3.2125419376056E-5
3.2120462905229E-5
3.2115508309235E-5
3.2110555586946E-5
3.2105604737237E-5
3.2100655758982E-5
3.2095708651059E-5
3.2090763412344E-5
3.2085820041715E-5
3.208087853805E-5
3.2075938900231E-5
3.2071001127136E-5
3.2066065217649E-5
3.2061131170651E-5
3.2056198985026E-5
3.2051268659658E-5
3.2046340193433E-5
3.2041413585236E-5
3.2036488833956E-5
3.203156593848E-5
3.2026644897696E-5
3.2021725710495E-5
3.2016808375768E-5
3.2011892892407E-5
3.2006979259302E-5
3.200206747535E-5
3.1997157539443E-5
3.1992249450477E-5
3.1987343207349E-5
3.1982438808954E-5
3.1977536254193E-5
3.1972635541962E-5
3.1967736671163E-5
3.1962839640695E-5
3.1957944449461E-5
3.1953051096363E-5
3.1948159580305E-5
3.194326990019E-5
3.1938382054924E-5
3.1933496043413E-5
3.1928611864564E-5
3.1923729517285E-5
3.1918849000485E-5
3.1913970313073E-5
3.190909345396E-5
3.1904218422058E-5
3.1899345216278E-5
3.1894473835534E-5
3.188960427874E-5
3.1884736544812E-5
3.1879870632664E-5
3.1875006541214E-5
3.1870144269379E-5
3.1865283816078E-5
3.186042518023E-5
3.1855568360756E-5
3.1850713356577E-5
3.1845860166614E-5
3.184100878979E-5
3.183615922503E-5
3.1831311471259E-5
3.1826465527401E-5
3.1821621392383E-5
3.1816779065132E-5
3.1811938544577E-5
3.1807099829647E-5
3.1802262919271E-5
3.179742781238E-5
3.1792594507906E-5
3.1787763004782E-5
3.178293330194E-5
3.1778105398315E-5
3.1773279292842E-5
3.1768454984457E-5
3.1763632472097E-5
3.17588117547E-5
3.1753992831204E-5
3.1749175700548E-5
3.1744360361673E-5
3.173954681352E-5
3.1734735055031E-5
3.1729925085149E-5
3.1725116902817E-5
3.172031050698E-5
3.1715505896584E-5
3.1710703070574E-5
3.1705902027898E-5
3.1701102767504E-5
3.169630528834E-5
3.1691509589356E-5
3.1686715669502E-5
3.1681923527731E-5
3.1677133162994E-5
3.1672344574244E-5
3.1667557760436E-5
3.1662772720523E-5
3.1657989453462E-5
3.1653207958209E-5
3.1648428233721E-5
3.1643650278956E-5
3.1638874092874E-5
3.1634099674433E-5
3.1629327022595E-5
3.1624556136321E-5
3.1619787014574E-5
3.1615019656316E-5
3.1610254060512E-5
3.1605490226126E-5
3.1600728152123E-5
3.1595967837472E-5
3.1591209281137E-5
3.1586452482089E-5
3.1581697439295E-5
3.1576944151725E-5
3.1572192618351E-5
3.1567442838144E-5
3.1562694810075E-5
3.1557948533118E-5
3.1553204006247E-5
3.1548461228437E-5
3.1543720198663E-5
3.1538980915901E-5
3.1534243379129E-5
3.1529507587324E-5
3.1524773539467E-5
3.1520041234535E-5
3.1515310671511E-5
3.1510581849374E-5
3.1505854767107E-5
3.1501129423694E-5
3.1496405818117E-5
3.1491683949362E-5
3.1486963816413E-5
3.1482245418258E-5
3.1477528753882E-5
3.1472813822274E-5
3.1468100622423E-5
3.1463389153317E-5
3.1458679413947E-5
3.1453971403304E-5
3.144926512038E-5
3.1444560564168E-5
3.143985773366E-5
3.1435156627852E-5
3.1430457245738E-5
3.1425759586314E-5
3.1421063648577E-5
3.1416369431524E-5
3.1411676934154E-5
3.1406986155465E-5
3.1402297094458E-5
3.1397609750133E-5
3.1392924121492E-5
3.1388240207536E-5
3.1383558007269E-5
3.1378877519694E-5
3.1374198743817E-5
3.1369521678643E-5
3.1364846323178E-5
3.1360172676428E-5
3.1355500737402E-5
3.1350830505109E-5
3.1346161978558E-5
3.1341495156758E-5
3.1336830038722E-5
3.133216662346E-5
3.1327504909984E-5
3.132284489731E-5
3.131818658445E-5
3.1313529970419E-5
3.1308875054233E-5
3.1304221834909E-5
3.1299570311463E-5
3.1294920482915E-5
3.1290272348281E-5
3.1285625906582E-5
3.1280981156839E-5
3.1276338098072E-5
3.1271696729304E-5
3.1267057049557E-5
3.1262419057854E-5
3.1257782753219E-5
3.1253148134678E-5
3.1248515201257E-5
3.1243883951981E-5
3.1239254385879E-5
3.1234626501977E-5
3.1230000299306E-5
3.1225375776894E-5
3.1220752933772E-5
3.1216131768972E-5
3.1211512281524E-5
3.1206894470462E-5
3.1202278334819E-5
3.119766387363E-5
3.1193051085929E-5
3.1188439970751E-5
3.1183830527135E-5
3.1179222754116E-5
3.1174616650732E-5
3.1170012216023E-5
3.1165409449028E-5
3.1160808348788E-5
3.1156208914342E-5
3.1151611144734E-5
3.1147015039005E-5
3.1142420596199E-5
3.1137827815361E-5
3.1133236695533E-5
3.1128647235763E-5
3.1124059435097E-5
3.1119473292581E-5
3.1114888807264E-5
3.1110305978193E-5
3.1105724804419E-5
3.1101145284992E-5
3.1096567418961E-5
3.1091991205379E-5
3.1087416643298E-5
3.1082843731771E-5
3.1078272469852E-5
3.1073702856595E-5
3.1069134891055E-5
3.1064568572289E-5
3.1060003899353E-5
3.1055440871306E-5
3.1050879487204E-5
3.1046319746107E-5
3.1041761647075E-5
3.1037205189168E-5
3.1032650371446E-5
3.1028097192973E-5
3.1023545652812E-5
3.1018995750024E-5
3.1014447483674E-5
3.1009900852828E-5
3.1005355856551E-5
3.1000812493908E-5
3.0996270763968E-5
3.0991730665797E-5
3.0987192198465E-5
3.098265536104E-5
3.0978120152592E-5
3.0973586572193E-5
3.0969054618914E-5
3.0964524291826E-5
3.0959995590003E-5
3.0955468512518E-5
3.0950943058446E-5
3.094641922686E-5
3.0941897016839E-5
3.0937376427457E-5
3.0932857457792E-5
3.0928340106922E-5
3.0923824373924E-5
3.091931025788E-5
3.0914797757869E-5
3.0910286872972E-5
3.090577760227E-5
3.0901269944845E-5
3.0896763899781E-5
3.089225946616E-5
3.0887756643068E-5
3.0883255429589E-5
3.0878755824809E-5
3.0874257827815E-5
3.0869761437694E-5
3.0865266653534E-5
3.0860773474423E-5
3.0856281899451E-5
3.0851791927708E-5
3.0847303558284E-5
3.0842816790271E-5
3.0838331622761E-5
3.0833848054847E-5
3.0829366085623E-5
3.0824885714183E-5
3.0820406939621E-5
3.0815929761034E-5
3.0811454177518E-5
3.080698018817E-5
3.0802507792088E-5
3.079803698837E-5
3.0793567776116E-5
3.0789100154424E-5
3.0784634122397E-5
3.0780169679135E-5
3.077570682374E-5
3.0771245555314E-5
3.0766785872962E-5
3.0762327775787E-5
3.0757871262894E-5
3.0753416333387E-5
3.0748962986375E-5
3.0744511220963E-5
3.0740061036258E-5
3.073561243137E-5
3.0731165405407E-5
3.0726719957478E-5
3.0722276086694E-5
3.0717833792165E-5
3.0713393073004E-5
3.0708953928323E-5
3.0704516357234E-5
3.0700080358852E-5
3.069564593229E-5
3.0691213076664E-5
3.068678179109E-5
3.0682352074684E-5
3.0677923926563E-5
3.0673497345845E-5
3.0669072331648E-5
3.0664648883092E-5
3.0660226999296E-5
3.0655806679381E-5
3.0651387922468E-5
3.0646970727679E-5
3.0642555094137E-5
3.0638141020964E-5
3.0633728507285E-5
3.0629317552224E-5
3.0624908154906E-5
3.0620500314457E-5
3.0616094030004E-5
3.0611689300674E-5
3.0607286125596E-5
3.0602884503896E-5
3.0598484434706E-5
3.0594085917154E-5
3.0589688950371E-5
3.058529353349E-5
3.0580899665641E-5
3.0576507345957E-5
3.0572116573571E-5
3.0567727347617E-5
3.0563339667231E-5
3.0558953531546E-5
3.05545689397E-5
3.0550185890829E-5
3.0545804384069E-5
3.0541424418559E-5
3.0537045993438E-5
3.0532669107844E-5
3.0528293760918E-5
3.0523919951799E-5
3.051954767963E-5
3.0515176943552E-5
3.0510807742707E-5
3.0506440076239E-5
3.0502073943292E-5
3.0497709343009E-5
3.0493346274537E-5
3.0488984737021E-5
3.0484624729607E-5
3.0480266251442E-5
3.0475909301675E-5
3.0471553879453E-5
3.0467199983925E-5
3.0462847614242E-5
3.0458496769554E-5
3.0454147449011E-5
3.0449799651766E-5
3.044545337697E-5
3.0441108623776E-5
3.0436765391339E-5
3.0432423678811E-5
3.0428083485349E-5
3.0423744810107E-5
3.0419407652242E-5
3.0415072010911E-5
3.041073788527E-5
3.0406405274479E-5
3.0402074177695E-5
3.0397744594078E-5
3.0393416522789E-5
3.0389089962987E-5
3.0384764913834E-5
3.0380441374492E-5
3.0376119344123E-5
3.0371798821891E-5
3.0367479806959E-5
3.0363162298493E-5
3.0358846295656E-5
3.0354531797615E-5
3.0350218803536E-5
3.0345907312586E-5
3.0341597323933E-5
3.0337288836745E-5
3.033298185019E-5
3.0328676363439E-5
3.0324372375661E-5
3.0320069886027E-5
3.0315768893709E-5
3.0311469397879E-5
3.0307171397709E-5
3.0302874892372E-5
3.0298579881043E-5
3.0294286362896E-5
3.0289994337106E-5
3.0285703802849E-5
3.0281414759301E-5
3.027712720564E-5
3.0272841141043E-5
3.0268556564687E-5
3.0264273475754E-5
3.025999187342E-5
3.0255711756868E-5
3.0251433125277E-5
3.024715597783E-5
3.0242880313707E-5
3.0238606132092E-5
3.0234333432167E-5
3.0230062213118E-5
3.0225792474127E-5
3.022152421438E-5
3.0217257433063E-5
3.0212992129363E-5
3.0208728302465E-5
3.0204465951558E-5
3.020020507583E-5
3.0195945674469E-5
3.0191687746665E-5
3.0187431291608E-5
3.0183176308488E-5
3.0178922796497E-5
3.0174670754826E-5
3.0170420182668E-5
3.0166171079216E-5
3.0161923443663E-5
3.0157677275204E-5
3.0153432573034E-5
3.0149189336347E-5
3.0144947564341E-5
3.014070725621E-5
3.0136468411154E-5
3.0132231028369E-5
3.0127995107055E-5
3.012376064641E-5
3.0119527645635E-5
3.0115296103928E-5
3.0111066020492E-5
3.0106837394527E-5
3.0102610225236E-5
3.0098384511821E-5
3.0094160253485E-5
3.0089937449433E-5
3.0085716098869E-5
3.0081496200998E-5
3.0077277755025E-5
3.0073060760157E-5
3.00688452156E-5
3.0064631120563E-5
3.0060418474253E-5
3.0056207275879E-5
3.0051997524649E-5
3.0047789219774E-5
3.0043582360464E-5
3.0039376945931E-5
3.0035172975385E-5
3.0030970448038E-5
3.0026769363104E-5
3.0022569719796E-5
3.0018371517328E-5
3.0014174754914E-5
3.000997943177E-5
3.0005785547111E-5
3.0001593100153E-5
2.9997402090114E-5
2.999321251621E-5
2.998902437766E-5
2.9984837673682E-5
2.9980652403496E-5
2.9976468566321E-5
2.9972286161378E-5
2.9968105187887E-5
2.996392564507E-5
2.995974753215E-5
2.9955570848348E-5
2.9951395592889E-5
2.9947221764995E-5
2.9943049363892E-5
2.9938878388805E-5
2.9934708838958E-5
2.9930540713578E-5
2.9926374011892E-5
2.9922208733127E-5
2.9918044876511E-5
2.9913882441273E-5
2.9909721426641E-5
2.9905561831845E-5
2.9901403656115E-5
