0.010562662761013336
0.005600654659595847
0.003933446632368406
0.003072301884709759
0.002540296453748249
0.002176590229713601
0.00191105461065345
0.001708020959261731
0.001547355135011986
0.00141679822750037
0.001308443162790964
0.00121695248552916
0.00113858808728922
0.001070650977156298
0.001011141836010885
9.58546892926247E-4
9.11698158359933E-4
8.69679471290028E-4
8.31761707890159E-4
7.97357086563925E-4
7.65986294530271E-4
7.37254415907525E-4
7.10833022528607E-4
6.86446657359747E-4
6.63862499631754E-4
6.42882368543551E-4
6.23336468920387E-4
6.05078450385185E-4
5.87981468183718E-4
5.71935015819394E-4
5.56842358139237E-4
5.42618435746509E-4
5.29188142470889E-4
5.1648490041525E-4
5.04449474099239E-4
4.93028978024038E-4
4.82176041711897E-4
4.71848103728383E-4
4.62006811951623E-4
4.52617511830853E-4
4.43648807884527E-4
4.35072186454397E-4
4.26861689926901E-4
4.18993634385216E-4
4.11446364061535E-4
4.04200037094171E-4
3.97236438014508E-4
3.90538813139208E-4
3.84091725657487E-4
3.77880927708602E-4
3.71893247162094E-4
3.6611648715959E-4
3.60539336765104E-4
3.5515129131172E-4
3.49942581234523E-4
3.44904108349649E-4
3.40027388682924E-4
3.35304501073115E-4
3.30728040878166E-4
3.26291078200829E-4
3.21987120125345E-4
3.17810076521319E-4
3.13754229026329E-4
3.09814202866562E-4
3.05984941215949E-4
3.02261681830007E-4
2.98639935721487E-4
2.95115467671943E-4
2.91684278396683E-4
2.88342588201187E-4
2.85086821984886E-4
2.8191359546403E-4
2.78819702499107E-4
2.7580210342448E-4
2.72857914288648E-4
2.69984396922954E-4
2.67178949765006E-4
2.64439099370471E-4
2.61762492553506E-4
2.59146889102004E-4
2.5659015501895E-4
2.54090256245969E-4
2.51645252829225E-4
2.49253293491577E-4
2.4691261057826E-4
2.44621515346295E-4
2.42378393570591E-4
2.40181701442044E-4
2.38029961735185E-4
2.35921760224832E-4
2.33855742333013E-4
2.31830609989002E-4
2.29845118686777E-4
2.27898074725509E-4
2.2598833261988E-4
2.24114792668115E-4
2.22276398666596E-4
2.20472135760802E-4
2.18701028423146E-4
2.16962138549026E-4
2.15254563663066E-4
2.13577435228143E-4
2.11929917050374E-4
2.10311203773757E-4
2.08720519458578E-4
2.07157116238218E-4
2.05620273049315E-4
2.04109294430643E-4
2.02623509386374E-4
2.01162270309746E-4
1.99724951963375E-4
1.98310950512776E-4
1.96919682609854E-4
1.9555058452337E-4
1.94203111313587E-4
1.92876736048478E-4
1.91570949059082E-4
1.90285257231716E-4
1.89019183334947E-4
1.87772265379314E-4
1.86544056007968E-4
1.85334121916493E-4
1.84142043300268E-4
1.82967413327871E-4
1.81809837639084E-4
1.80668933866171E-4
1.79544331177175E-4
1.78435669840039E-4
1.77342600806487E-4
1.76264785314568E-4
1.75201894508941E-4
1.74153609077951E-4
1.73119618906641E-4
1.72099622744884E-4
1.71093327889868E-4
1.7010044988222E-4
1.69120712215077E-4
1.68153846055463E-4
1.67199589977379E-4
1.66257689706016E-4
1.65327897872564E-4
1.64409973779098E-4
1.63503683173069E-4
1.62608798030931E-4
1.61725096350486E-4
1.60852361951525E-4
1.59990384284392E-4
1.59138958246095E-4
1.58297884003626E-4
1.57466966824149E-4
1.56646016911754E-4
1.55834849250491E-4
1.55033283453374E-4
1.54241143617124E-4
1.53458258182372E-4
1.52684459799096E-4
1.51919585197059E-4
1.51163475061031E-4
1.50415973910598E-4
1.49676929984347E-4
1.48946195128253E-4
1.48223624688086E-4
1.47509077405669E-4
1.4680241531883E-4
1.46103503664888E-4
1.45412210787535E-4
1.44728408046973E-4
1.44051969733165E-4
1.43382772982093E-4
1.42720697694875E-4
1.42065626459657E-4
1.41417444476145E-4
1.40776039482682E-4
1.40141301685778E-4
1.39513123691981E-4
1.3889140044201E-4
1.38276029147059E-4
1.3766690922719E-4
1.37063942251729E-4
1.364670318816E-4
1.35876083813509E-4
1.3529100572593E-4
1.34711707226799E-4
1.34138099802876E-4
1.33570096770698E-4
1.33007613229074E-4
1.32450566013058E-4
1.31898873649353E-4
1.3135245631309E-4
1.30811235785935E-4
1.30275135415472E-4
1.29744080075826E-4
1.29217996129469E-4
1.28696811390179E-4
1.28180455087104E-4
1.27668857829896E-4
1.27161951574882E-4
1.26659669592221E-4
1.26161946434032E-4
1.25668717903451E-4
1.25179921024582E-4
1.24695494013316E-4
1.24215376248991E-4
1.23739508246858E-4
1.23267831631339E-4
1.22800289110024E-4
1.22336824448426E-4
1.21877382445418E-4
1.21421908909374E-4
1.20970350634963E-4
1.20522655380588E-4
1.20078771846443E-4
1.19638649653172E-4
1.19202239321108E-4
1.18769492250082E-4
1.18340360699766E-4
1.17914797770551E-4
1.17492757384932E-4
1.17074194269396E-4
1.16659063936785E-4
1.1624732266912E-4
1.15838927500884E-4
1.15433836202742E-4
1.15032007265672E-4
1.14633399885526E-4
1.14237973947974E-4
1.13845690013841E-4
1.13456509304821E-4
1.13070393689547E-4
1.12687305670027E-4
1.12307208368404E-4
1.11930065514064E-4
1.11555841431065E-4
1.11184501025868E-4
1.10816009775384E-4
1.10450333715312E-4
1.10087439428761E-4
1.09727294035158E-4
1.09369865179417E-4
1.09015121021377E-4
1.08663030225499E-4
1.08313561950798E-4
1.07966685841033E-4
1.0762237201512E-4
1.07280591057773E-4
1.06941314010375E-4
1.06604512362058E-4
1.06270158040992E-4
1.05938223405882E-4
1.05608681237659E-4
1.05281504731369E-4
1.04956667488243E-4
1.04634143507957E-4
1.04313907181061E-4
1.0399593328159E-4
1.03680196959836E-4
1.03366673735289E-4
1.03055339489733E-4
1.02746170460502E-4
1.02439143233883E-4
1.02134234738668E-4
1.0183142223985E-4
1.01530683332457E-4
1.01231995935526E-4
1.00935338286202E-4
1.00640688933975E-4
1.00348026735035E-4
1.00057330846756E-4
9.9768580722297E-5
9.9481756105316E-5
9.9196837024805E-5
9.8913803790028E-5
9.8632636985572E-5
9.8353317466507E-5
9.807582635363E-5
9.7800145028837E-5
9.752625513057E-5
9.7254138549369E-5
9.6983777423518E-5
9.6715154134774E-5
9.6448251304194E-5
9.618305178804E-5
9.5919538673775E-5
9.5657695276136E-5
9.5397505133291E-5
9.5138952003071E-5
9.4882019859281E-5
9.4626692888083E-5
9.4372955484457E-5
9.4120792248728E-5
9.3870187983161E-5
9.3621127688632E-5
9.3373596561357E-5
9.3127579989691E-5
9.2883063550989E-5
9.2640033008522E-5
9.2398474308468E-5
9.2158373576948E-5
9.1919717117126E-5
9.1682491406366E-5
