0.022212681808044643
0.004337324583770576
0.00285903749533178
0.002205182384531349
0.001824604220568164
0.001571637602553799
0.001389548935323332
0.00125128754385321
0.001142195658616062
0.001053590283356385
9.79976813938366E-4
9.17696414308479E-4
8.64211665151476E-4
8.17703513498127E-4
7.76831393802929E-4
7.4058402777494E-4
7.08183121461435E-4
6.79019209268651E-4
6.52607731220755E-4
6.2855823751782E-4
6.06552339363063E-4
5.86327625406936E-4
5.67665732969091E-4
5.50383367438252E-4
5.34325449168157E-4
5.19359819221585E-4
5.05373103260522E-4
4.92267446860134E-4
4.79957914181661E-4
4.68370397057868E-4
4.574399207164E-4
4.47109260569242E-4
4.37327805047751E-4
4.28050614606848E-4
4.19237638298229E-4
4.10853057790885E-4
4.02864735150094E-4
3.95243745608865E-4
3.87963980363266E-4
3.81001807374583E-4
3.74335780471834E-4
3.67946388868899E-4
3.61815840654808E-4
3.55927874967943E-4
3.50267598489672E-4
3.44821342639098E-4
3.39576538455711E-4
3.34521606650032E-4
3.29645860706239E-4
3.2493942125307E-4
3.20393140193766E-4
3.15998533313604E-4
3.1174772027311E-4
3.07633371053708E-4
3.03648658055457E-4
2.99787213158613E-4
2.96043089155255E-4
2.92410725037478E-4
2.88884914696743E-4
2.85460778647089E-4
2.82133738434626E-4
2.78899493438288E-4
2.75753999803494E-4
2.72693451281888E-4
2.69714261777656E-4
2.66813049424524E-4
2.63986622038039E-4
2.61231963805651E-4
2.58546223092602E-4
2.55926701255296E-4
2.5337084236572E-4
2.50876223760945E-4
2.48440547340902E-4
2.460616315458E-4
2.43737403951597E-4
2.41465894428346E-4
2.39245228811765E-4
2.37073623043386E-4
2.34949377739028E-4
2.32870873149249E-4
2.30836564478964E-4
2.28844977536502E-4
2.26894704685189E-4
2.24984401073035E-4
2.23112781118326E-4
2.21278615230961E-4
2.19480726751159E-4
2.17717989088785E-4
2.15989323048042E-4
2.14293694323534E-4
2.12630111154981E-4
2.10997622128872E-4
2.09395314116364E-4
2.07822310337614E-4
2.06277768543515E-4
2.04760879306578E-4
2.03270864413326E-4
2.01806975351173E-4
2.00368491883354E-4
1.98954720705933E-4
1.9756499418138E-4
1.96198669143653E-4
1.94855125770078E-4
1.93533766515677E-4
1.92234015105925E-4
1.90955315584205E-4
1.89697131410511E-4
1.88458944608175E-4
1.87240254955644E-4
1.8604057922054E-4
1.84859450433425E-4
1.8369641719887E-4
1.82551043041602E-4
1.81422905785645E-4
1.80311596964519E-4
1.79216721260668E-4
1.78137895972472E-4
1.77074750507207E-4
1.76026925898525E-4
1.74994074347043E-4
1.73975858782782E-4
1.72971952448194E-4
1.71982038500714E-4
1.71005809633712E-4
1.70042967714887E-4
1.69093223441154E-4
1.6815629600915E-4
1.67231912800532E-4
1.66319809081298E-4
1.65419727714396E-4
1.64531418884942E-4
1.63654639837395E-4
1.62789154624091E-4
1.61934733864549E-4
1.61091154515035E-4
1.60258199647839E-4
1.59435658239827E-4
1.58623324969778E-4
1.57821000024108E-4
1.5702848891055E-4
1.56245602279437E-4
1.55472155752202E-4
1.54707969756769E-4
1.53952869369511E-4
1.53206684163461E-4
1.5246924806249E-4
1.51740399201191E-4
1.51019979790189E-4
1.50307835986646E-4
1.49603817769714E-4
1.48907778820727E-4
1.48219576407926E-4
1.47539071275491E-4
1.46866127536722E-4
1.46200612571174E-4
1.45542396925572E-4
1.44891354218342E-4
1.44247361047628E-4
1.43610296902612E-4
1.42980044078019E-4
1.42356487591671E-4
1.41739515104961E-4
1.41129016846123E-4
1.40524885536185E-4
1.39927016317509E-4
1.39335306684782E-4
1.38749656418391E-4
1.38169967520065E-4
1.37596144150715E-4
1.37028092570347E-4
1.36465721080017E-4
1.35908939965702E-4
1.35357661444044E-4
1.3481179960987E-4
1.34271270385451E-4
1.33735991471392E-4
1.33205882299126E-4
1.32680863984942E-4
1.32160859285473E-4
1.3164579255461E-4
1.31135589701783E-4
1.30630178151549E-4
1.30129486804456E-4
1.2963344599911E-4
1.29141987475435E-4
1.28655044339062E-4
1.281725510268E-4
1.27694443273164E-4
1.27220658077928E-4
1.26751133674642E-4
1.26285809500107E-4
1.25824626164747E-4
1.25367525423877E-4
1.2491445014981E-4
1.24465344304784E-4
1.2402015291468E-4
1.23578822043514E-4
1.23141298768656E-4
1.22707531156766E-4
1.22277468240423E-4
1.21851059995413E-4
1.21428257318675E-4
1.21009012006856E-4
1.20593276735466E-4
1.20181005038635E-4
1.19772151289412E-4
1.19366670680621E-4
1.18964519206241E-4
1.18565653643296E-4
1.18170031534241E-4
1.17777611169826E-4
1.17388351572418E-4
1.17002212479779E-4
1.16619154329277E-4
1.1623913824251E-4
1.15862126010347E-4
1.15488080078362E-4
1.15116963532644E-4
1.14748740085986E-4
1.14383374064433E-4
1.14020830394173E-4
1.1366107458877E-4
1.13304072736726E-4
1.12949791489359E-4
1.12598198048992E-4
1.12249260157434E-4
1.11902946084762E-4
1.1155922461838E-4
1.11218065052348E-4
1.10879437176982E-4
1.10543311268711E-4
1.10209658080182E-4
1.0987844883061E-4
1.09549655196363E-4
1.09223249301776E-4
1.08899203710195E-4
1.08577491415222E-4
1.08258085832187E-4
1.07940960789815E-4
1.07626090522094E-4
1.07313449660336E-4
1.07003013225425E-4
1.06694756620253E-4
1.06388655622324E-4
1.06084686376542E-4
1.05782825388151E-4
1.05483049515859E-4
1.05185335965106E-4
1.0488966228149E-4
1.04596006344345E-4
1.04304346360466E-4
1.04014660857976E-4
1.03726928680328E-4
1.03441128980451E-4
1.03157241215014E-4
1.02875245138836E-4
1.02595120799401E-4
1.02316848531511E-4
1.02040408952051E-4
1.0176578295486E-4
1.01492951705735E-4
1.01221896637521E-4
1.00952599445331E-4
1.00685042081845E-4
1.00419206752735E-4
1.0015507591217E-4
9.9892632258424E-5
9.9631858729584E-5
9.9372738499335E-5
9.9115254972849E-5
9.885939178275E-5
9.8605132785173E-5
9.8352462055896E-5
9.810136388656E-5
9.7851822780965E-5
9.7603823451445E-5
9.7357350815312E-5
9.711238999138E-5
9.6868926296559E-5
9.6626945242511E-5
9.6386432532386E-5
9.614737405762E-5
9.5909755894787E-5
9.5673564302533E-5
9.5438785718558E-5
9.5205406756661E-5
9.497341420385E-5
9.47427950175E-5
9.4513536322575E-5
9.4285625408902E-5
9.4059049728496E-5
9.383379689294E-5
9.3609854670823E-5
9.3387210985209E-5
9.3165853911178E-5
9.2945771673397E-5
9.2726952643746E-5
9.2509385338987E-5
9.2293058418483E-5
9.2077960681948E-5
9.1864081067256E-5
9.1651408648278E-5
9.1439932632764E-5
9.122964236027E-5
9.102052730012E-5
9.0812577049401E-5
9.0605781331006E-5
9.0400129991702E-5
9.0195613000244E-5
8.9992220445515E-5
8.9789942534711E-5
8.9588769591543E-5
8.938869205449E-5
8.918970047507E-5
8.8991785516151E-5
8.8794937950288E-5
8.8599148658092E-5
8.8404408626622E-5
8.8210708947823E-5
8.8018040816969E-5
8.782639553115E-5
8.7635764487782E-5
8.744613918314E-5
8.7257511210922E-5
8.706987226083E-5
8.688321411719E-5
8.6697528657577E-5
8.6512807851485E-5
8.6329043759002E-5
8.6146228529518E-5
8.5964354400456E-5
8.5783413696016E-5
8.5603398825949E-5
8.5424302284351E-5
8.5246116648476E-5
8.5068834577563E-5
8.4892448811699E-5
8.4716952170681E-5
8.4542337552917E-5
8.4368597934327E-5
8.4195726367276E-5
8.4023715979522E-5
8.3852559973177E-5
8.3682251623686E-5
8.351278427883E-5
8.3344151357735E-5
8.3176346349909E-5
8.3009362814281E-5
8.2843194378271E-5
8.2677834736861E-5
8.2513277651692E-5
8.2349516950169E-5
8.2186546524583E-5
8.2024360331247E-5
8.1862952389647E-5
8.1702316781605E-5
8.1542447650455E-5
8.1383339200234E-5
8.1224985694882E-5
8.1067381457465E-5
8.0910520869396E-5
8.0754398369676E-5
8.0599008454148E-5
8.0444345674762E-5
8.029040463885E-5
8.0137180008409E-5
7.9984666499403E-5
7.983285888107E-5
7.9681751975243E-5
7.9531340655678E-5
7.9381619847396E-5
7.9232584526033E-5
7.90842297172E-5
7.8936550495853E-5
7.8789541985673E-5
7.8643199358458E-5
7.8497517833514E-5
7.8352492677072E-5
7.8208119201699E-5
7.8064392765723E-5
7.7921308772671E-5
7.7778862670705E-5
7.7637049952079E-5
7.7495866152596E-5
7.7355306851073E-5
7.7215367668816E-5
7.7076044269106E-5
7.6937332356683E-5
7.6799227677252E-5
7.6661726016982E-5
7.6524823202018E-5
7.6388515098004E-5
7.6252797609608E-5
7.6117666680054E-5
7.5983118290662E-5
7.5849148460398E-5
7.5715753245422E-5
7.5582928738654E-5
7.5450671069331E-5
7.5318976402588E-5
7.5187840939032E-5
7.5057260914327E-5
7.4927232598781E-5
7.4797752296949E-5
7.4668816347226E-5
7.4540421121461E-5
7.4412563024566E-5
7.4285238494137E-5
7.4158444000074E-5
7.4032176044213E-5
7.3906431159957E-5
7.3781205911918E-5
7.3656496895558E-5
7.3532300736839E-5
7.3408614091879E-5
7.3285433646606E-5
7.3162756116424E-5
7.3040578245882E-5
7.2918896808342E-5
7.2797708605661E-5
7.2677010467866E-5
7.2556799252848E-5
7.2437071846042E-5
7.2317825160128E-5
7.2199056134725E-5
7.2080761736094E-5
7.1962938956848E-5
7.1845584815655E-5
7.1728696356957E-5
7.1612270650685E-5
7.1496304791981E-5
7.1380795900926E-5
7.1265741122263E-5
7.1151137625135E-5
7.1036982602816E-5
7.0923273272453E-5
7.0810006874808E-5
7.0697180674004E-5
7.0584791957274E-5
7.0472838034715E-5
7.0361316239041E-5
7.0250223925344E-5
7.0139558470856E-5
7.0029317274714E-5
6.9919497757727E-5
6.9810097362148E-5
6.9701113551447E-5
6.9592543810092E-5
6.9484385643322E-5
6.9376636576933E-5
6.9269294157066E-5
6.916235594999E-5
6.9055819541896E-5
6.8949682538689E-5
6.8843942565784E-5
6.8738597267905E-5
6.8633644308885E-5
6.8529081371472E-5
6.842490615713E-5
6.8321116385851E-5
6.8217709795967E-5
6.8114684143959E-5
6.8012037204275E-5
6.7909766769146E-5
6.7807870648409E-5
6.7706346669324E-5
6.7605192676404E-5
6.7504406531237E-5
6.7403986112315E-5
6.7303929314867E-5
6.7204234050691E-5
6.7104898247986E-5
6.700591985119E-5
6.6907296820822E-5
6.6809027133316E-5
6.6711108780872E-5
6.6613539771291E-5
6.6516318127828E-5
6.6419441889038E-5
6.6322909108625E-5
6.6226717855294E-5
6.6130866212606E-5
6.6035352278831E-5
6.5940174166808E-5
6.5845330003797E-5
6.5750817931348E-5
6.5656636105156E-5
6.5562782694927E-5
6.5469255884243E-5
6.5376053870429E-5
6.5283174864421E-5
6.5190617090634E-5
6.5098378786837E-5
6.5006458204021E-5
6.4914853606276E-5
6.4823563270668E-5
6.4732585487111E-5
6.4641918558252E-5
6.4551560799346E-5
6.4461510538138E-5
6.437176611475E-5
6.4282325881556E-5
6.4193188203075E-5
6.4104351455857E-5
6.4015814028366E-5
6.3927574320872E-5
6.3839630745344E-5
6.3751981725337E-5
6.3664625695886E-5
6.3577561103402E-5
6.3490786405566E-5
6.3404300071225E-5
6.3318100580288E-5
6.3232186423628E-5
6.3146556102979E-5
6.306120813084E-5
6.2976141030373E-5
6.2891353335308E-5
6.2806843589848E-5
6.2722610348573E-5
6.2638652176346E-5
6.2554967648221E-5
6.2471555349351E-5
6.2388413874896E-5
6.2305541829936E-5
6.222293782938E-5
6.2140600497879E-5
6.2058528469739E-5
6.1976720388834E-5
6.1895174908522E-5
6.1813890691562E-5
6.173286641003E-5
6.1652100745233E-5
6.1571592387635E-5
6.1491340036771E-5
6.1411342401166E-5
6.1331598198263E-5
6.1252106154339E-5
6.1172865004427E-5
6.1093873492247E-5
6.1015130370121E-5
6.0936634398907E-5
6.0858384347918E-5
6.0780378994854E-5
6.0702617125723E-5
6.0625097534779E-5
6.0547819024441E-5
6.0470780405232E-5
6.03939804957E-5
6.0317418122358E-5
6.0241092119611E-5
6.0165001329689E-5
6.0089144602582E-5
6.0013520795974E-5
5.9938128775175E-5
5.986296741306E-5
5.9788035590004E-5
5.9713332193817E-5
5.9638856119684E-5
5.9564606270098E-5
5.9490581554807E-5
5.9416780890746E-5
5.9343203201978E-5
5.926984741964E-5
5.9196712481876E-5
5.9123797333783E-5
5.9051100927355E-5
5.8978622221423E-5
5.8906360181597E-5
5.8834313780215E-5
5.8762481996285E-5
5.8690863815426E-5
5.8619458229821E-5
5.8548264238159E-5
5.847728084558E-5
5.8406507063628E-5
5.8335941910193E-5
5.8265584409463E-5
5.819543359187E-5
5.8125488494042E-5
5.8055748158751E-5
5.7986211634865E-5
5.7916877977297E-5
5.7847746246955E-5
5.7778815510699E-5
5.7710084841287E-5
5.7641553317332E-5
5.7573220023255E-5
5.7505084049235E-5
5.7437144491165E-5
5.7369400450609E-5
5.7301851034752E-5
5.7234495356362E-5
5.7167332533737E-5
5.7100361690671E-5
5.7033581956401E-5
5.6966992465572E-5
5.6900592358189E-5
5.6834380779579E-5
5.6768356880347E-5
5.6702519816333E-5
5.6636868748575E-5
5.6571402843265E-5
5.6506121271712E-5
5.64410232103E-5
5.6376107840447E-5
5.631137434857E-5
5.6246821926044E-5
5.6182449769164E-5
5.6118257079105E-5
5.605424306189E-5
5.5990406928345E-5
5.5926747894071E-5
5.5863265179398E-5
5.5799958009355E-5
5.5736825613635E-5
5.5673867226552E-5
5.5611082087015E-5
5.5548469438487E-5
5.5486028528952E-5
5.5423758610881E-5
5.53616589412E-5
5.5299728781251E-5
5.5237967396764E-5
5.5176374057822E-5
5.5114948038828E-5
5.5053688618471E-5
5.4992595079699E-5
5.493166670968E-5
5.4870902799777E-5
5.4810302645513E-5
5.4749865546541E-5
5.4689590806613E-5
5.4629477733552E-5
5.4569525639216E-5
5.4509733839475E-5
5.4450101654176E-5
5.4390628407116E-5
5.4331313426015E-5
5.4272156042481E-5
5.421315559199E-5
5.4154311413849E-5
5.4095622851172E-5
5.4037089250855E-5
5.3978709963544E-5
5.3920484343608E-5
5.3862411749114E-5
5.38044915418E-5
5.3746723087046E-5
5.3689105753851E-5
5.3631638914804E-5
5.3574321946058E-5
5.3517154227307E-5
5.3460135141759E-5
5.340326407611E-5
5.334654042052E-5
5.3289963568588E-5
5.3233532917328E-5
5.3177247867141E-5
5.3121107821798E-5
5.3065112188407E-5
5.3009260377398E-5
5.2953551802492E-5
5.2897985880685E-5
5.2842562032218E-5
5.2787279680557E-5
5.2732138252371E-5
5.2677137177509E-5
5.2622275888977E-5
5.2567553822917E-5
5.2512970418581E-5
5.2458525118315E-5
5.2404217367535E-5
5.2350046614702E-5
5.2296012311309E-5
5.2242113911851E-5
5.2188350873809E-5
5.2134722657629E-5
5.20812287267E-5
5.2027868547335E-5
5.1974641588748E-5
5.1921547323041E-5
5.1868585225174E-5
5.1815754772954E-5
5.1763055447009E-5
5.1710486730776E-5
5.1658048110474E-5
5.1605739075089E-5
5.1553559116355E-5
5.1501507728735E-5
5.1449584409401E-5
5.1397788658218E-5
5.1346119977724E-5
5.1294577873113E-5
5.1243161852214E-5
5.1191871425479E-5
5.1140706105958E-5
5.1089665409289E-5
5.1038748853675E-5
5.0987955959867E-5
5.0937286251153E-5
5.0886739253331E-5
5.0836314494703E-5
5.0786011506049E-5
5.0735829820616E-5
5.0685768974101E-5
5.0635828504632E-5
5.0586007952753E-5
5.0536306861411E-5
5.0486724775937E-5
5.0437261244028E-5
5.0387915815737E-5
5.0338688043454E-5
5.028957748189E-5
5.0240583688064E-5
5.0191706221288E-5
5.0142944643147E-5
5.009429851749E-5
5.0045767410415E-5
4.9997350890249E-5
4.9949048527537E-5
4.990085989503E-5
4.9852784567665E-5
4.9804822122554E-5
4.9756972138973E-5
4.970923419834E-5
4.9661607884209E-5
4.9614092782249E-5
4.9566688480239E-5
4.9519394568047E-5
4.9472210637619E-5
4.9425136282966E-5
4.9378171100152E-5
4.9331314687278E-5
4.928456664447E-5
4.9237926573868E-5
4.919139407961E-5
4.9144968767822E-5
4.9098650246603E-5
4.9052438126014E-5
4.9006332018066E-5
4.8960331536706E-5
4.8914436297806E-5
4.886864591915E-5
4.8822960020422E-5
4.8777378223195E-5
4.8731900150917E-5
4.8686525428902E-5
4.8641253684316E-5
4.8596084546166E-5
4.8551017645291E-5
4.8506052614346E-5
4.8461189087793E-5
4.8416426701891E-5
4.8371765094682E-5
4.8327203905981E-5
4.8282742777366E-5
4.8238381352168E-5
4.8194119275457E-5
4.8149956194031E-5
4.810589175641E-5
4.806192561282E-5
4.8018057415187E-5
4.7974286817124E-5
4.7930613473919E-5
4.7887037042529E-5
4.7843557181566E-5
4.780017355129E-5
4.7756885813595E-5
4.7713693632004E-5
4.7670596671654E-5
4.762759459929E-5
4.7584687083253E-5
4.7541873793471E-5
4.749915440145E-5
4.7456528580264E-5
4.7413996004543E-5
4.737155635047E-5
4.7329209295763E-5
4.7286954519674E-5
4.7244791702974E-5
4.7202720527947E-5
4.7160740678377E-5
4.7118851839547E-5
4.7077053698221E-5
4.7035345942639E-5
4.6993728262509E-5
4.6952200348997E-5
4.691076189472E-5
4.6869412593734E-5
4.6828152141529E-5
4.6786980235018E-5
4.674589657253E-5
4.67049008538E-5
4.6663992779964E-5
4.6623172053546E-5
4.6582438378455E-5
4.6541791459972E-5
4.6501231004745E-5
4.646075672078E-5
4.6420368317431E-5
4.6380065505397E-5
4.6339847996711E-5
4.6299715504731E-5
4.6259667744135E-5
4.621970443091E-5
4.6179825282349E-5
4.6140030017039E-5
4.6100318354856E-5
4.6060690016956E-5
4.602114472577E-5
4.5981682204992E-5
4.5942302179577E-5
4.5903004375731E-5
4.5863788520905E-5
4.5824654343783E-5
4.5785601574284E-5
4.5746629943546E-5
4.5707739183925E-5
4.5668929028984E-5
4.563019921349E-5
4.5591549473402E-5
4.5552979545869E-5
4.5514489169222E-5
4.5476078082964E-5
4.5437746027769E-5
4.5399492745471E-5
4.5361317979056E-5
4.5323221472663E-5
4.528520297157E-5
4.5247262222188E-5
4.5209398972061E-5
4.5171612969853E-5
4.5133903965344E-5
4.5096271709424E-5
4.5058715954087E-5
4.5021236452423E-5
4.4983832958614E-5
4.4946505227928E-5
4.4909253016709E-5
4.4872076082377E-5
4.4834974183417E-5
4.4797947079376E-5
4.4760994530856E-5
4.4724116299506E-5
4.468731214802E-5
4.4650581840131E-5
4.46139251406E-5
4.4577341815219E-5
4.4540831630796E-5
4.4504394355155E-5
4.446802975713E-5
4.4431737606558E-5
4.4395517674274E-5
4.4359369732105E-5
4.4323293552868E-5
4.4287288910356E-5
4.4251355579343E-5
4.4215493335572E-5
4.4179701955753E-5
4.4143981217555E-5
4.4108330899603E-5
4.407275078147E-5
4.4037240643676E-5
4.400180026768E-5
4.3966429435875E-5
4.3931127931584E-5
4.3895895539053E-5
4.3860732043448E-5
4.3825637230851E-5
4.3790610888252E-5
4.3755652803546E-5
4.3720762765526E-5
4.3685940563882E-5
4.3651185989193E-5
4.3616498832924E-5
4.358187888742E-5
4.3547325945901E-5
4.3512839802459E-5
4.3478420252053E-5
4.3444067090502E-5
4.3409780114484E-5
4.3375559121528E-5
4.3341403910014E-5
4.3307314279161E-5
4.3273290029032E-5
4.3239330960522E-5
4.3205436875355E-5
4.3171607576083E-5
4.313784286608E-5
4.3104142549535E-5
4.3070506431451E-5
4.303693431764E-5
4.3003426014718E-5
4.29699813301E-5
4.2936600071998E-5
4.2903282049415E-5
4.2870027072143E-5
4.2836834950756E-5
4.2803705496607E-5
4.2770638521825E-5
4.2737633839311E-5
4.2704691262733E-5
4.267181060652E-5
4.2638991685862E-5
4.2606234316705E-5
4.2573538315745E-5
4.2540903500427E-5
4.2508329688937E-5
4.2475816700203E-5
4.2443364353889E-5
4.241097247039E-5
4.2378640870831E-5
4.2346369377059E-5
4.2314157811644E-5
4.2282005997873E-5
4.2249913759746E-5
4.2217880921974E-5
4.2185907309972E-5
4.215399274986E-5
4.2122137068454E-5
4.209034009327E-5
4.2058601652512E-5
4.2026921575075E-5
4.1995299690537E-5
4.1963735829158E-5
4.1932229821876E-5
4.1900781500305E-5
4.1869390696727E-5
4.1838057244095E-5
4.1806780976024E-5
4.1775561726792E-5
4.1744399331332E-5
4.1713293625234E-5
4.1682244444737E-5
4.1651251626729E-5
4.1620315008743E-5
4.1589434428953E-5
4.1558609726169E-5
4.1527840739838E-5
4.1497127310039E-5
4.1466469277479E-5
4.143586648349E-5
4.1405318770026E-5
4.1374825979662E-5
4.1344387955587E-5
4.1314004541604E-5
4.1283675582127E-5
4.1253400922176E-5
4.1223180407374E-5
4.1193013883947E-5
4.1162901198718E-5
4.1132842199105E-5
4.110283673312E-5
4.107288464936E-5
4.1042985797014E-5
4.1013140025849E-5
4.0983347186217E-5
4.0953607129045E-5
4.0923919705835E-5
4.0894284768664E-5
4.0864702170175E-5
4.0835171763578E-5
4.0805693402649E-5
4.0776266941722E-5
4.0746892235692E-5
4.0717569140009E-5
4.0688297510674E-5
4.0659077204239E-5
4.0629908077806E-5
4.0600789989018E-5
4.0571722796063E-5
4.0542706357667E-5
4.0513740533094E-5
4.0484825182143E-5
4.0455960165143E-5
4.0427145342953E-5
4.0398380576959E-5
4.0369665729072E-5
4.0341000661724E-5
4.0312385237864E-5
4.0283819320962E-5
4.0255302774999E-5
4.0226835464468E-5
4.0198417254373E-5
4.0170048010224E-5
4.0141727598035E-5
4.0113455884322E-5
4.0085232736102E-5
4.0057058020888E-5
4.0028931606688E-5
4.0000853362004E-5
3.9972823155826E-5
3.9944840857635E-5
3.9916906337395E-5
3.9889019465554E-5
3.9861180113042E-5
3.9833388151266E-5
3.9805643452112E-5
3.9777945887938E-5
