0.013046111405082083
0.005053510620472772
0.003464398729265742
0.002706917166793383
0.002252060977761407
0.001944670702510212
0.001721215396107205
0.001550480528373746
0.001415210994044122
0.001305039777996611
0.001213337959527846
0.001135656326162266
0.001068890333014686
0.001010803548774553
9.59741415557937E-4
9.14451872019777E-4
8.73968850351482E-4
8.37534257769089E-4
8.04544327265592E-4
7.74511861119157E-4
7.47039110454108E-4
7.2179793743642E-4
6.98515066570387E-4
6.76960957805608E-4
6.56941300031842E-4
6.38290428966619E-4
6.20866177669456E-4
6.04545806948947E-4
5.89222759141331E-4
5.7480404632803E-4
5.61208132202075E-4
5.48363201525752E-4
5.36205736478297E-4
5.246793379088E-4
5.13733743467305E-4
5.03324005096109E-4
4.93409796347546E-4
4.83954826111245E-4
4.74926340057601E-4
4.6629469477939E-4
4.58032992492795E-4
4.5011676643043E-4
4.42523708861457E-4
4.3523343511343E-4
4.28227278126272E-4
4.21488109002014E-4
4.15000179771167E-4
4.08748985214203E-4
4.02721141082545E-4
3.96904276479879E-4
3.91286938508696E-4
3.8585850757257E-4
3.80609121962567E-4
3.75529610555152E-4
3.70611432615902E-4
3.65846623843925E-4
3.61227747910714E-4
3.56747852847832E-4
3.52400431723472E-4
3.48179387120944E-4
3.44078998994563E-4
3.40093895531953E-4
3.36219026697896E-4
3.32449640174446E-4
3.2878125944639E-4
3.25209663810877E-4
3.21730870115731E-4
3.18341116053546E-4
3.15036844858174E-4
3.11814691267323E-4
3.08671468630012E-4
3.05604157050751E-4
3.02609892473905E-4
2.99685956621863E-4
2.96829767709631E-4
2.94038871866425E-4
2.91310935201864E-4
2.88643736460632E-4
2.86035160214949E-4
2.83483190549254E-4
2.80985905195762E-4
2.78541470083598E-4
2.76148134267634E-4
2.73804225206365E-4
2.71508144360923E-4
2.69258363089878E-4
2.67053418816761E-4
2.64891911449272E-4
2.62772500030966E-4
2.60693899607891E-4
2.58654878294167E-4
2.56654254521804E-4
2.54690894461348E-4
2.52763709601011E-4
2.50871654472957E-4
2.49013724516381E-4
2.47188954067777E-4
2.45396414469623E-4
2.43635212289345E-4
2.41904487641121E-4
2.40203412603579E-4
2.38531189727039E-4
2.36887050624391E-4
2.35270254640191E-4
2.33680087592868E-4
2.32115860585434E-4
2.30576908880296E-4
2.29062590834187E-4
2.27572286889473E-4
2.26105398618352E-4
2.24661347816709E-4
2.23239575644663E-4
2.21839541810957E-4
2.20460723798622E-4
2.19102616129454E-4
2.17764729665075E-4
2.16446590942418E-4
2.15147741541692E-4
2.13867737484974E-4
2.12606148663675E-4
2.11362558293295E-4
2.10136562393938E-4
2.08927769295169E-4
2.07735799163886E-4
2.06560283553954E-4
2.05400864976448E-4
2.04257196489393E-4
2.03128941305969E-4
2.02015772420215E-4
2.00917372249328E-4
1.99833432291695E-4
1.98763652799842E-4
1.97707742467556E-4
1.96665418130447E-4
1.95636404479307E-4
1.94620433785588E-4
1.93617245638428E-4
1.92626586692658E-4
1.91648210427242E-4
1.90681876913662E-4
1.8972735259375E-4
1.88784410066539E-4
1.87852827883696E-4
1.86932390353134E-4
1.86022887350416E-4
1.85124114137601E-4
1.8423587118919E-4
1.83357964024831E-4
1.82490203048493E-4
1.81632403393816E-4
1.80784384775347E-4
1.7994597134542E-4
1.79116991556412E-4
1.78297278028141E-4
1.77486667420208E-4
1.76685000309027E-4
1.75892121069378E-4
1.75107877760262E-4
1.74332122014894E-4
1.73564708934652E-4
1.72805496986808E-4
1.72054347905909E-4
1.71311126598613E-4
1.70575701051891E-4
1.69847942244409E-4
1.69127724060991E-4
1.68414923210027E-4
1.67709419143702E-4
1.67011093980957E-4
1.66319832433036E-4
1.65635521731552E-4
1.64958051558954E-4
1.64287313981298E-4
1.63623203383258E-4
1.62965616405255E-4
1.62314451882648E-4
1.61669610786903E-4
1.61030996168655E-4
1.60398513102611E-4
1.59772068634194E-4
1.59151571727905E-4
1.58536933217298E-4
1.57928065756537E-4
1.57324883773466E-4
1.56727303424127E-4
1.56135242548695E-4
1.55548620628769E-4
1.54967358745961E-4
1.54391379541741E-4
1.53820607178518E-4
1.53254967301864E-4
1.52694387003891E-4
1.52138794787705E-4
1.51588120532927E-4
1.51042295462212E-4
1.50501252108767E-4
1.49964924284806E-4
1.49433247050921E-4
1.4890615668635E-4
1.4838359066008E-4
1.4786548760279E-4
1.47351787279584E-4
1.46842430563511E-4
1.46337359409808E-4
1.45836516830881E-4
1.45339846871978E-4
1.44847294587544E-4
1.44358806018216E-4
1.43874328168466E-4
1.43393808984844E-4
1.42917197334816E-4
1.42444442986182E-4
1.41975496587039E-4
1.41510309646287E-4
1.4104883451466E-4
1.40591024366254E-4
1.40136833180548E-4
1.39686215724899E-4
1.39239127537489E-4
1.38795524910735E-4
1.38355364875103E-4
1.37918605183371E-4
1.37485204295277E-4
1.37055121362562E-4
1.36628316214402E-4
1.36204749343209E-4
1.35784381890786E-4
1.35367175634838E-4
1.34953092975814E-4
1.34542096924083E-4
1.34134151087423E-4
1.3372921965883E-4
1.33327267404614E-4
1.32928259652797E-4
1.32532162281792E-4
1.32138941709355E-4
1.31748564881808E-4
1.31360999263519E-4
1.3097621282664E-4
1.30594174041078E-4
1.30214851864725E-4
1.29838215733899E-4
1.29464235554025E-4
1.29092881690529E-4
1.28724124959949E-4
1.28357936621248E-4
1.27994288367332E-4
1.27633152316768E-4
1.27274501005686E-4
1.26918307379875E-4
1.26564544787049E-4
1.26213186969299E-4
1.25864208055715E-4
1.25517582555164E-4
1.25173285349248E-4
1.24831291685404E-4
1.2449157717017E-4
1.24154117762591E-4
1.23818889767779E-4
1.23485869830612E-4
1.23155034929566E-4
1.22826362370694E-4
1.2249982978173E-4
1.22175415106317E-4
1.21853096598362E-4
1.21532852816524E-4
1.21214662618805E-4
1.20898505157262E-4
1.20584359872836E-4
1.20272206490291E-4
1.19962025013246E-4
1.19653795719332E-4
1.19347499155443E-4
1.19043116133078E-4
1.18740627723791E-4
1.18440015254732E-4
1.18141260304281E-4
1.17844344697767E-4
1.17549250503286E-4
1.17255960027591E-4
1.16964455812079E-4
1.16674720628848E-4
1.16386737476845E-4
1.16100489578083E-4
1.15815960373937E-4
1.15533133521515E-4
1.15251992890105E-4
1.14972522557685E-4
1.14694706807508E-4
1.1441853012475E-4
1.14143977193233E-4
1.13871032892199E-4
1.13599682293162E-4
1.13329910656807E-4
1.1306170342996E-4
1.12795046242616E-4
1.12529924905013E-4
1.12266325404775E-4
1.1200423390411E-4
1.1174363673705E-4
1.11484520406752E-4
1.11226871582852E-4
1.10970677098863E-4
1.10715923949628E-4
1.10462599288814E-4
1.10210690426459E-4
1.09960184826563E-4
1.09711070104723E-4
1.09463334025815E-4
1.0921696450171E-4
1.08971949589046E-4
1.08728277487026E-4
1.0848593653527E-4
1.08244915211696E-4
1.0800520213045E-4
1.07766786039855E-4
1.07529655820421E-4
1.07293800482872E-4
1.0705920916622E-4
1.06825871135866E-4
1.0659377578174E-4
1.06362912616468E-4
1.06133271273585E-4
1.05904841505757E-4
1.05677613183061E-4
1.0545157629127E-4
1.0522672093019E-4
1.05003037312008E-4
1.04780515759682E-4
1.04559146705354E-4
1.04338920688786E-4
1.04119828355831E-4
1.03901860456924E-4
1.03685007845603E-4
1.03469261477054E-4
1.03254612406678E-4
1.03041051788694E-4
1.02828570874744E-4
1.0261716101254E-4
1.02406813644531E-4
1.02197520306588E-4
1.01989272626706E-4
1.01782062323743E-4
1.01575881206169E-4
1.01370721170835E-4
1.01166574201769E-4
1.00963432368985E-4
1.00761287827316E-4
1.0056013281527E-4
1.00359959653891E-4
1.00160760745653E-4
9.9962528573367E-5
9.9765255699104E-5
9.9568934763135E-5
9.937355848289E-5
9.9179119651936E-5
9.8985611138968E-5
9.8793025886814E-5
9.8601356911465E-5
9.8410597301109E-5
9.8220740215187E-5
9.8031778883465E-5
9.7843706605116E-5
9.7656516747819E-5
9.7470202746871E-5
9.7284758104316E-5
9.7100176388087E-5
9.6916451231155E-5
9.6733576330698E-5
9.6551545447282E-5
9.6370352404053E-5
9.6189991085942E-5
9.6010455438881E-5
9.5831739469033E-5
9.5653837242034E-5
9.5476742882245E-5
9.5300450572013E-5
9.5124954550951E-5
9.495024911522E-5
9.477632861683E-5
9.4603187462941E-5
9.4430820115187E-5
9.4259221089E-5
9.408838495295E-5
9.3918306328092E-5
9.3748979887323E-5
9.358040035475E-5
9.3412562505067E-5
9.3245461162939E-5
9.3079091202397E-5
9.2913447546243E-5
9.2748525165457E-5
9.2584319078625E-5
9.2420824351365E-5
9.2258036095762E-5
9.2095949469815E-5
9.1934559676895E-5
9.1773861965199E-5
9.1613851627225E-5
9.1454523999246E-5
9.1295874460795E-5
9.1137898434157E-5
9.0980591383866E-5
9.0823948816214E-5
9.066796627876E-5
9.0512639359854E-5
9.035796368816E-5
9.0203934932193E-5
9.0050548799855E-5
8.9897801037983E-5
8.97456874319E-5
8.9594203804977E-5
8.9443346018193E-5
8.929310996971E-5
8.914349159445E-5
8.8994486863675E-5
8.8846091784574E-5
8.8698302399862E-5
8.8551114787375E-5
8.840452505968E-5
8.8258529363677E-5
8.8113123880223E-5
8.7968304823752E-5
8.7824068441893E-5
8.768041101511E-5
8.7537328856336E-5
8.739481831061E-5
8.7252875754726E-5
8.7111497596884E-5
8.6970680276341E-5
8.6830420263075E-5
8.6690714057448E-5
8.6551558189871E-5
8.6412949220483E-5
8.6274883738827E-5
8.6137358363525E-5
8.6000369741972E-5
8.586391455002E-5
8.5727989491677E-5
8.5592591298798E-5
8.5457716730794E-5
8.5323362574334E-5
8.5189525643053E-5
8.5056202777269E-5
8.4923390843696E-5
8.4791086735167E-5
8.4659287370357E-5
8.4527989693512E-5
8.4397190674177E-5
8.4266887306937E-5
8.4137076611143E-5
8.4007755630667E-5
8.3878921433638E-5
8.3750571112191E-5
8.3622701782219E-5
8.3495310583127E-5
8.3368394677588E-5
8.3241951251305E-5
8.3115977512771E-5
8.2990470693038E-5
8.2865428045485E-5
8.274084684559E-5
8.2616724390702E-5
8.2493057999824E-5
8.2369845013388E-5
8.2247082793039E-5
8.2124768721424E-5
8.2002900201975E-5
8.1881474658703E-5
8.176048953599E-5
8.1639942298385E-5
8.1519830430405E-5
8.140015143633E-5
8.1280902840011E-5
8.1162082184674E-5
8.1043687032727E-5
8.0925714965572E-5
8.0808163583413E-5
8.0691030505077E-5
8.0574313367828E-5
8.0458009827185E-5
8.0342117556743E-5
8.0226634247996E-5
8.0111557610168E-5
7.9996885370035E-5
7.9882615271752E-5
7.9768745076693E-5
7.9655272563278E-5
7.9542195526806E-5
7.9429511779304E-5
7.9317219149353E-5
7.9205315481936E-5
7.9093798638282E-5
7.8982666495707E-5
7.8871916947461E-5
7.8761547902578E-5
7.8651557285726E-5
7.854194303706E-5
7.8432703112071E-5
7.8323835481446E-5
7.8215338130922E-5
7.8107209061146E-5
7.7999446287535E-5
7.7892047840135E-5
7.7785011763491E-5
7.7678336116501E-5
7.7572018972294E-5
7.7466058418088E-5
7.7360452555069E-5
7.7255199498251E-5
7.7150297376358E-5
7.7045744331691E-5
7.6941538520005E-5
7.6837678110387E-5
7.6734161285132E-5
7.6630986239625E-5
7.6528151182218E-5
7.6425654334112E-5
7.6323493929243E-5
7.6221668214165E-5
7.6120175447935E-5
7.6019013902E-5
7.5918181860087E-5
7.581767761809E-5
7.5717499483961E-5
7.5617645777604E-5
7.5518114830768E-5
7.5418904986936E-5
7.5320014601226E-5
7.5221442040286E-5
7.5123185682189E-5
7.5025243916334E-5
7.4927615143349E-5
7.4830297774981E-5
7.4733290234012E-5
7.463659095415E-5
7.454019837994E-5
7.4444110966665E-5
7.4348327180257E-5
7.4252845497197E-5
7.415766440443E-5
7.4062782399267E-5
7.3968197989302E-5
7.3873909692317E-5
7.3779916036197E-5
7.368621555884E-5
7.3592806808077E-5
7.3499688341576E-5
7.3406858726767E-5
7.3314316540755E-5
7.3222060370234E-5
7.313008881141E-5
7.3038400469916E-5
7.2946993960734E-5
7.2855867908116E-5
7.2765020945502E-5
7.2674451715445E-5
7.2584158869534E-5
7.2494141068317E-5
7.2404396981224E-5
7.2314925286497E-5
7.2225724671109E-5
7.2136793830697E-5
7.2048131469487E-5
7.1959736300221E-5
7.1871607044089E-5
7.1783742430657E-5
7.1696141197797E-5
7.1608802091619E-5
7.1521723866403E-5
7.1434905284531E-5
7.134834511642E-5
7.1262042140456E-5
7.1175995142927E-5
7.1090202917963E-5
7.1004664267466E-5
7.091937800105E-5
7.0834342935978E-5
7.0749557897095E-5
7.0665021716774E-5
7.0580733234849E-5
7.0496691298556E-5
7.0412894762477E-5
7.0329342488471E-5
7.0246033345628E-5
7.0162966210199E-5
7.0080139965547E-5
6.9997553502086E-5
6.9915205717225E-5
6.9833095515311E-5
6.9751221807577E-5
6.9669583512084E-5
6.9588179553668E-5
6.9507008863886E-5
6.9426070380962E-5
6.9345363049734E-5
6.9264885821606E-5
6.9184637654489E-5
6.9104617512757E-5
6.902482436719E-5
6.8945257194928E-5
6.8865914979418E-5
6.8786796710368E-5
6.8707901383697E-5
6.8629228001483E-5
6.8550775571921E-5
6.847254310927E-5
6.8394529633811E-5
6.8316734171798E-5
6.8239155755409E-5
6.8161793422703E-5
6.8084646217578E-5
6.800771318972E-5
6.793099339456E-5
6.7854485893236E-5
6.7778189752539E-5
6.7702104044877E-5
6.7626227848233E-5
6.7550560246117E-5
6.7475100327527E-5
6.7399847186908E-5
6.732479992411E-5
6.7249957644347E-5
6.7175319458155E-5
6.7100884481355E-5
6.702665183501E-5
6.6952620645387E-5
6.687879004392E-5
6.6805159167167E-5
6.6731727156774E-5
6.6658493159437E-5
6.6585456326866E-5
6.6512615815743E-5
6.6439970787689E-5
6.6367520409225E-5
6.6295263851738E-5
6.6223200291444E-5
6.615132890935E-5
6.6079648891224E-5
6.6008159427552E-5
6.5936859713512E-5
6.5865748948933E-5
6.5794826338264E-5
6.572409109054E-5
6.5653542419346E-5
6.5583179542789E-5
6.5513001683459E-5
6.54430080684E-5
6.5373197929076E-5
6.5303570501342E-5
6.5234125025407E-5
6.5164860745807E-5
6.5095776911373E-5
6.5026872775196E-5
6.4958147594603E-5
6.488960063112E-5
6.4821231150448E-5
6.4753038422428E-5
6.4685021721013E-5
6.461718032424E-5
6.4549513514202E-5
6.4482020577011E-5
6.4414700802782E-5
6.4347553485594E-5
6.4280577923467E-5
6.4213773418333E-5
6.4147139276006E-5
6.4080674806162E-5
6.4014379322302E-5
6.3948252141731E-5
6.3882292585532E-5
6.3816499978535E-5
6.3750873649294E-5
6.3685412930061E-5
6.3620117156759E-5
6.3554985668955E-5
6.3490017809839E-5
6.3425212926195E-5
6.3360570368377E-5
6.3296089490287E-5
6.3231769649343E-5
6.3167610206464E-5
6.3103610526039E-5
6.3039769975907E-5
6.297608792733E-5
6.2912563754974E-5
6.284919683688E-5
6.2785986554446E-5
6.2722932292399E-5
6.2660033438779E-5
6.2597289384909E-5
6.2534699525378E-5
6.2472263258016E-5
6.2409979983873E-5
6.2347849107197E-5
6.2285870035414E-5
6.2224042179101E-5
6.2162364951972E-5
6.2100837770852E-5
6.2039460055657E-5
6.1978231229375E-5
6.1917150718042E-5
6.1856217950726E-5
6.1795432359503E-5
6.1734793379438E-5
6.1674300448566E-5
6.161395300787E-5
6.1553750501264E-5
6.1493692375572E-5
6.1433778080509E-5
6.1374007068661E-5
6.1314378795469E-5
6.1254892719204E-5
6.1195548300957E-5
6.1136345004611E-5
6.1077282296831E-5
6.101835964704E-5
6.0959576527402E-5
6.0900932412807E-5
6.0842426780849E-5
6.0784059111813E-5
6.0725828888653E-5
6.0667735596976E-5
6.0609778725025E-5
6.0551957763664E-5
6.0494272206356E-5
6.0436721549152E-5
6.0379305290669E-5
6.0322022932078E-5
6.0264873977082E-5
6.0207857931906E-5
6.0150974305277E-5
6.0094222608407E-5
6.003760235498E-5
5.9981113061135E-5
5.9924754245449E-5
5.9868525428923E-5
5.9812426134966E-5
5.975645588938E-5
5.9700614220343E-5
5.9644900658398E-5
5.9589314736431E-5
5.9533855989665E-5
5.9478523955638E-5
5.942331817419E-5
5.9368238187451E-5
5.9313283539825E-5
5.9258453777976E-5
5.9203748450811E-5
5.914916710947E-5
5.9094709307311E-5
5.9040374599894E-5
5.8986162544968E-5
5.8932072702461E-5
5.8878104634459E-5
5.88242579052E-5
5.8770532081057E-5
5.8716926730523E-5
5.8663441424203E-5
5.8610075734796E-5
5.8556829237085E-5
5.8503701507921E-5
5.8450692126215E-5
5.839780067292E-5
5.8345026731023E-5
5.829236988553E-5
5.8239829723453E-5
5.81874058338E-5
5.8135097807561E-5
5.8082905237696E-5
5.8030827719123E-5
5.7978864848708E-5
5.792701622525E-5
5.7875281449472E-5
5.7823660124006E-5
5.7772151853386E-5
5.7720756244032E-5
5.7669472904241E-5
5.7618301444177E-5
5.7567241475853E-5
5.751629261313E-5
5.7465454471697E-5
5.7414726669066E-5
5.7364108824557E-5
5.7313600559289E-5
5.7263201496168E-5
5.7212911259881E-5
5.7162729476876E-5
5.7112655775362E-5
5.706268978529E-5
5.7012831138349E-5
5.6963079467951E-5
5.6913434409222E-5
5.6863895598996E-5
5.6814462675798E-5
5.6765135279838E-5
5.6715913053001E-5
5.6666795638835E-5
5.6617782682544E-5
5.6568873830978E-5
5.6520068732618E-5
5.6471367037576E-5
5.6422768397575E-5
5.6374272465949E-5
5.6325878897626E-5
5.6277587349123E-5
5.6229397478535E-5
5.6181308945529E-5
5.6133321411328E-5
5.6085434538709E-5
5.6037647991991E-5
5.5989961437024E-5
5.5942374541185E-5
5.5894886973366E-5
5.5847498403963E-5
5.5800208504874E-5
5.5753016949484E-5
5.5705923412659E-5
5.5658927570738E-5
5.5612029101522E-5
5.5565227684269E-5
5.5518522999685E-5
5.5471914729912E-5
5.5425402558525E-5
5.5378986170521E-5
5.5332665252309E-5
5.5286439491708E-5
5.5240308577931E-5
5.5194272201585E-5
5.5148330054657E-5
5.510248183051E-5
5.5056727223873E-5
5.5011065930834E-5
5.4965497648831E-5
5.4920022076649E-5
5.4874638914407E-5
5.4829347863551E-5
5.4784148626852E-5
5.4739040908392E-5
5.469402441356E-5
5.4649098849045E-5
5.4604263922825E-5
5.4559519344166E-5
5.4514864823609E-5
5.4470300072967E-5
5.4425824805314E-5
5.4381438734983E-5
5.4337141577553E-5
5.4292933049847E-5
5.4248812869923E-5
5.4204780757069E-5
5.4160836431792E-5
5.4116979615816E-5
5.4073210032072E-5
5.4029527404695E-5
5.3985931459011E-5
5.3942421921538E-5
5.3898998519975E-5
5.3855660983194E-5
5.3812409041239E-5
5.3769242425316E-5
5.3726160867786E-5
5.3683164102162E-5
5.3640251863099E-5
5.3597423886387E-5
5.3554679908954E-5
5.3512019668846E-5
5.3469442905233E-5
5.3426949358395E-5
5.338453876972E-5
5.3342210881697E-5
5.3299965437909E-5
5.3257802183029E-5
5.3215720862813E-5
5.3173721224094E-5
5.3131803014778E-5
5.3089965983833E-5
5.3048209881293E-5
5.300653445824E-5
5.2964939466809E-5
5.2923424660176E-5
5.2881989792556E-5
5.2840634619196E-5
5.2799358896368E-5
5.2758162381367E-5
5.2717044832503E-5
5.2676006009094E-5
5.2635045671466E-5
5.2594163580944E-5
5.2553359499845E-5
5.2512633191478E-5
5.2471984420134E-5
5.2431412951082E-5
5.2390918550566E-5
5.2350500985799E-5
5.2310160024954E-5
5.2269895437165E-5
5.2229706992518E-5
5.2189594462048E-5
5.2149557617731E-5
5.2109596232485E-5
5.2069710080159E-5
5.2029898935528E-5
5.1990162574295E-5
5.195050077308E-5
5.1910913309418E-5
5.1871399961751E-5
5.1831960509428E-5
5.1792594732697E-5
5.1753302412701E-5
5.1714083331474E-5
5.1674937271935E-5
5.1635864017886E-5
5.1596863354005E-5
5.1557935065843E-5
5.1519078939818E-5
5.1480294763212E-5
5.1441582324166E-5
5.1402941411674E-5
5.1364371815584E-5
5.1325873326587E-5
5.1287445736216E-5
5.1249088836841E-5
5.1210802421666E-5
5.1172586284723E-5
5.1134440220868E-5
5.1096364025781E-5
5.1058357495952E-5
5.1020420428687E-5
5.0982552622101E-5
5.0944753875111E-5
5.0907023987431E-5
5.0869362759577E-5
5.0831769992851E-5
5.0794245489346E-5
5.0756789051937E-5
5.0719400484283E-5
5.0682079590812E-5
5.064482617673E-5
5.0607640048009E-5
5.0570521011384E-5
5.0533468874352E-5
5.0496483445167E-5
5.0459564532834E-5
5.0422711947109E-5
5.0385925498494E-5
5.0349204998231E-5
5.0312550258301E-5
5.027596109142E-5
5.0239437311032E-5
5.0202978731311E-5
5.0166585167153E-5
5.0130256434175E-5
5.009399234871E-5
5.0057792727803E-5
5.0021657389209E-5
4.998558615139E-5
4.9949578833508E-5
4.9913635255428E-5
4.9877755237705E-5
4.984193860159E-5
4.9806185169022E-5
4.9770494762623E-5
4.9734867205702E-5
4.9699302322241E-5
4.9663799936901E-5
4.9628359875015E-5
4.9592981962583E-5
4.9557666026271E-5
4.9522411893409E-5
4.9487219391983E-5
4.9452088350638E-5
4.9417018598671E-5
4.9382009966027E-5
4.9347062283299E-5
4.9312175381723E-5
4.9277349093174E-5
4.9242583250167E-5
4.9207877685848E-5
4.9173232233996E-5
4.9138646729016E-5
4.9104121005942E-5
4.9069654900424E-5
4.9035248248737E-5
4.9000900887768E-5
4.8966612655018E-5
4.8932383388601E-5
4.8898212927234E-5
4.886410111024E-5
4.8830047777546E-5
4.8796052769673E-5
4.8762115927743E-5
4.8728237093466E-5
4.8694416109145E-5
4.8660652817671E-5
4.8626947062517E-5
4.859329868774E-5
4.8559707537976E-5
4.8526173458436E-5
4.8492696294906E-5
4.8459275893742E-5
4.8425912101868E-5
4.8392604766776E-5
4.8359353736517E-5
4.8326158859707E-5
4.8293019985517E-5
4.8259936963672E-5
4.822690964445E-5
4.8193937878682E-5
4.8161021517743E-5
4.8128160413554E-5
4.8095354418579E-5
4.8062603385819E-5
4.8029907168815E-5
4.7997265621641E-5
4.7964678598906E-5
4.7932145955746E-5
4.7899667547826E-5
4.7867243231334E-5
4.7834872862982E-5
4.7802556300002E-5
4.7770293400142E-5
4.773808402167E-5
4.770592802336E-5
4.7673825264502E-5
4.7641775604892E-5
4.7609778904834E-5
4.7577835025132E-5
4.7545943827095E-5
4.7514105172527E-5
4.7482318923732E-5
4.7450584943508E-5
4.7418903095143E-5
4.7387273242417E-5
4.7355695249598E-5
4.7324168981438E-5
4.7292694303173E-5
4.7261271080521E-5
4.7229899179676E-5
4.7198578467313E-5
4.7167308810578E-5
4.7136090077092E-5
4.7104922134944E-5
4.7073804852693E-5
4.7042738099362E-5
4.7011721744442E-5
4.6980755657881E-5
4.694983971009E-5
4.6918973771937E-5
4.6888157714745E-5
4.6857391410293E-5
4.6826674730808E-5
4.679600754897E-5
4.6765389737904E-5
4.6734821171182E-5
4.670430172282E-5
4.6673831267275E-5
4.6643409679443E-5
4.6613036834658E-5
4.6582712608693E-5
4.6552436877749E-5
4.6522209518462E-5
4.64920304079E-5
4.6461899423557E-5
4.6431816443352E-5
4.640178134563E-5
4.637179400916E-5
4.6341854313127E-5
4.6311962137139E-5
4.628211736122E-5
4.6252319865806E-5
4.6222569531752E-5
4.6192866240319E-5
4.6163209873181E-5
4.6133600312418E-5
4.6104037440517E-5
4.6074521140368E-5
4.6045051295266E-5
4.6015627788904E-5
4.5986250505376E-5
4.5956919329172E-5
4.5927634145178E-5
4.5898394838674E-5
4.5869201295333E-5
4.5840053401217E-5
4.5810951042776E-5
4.5781894106849E-5
4.575288248066E-5
4.5723916051816E-5
4.5694994708305E-5
4.5666118338498E-5
4.5637286831144E-5
4.5608500075367E-5
4.5579757960668E-5
4.5551060376923E-5
4.5522407214378E-5
4.5493798363653E-5
4.5465233715732E-5
4.543671316197E-5
4.5408236594089E-5
4.5379803904174E-5
4.535141498467E-5
4.5323069728388E-5
4.5294768028496E-5
4.526650977852E-5
4.5238294872343E-5
4.5210123204205E-5
4.5181994668698E-5
4.5153909160765E-5
4.5125866575702E-5
4.5097866809152E-5
4.5069909757108E-5
4.5041995315907E-5
4.5014123382233E-5
4.498629385311E-5
4.4958506625908E-5
4.4930761598334E-5
4.4903058668435E-5
4.4875397734597E-5
4.4847778695539E-5
4.4820201450319E-5
4.4792665898324E-5
4.4765171939275E-5
4.4737719473224E-5
4.4710308400551E-5
4.4682938621965E-5
4.46556100385E-5
4.4628322551515E-5
4.4601076062694E-5
4.4573870474043E-5
4.4546705687888E-5
4.4519581606875E-5
4.449249813397E-5
4.4465455172453E-5
4.4438452625922E-5
4.4411490398288E-5
4.4384568393777E-5
4.4357686516924E-5
4.4330844672577E-5
4.4304042765892E-5
4.4277280702333E-5
4.4250558387671E-5
4.4223875727981E-5
4.4197232629645E-5
4.4170628999345E-5
4.4144064744066E-5
4.4117539771094E-5
4.4091053988013E-5
4.4064607302706E-5
4.4038199623351E-5
4.4011830858424E-5
4.3985500916692E-5
4.3959209707219E-5
4.3932957139358E-5
4.3906743122754E-5
4.3880567567342E-5
4.3854430383343E-5
4.3828331481268E-5
4.3802270771913E-5
4.3776248166357E-5
4.3750263575966E-5
4.3724316912387E-5
4.3698408087547E-5
4.3672537013655E-5
4.36467036032E-5
4.3620907768947E-5
4.3595149423939E-5
4.3569428481494E-5
4.3543744855206E-5
4.3518098458941E-5
4.3492489206838E-5
4.3466917013309E-5
4.3441381793033E-5
4.3415883460961E-5
4.3390421932311E-5
4.3364997122567E-5
4.3339608947483E-5
4.3314257323072E-5
4.3288942165616E-5
4.3263663391657E-5
4.3238420918E-5
4.321321466171E-5
4.3188044540111E-5
4.3162910470788E-5
4.3137812371581E-5
4.3112750160589E-5
4.3087723756164E-5
4.3062733076915E-5
4.3037778041703E-5
4.3012858569642E-5
4.2987974580098E-5
4.2963125992686E-5
4.2938312727273E-5
4.2913534703973E-5
4.2888791843147E-5
4.2864084065404E-5
4.2839411291599E-5
4.281477344283E-5
4.279017044044E-5
4.2765602206015E-5
4.2741068661382E-5
4.2716569728609E-5
4.2692105330004E-5
4.2667675388114E-5
4.2643279825724E-5
4.2618918565857E-5
4.2594591531771E-5
4.257029864696E-5
4.2546039835153E-5
4.252181502031E-5
4.2497624126627E-5
4.2473467078529E-5
4.2449343800674E-5
4.2425254217946E-5
4.2401198255463E-5
4.2377175838567E-5
4.235318689283E-5
4.2329231344048E-5
4.2305309118245E-5
4.2281420141667E-5
4.2257564340785E-5
4.2233741642293E-5
4.2209951973106E-5
4.2186195260363E-5
4.216247143142E-5
4.2138780413853E-5
4.2115122135458E-5
4.2091496524249E-5
4.2067903508454E-5
4.2044343016521E-5
4.202081497711E-5
4.1997319319097E-5
4.1973855971572E-5
4.1950424863838E-5
4.1927025925407E-5
4.1903659086007E-5
4.1880324275572E-5
4.1857021424249E-5
4.1833750462391E-5
4.1810511320561E-5
4.1787303929528E-5
4.176412822027E-5
4.1740984123966E-5
4.1717871572005E-5
4.1694790495976E-5
4.1671740827673E-5
4.1648722499093E-5
4.1625735442435E-5
4.1602779590097E-5
4.157985487468E-5
4.1556961228982E-5
4.1534098586002E-5
4.1511266878935E-5
4.1488466041176E-5
4.1465696006314E-5
4.1442956708135E-5
4.1420248080618E-5
4.1397570057941E-5
4.1374922574471E-5
4.135230556477E-5
4.1329718963592E-5
4.1307162705882E-5
4.1284636726776E-5
4.1262140961601E-5
4.1239675345872E-5
4.1217239815293E-5
4.1194834305756E-5
4.117245875334E-5
4.1150113094311E-5
4.112779726512E-5
4.1105511202405E-5
4.1083254842987E-5
4.1061028123871E-5
4.1038830982245E-5
4.101666335548E-5
4.0994525181127E-5
4.0972416396922E-5
4.0950336940776E-5
4.0928286750786E-5
4.0906265765222E-5
4.0884273922536E-5
4.0862311161357E-5
4.0840377420492E-5
4.0818472638923E-5
4.0796596755808E-5
4.0774749710482E-5
4.0752931442452E-5
4.07311418914E-5
4.0709380997183E-5
4.0687648699827E-5
4.0665944939534E-5
4.0644269656675E-5
4.0622622791792E-5
4.0601004285597E-5
4.0579414078973E-5
4.0557852112971E-5
4.053631832881E-5
4.0514812667876E-5
4.0493335071724E-5
4.0471885482074E-5
4.0450463840813E-5
4.0429070089992E-5
4.0407704171827E-5
4.03863660287E-5
4.0365055603153E-5
4.0343772837894E-5
4.0322517675792E-5
4.0301290059878E-5
4.0280089933344E-5
4.0258917239542E-5
4.0237771921986E-5
4.0216653924347E-5
4.0195563190457E-5
4.0174499664303E-5
4.0153463290034E-5
4.0132454011953E-5
4.0111471774522E-5
4.0090516522356E-5
4.0069588200229E-5
4.0048686753067E-5
4.0027812125951E-5
4.0006964264118E-5
3.9986143112955E-5
3.9965348618005E-5
3.994458072496E-5
3.9923839379666E-5
3.9903124528118E-5
3.9882436116465E-5
3.9861774091003E-5
3.9841138398178E-5
3.9820528984586E-5
3.979994579697E-5
3.9779388782222E-5
3.9758857887382E-5
3.9738353059636E-5
3.9717874246316E-5
3.96974213949E-5
3.9676994453013E-5
3.9656593368423E-5
3.9636218089042E-5
3.9615868562928E-5
3.959554473828E-5
3.9575246563442E-5
3.9554973986897E-5
3.9534726957274E-5
3.951450542334E-5
3.9494309334005E-5
3.9474138638318E-5
3.9453993285468E-5
3.9433873224784E-5
3.9413778405734E-5
3.9393708777922E-5
3.9373664291094E-5
3.9353644895131E-5
3.933365054005E-5
3.9313681176006E-5
3.929373675329E-5
3.9273817222328E-5
3.9253922533681E-5
3.9234052638046E-5
3.9214207486252E-5
3.9194387029264E-5
3.9174591218176E-5
3.9154820004221E-5
3.9135073338759E-5
3.9115351173283E-5
3.909565345942E-5
3.9075980148925E-5
3.9056331193684E-5
3.9036706545715E-5
3.9017106157163E-5
3.8997529980304E-5
3.8977977967541E-5
3.8958450071407E-5
3.8938946244562E-5
3.8919466439794E-5
3.8900010610016E-5
3.8880578708269E-5
3.8861170687721E-5
3.8841786501664E-5
3.8822426103516E-5
3.880308944682E-5
3.8783776485241E-5
3.8764487172573E-5
3.8745221462728E-5
3.8725979309744E-5
3.8706760667782E-5
3.8687565491124E-5
3.8668393734175E-5
3.864924535146E-5
3.8630120297626E-5
3.8611018527442E-5
3.8591939995793E-5
3.8572884657689E-5
3.8553852468256E-5
3.8534843382739E-5
3.8515857356505E-5
3.8496894345033E-5
3.8477954303927E-5
3.8459037188903E-5
3.8440142955798E-5
3.8421271560561E-5
3.8402422959262E-5
3.8383597108083E-5
3.8364793963325E-5
3.8346013481401E-5
3.832725561884E-5
3.8308520332285E-5
3.8289807578494E-5
3.8271117314337E-5
3.8252449496798E-5
3.8233804082974E-5
3.8215181030073E-5
3.8196580295417E-5
3.8178001836439E-5
3.8159445610682E-5
3.8140911575802E-5
3.8122399689564E-5
3.8103909909844E-5
3.8085442194627E-5
3.8066996502009E-5
3.8048572790193E-5
3.8030171017492E-5
3.8011791142327E-5
3.7993433123228E-5
3.7975096918832E-5
3.7956782487882E-5
3.793848978923E-5
3.7920218781833E-5
3.7901969424757E-5
3.7883741677169E-5
3.7865535498347E-5
3.784735084767E-5
3.7829187684624E-5
3.7811045968799E-5
3.779292565989E-5
3.7774826717694E-5
3.7756749102112E-5
3.7738692773151E-5
3.7720657690917E-5
3.7702643815619E-5
3.7684651107571E-5
3.7666679527187E-5
3.7648729034981E-5
3.7630799591571E-5
3.7612891157674E-5
3.7595003694108E-5
3.757713716179E-5
3.755929152174E-5
3.7541466735074E-5
3.7523662763008E-5
3.750587956686E-5
3.7488117108042E-5
3.7470375348068E-5
3.7452654248547E-5
3.7434953771187E-5
3.7417273877794E-5
3.739961453027E-5
3.7381975690613E-5
3.7364357320919E-5
3.7346759383378E-5
3.7329181840279E-5
3.7311624654002E-5
3.7294087787027E-5
3.7276571201924E-5
3.7259074861361E-5
3.7241598728099E-5
3.7224142764992E-5
3.7206706934989E-5
3.7189291201133E-5
3.7171895526558E-5
3.7154519874491E-5
3.7137164208252E-5
3.7119828491254E-5
3.7102512687001E-5
3.7085216759087E-5
3.70679406712E-5
3.7050684387117E-5
3.7033447870706E-5
3.7016231085925E-5
3.6999033996825E-5
3.6981856567543E-5
3.6964698762306E-5
3.6947560545433E-5
3.693044188133E-5
3.6913342734491E-5
3.68962630695E-5
3.6879202851029E-5
3.6862162043835E-5
3.6845140612767E-5
3.6828138522758E-5
3.6811155738829E-5
3.6794192226087E-5
3.6777247949728E-5
3.676032287503E-5
3.6743416967362E-5
3.6726530192174E-5
3.6709662515003E-5
3.6692813901473E-5
3.667598431729E-5
3.6659173728246E-5
3.6642382100218E-5
3.6625609399164E-5
3.660885559113E-5
3.6592120642243E-5
3.6575404518712E-5
3.6558707186833E-5
3.6542028612981E-5
3.6525368763615E-5
3.6508727605277E-5
3.6492105104588E-5
3.6475501228255E-5
3.6458915943063E-5
3.6442349215879E-5
3.6425801013653E-5
3.6409271303412E-5
3.6392760052267E-5
3.6376267227407E-5
3.6359792796103E-5
3.6343336725702E-5
3.6326898983635E-5
3.6310479537409E-5
3.6294078354611E-5
3.6277695402907E-5
3.6261330650041E-5
3.6244984063836E-5
3.6228655612191E-5
3.6212345263086E-5
3.6196052984575E-5
3.6179778744793E-5
3.6163522511948E-5
3.6147284254328E-5
3.6131063940296E-5
3.6114861538292E-5
3.6098677016831E-5
3.6082510344505E-5
3.6066361489983E-5
3.6050230422005E-5
3.6034117109392E-5
3.6018021521034E-5
3.60019436259E-5
3.5985883393032E-5
3.5969840791546E-5
3.5953815790633E-5
3.5937808359556E-5
3.5921818467654E-5
3.5905846084337E-5
3.5889891179091E-5
3.5873953721471E-5
3.5858033681108E-5
3.5842131027704E-5
3.5826245731035E-5
3.5810377760945E-5
3.5794527087354E-5
3.5778693680252E-5
3.5762877509701E-5
3.5747078545832E-5
3.5731296758849E-5
3.5715532119027E-5
3.5699784596711E-5
3.5684054162315E-5
3.5668340786325E-5
3.5652644439296E-5
3.5636965091853E-5
3.5621302714689E-5
3.560565727857E-5
3.5590028754326E-5
3.5574417112859E-5
3.555882232514E-5
3.5543244362208E-5
3.5527683195168E-5
3.5512138795195E-5
3.5496611133533E-5
3.5481100181491E-5
3.5465605910447E-5
3.5450128291845E-5
3.5434667297198E-5
3.5419222898085E-5
3.540379506615E-5
3.5388383773105E-5
3.5372988990728E-5
3.5357610690863E-5
3.534224884542E-5
3.5326903426374E-5
3.5311574405767E-5
3.5296261755703E-5
3.5280965448355E-5
3.5265685455958E-5
3.5250421750813E-5
3.5235174305285E-5
3.5219943091804E-5
3.5204728082862E-5
3.5189529251018E-5
3.5174346568892E-5
3.5159180009169E-5
3.5144029544598E-5
3.5128895147989E-5
3.5113776792217E-5
3.5098674450218E-5
3.5083588094992E-5
3.5068517699601E-5
3.5053463237168E-5
3.5038424680881E-5
3.5023402003987E-5
3.5008395179796E-5
3.4993404181679E-5
3.4978428983069E-5
3.4963469557459E-5
3.4948525878405E-5
3.4933597919521E-5
3.4918685654484E-5
3.490378905703E-5
3.4888908100957E-5
3.487404276012E-5
3.4859193008437E-5
3.4844358819885E-5
3.4829540168498E-5
3.4814737028374E-5
3.4799949373666E-5
3.4785177178588E-5
3.4770420417412E-5
3.4755679064471E-5
3.4740953094154E-5
3.4726242480908E-5
3.4711547199241E-5
3.4696867223717E-5
3.4682202528958E-5
3.4667553089643E-5
3.4652918880511E-5
3.4638299876356E-5
3.462369605203E-5
3.4609107382443E-5
3.4594533842559E-5
3.4579975407403E-5
3.4565432052051E-5
3.4550903751642E-5
3.4536390481365E-5
3.4521892216469E-5
3.4507408932258E-5
3.4492940604089E-5
3.447848720738E-5
3.4464048717599E-5
3.4449625110273E-5
3.4435216360983E-5
3.4420822445363E-5
3.4406443339104E-5
3.4392079017952E-5
3.4377729457705E-5
3.4363394634218E-5
3.4349074523398E-5
3.4334769101208E-5
3.4320478343663E-5
3.4306202226832E-5
3.4291940726839E-5
3.427769381986E-5
3.4263461482125E-5
3.4249243689917E-5
3.423504041957E-5
3.4220851647474E-5
3.420667735007E-5
3.419251750385E-5
3.4178372085362E-5
3.4164241071204E-5
3.4150124438024E-5
3.4136022162526E-5
3.4121934221464E-5
3.4107860591642E-5
3.4093801249918E-5
3.4079756173199E-5
3.4065725338445E-5
3.4051708722667E-5
3.4037706302926E-5
3.4023718056333E-5
3.4009743960051E-5
3.3995783991294E-5
3.3981838127324E-5
3.3967906345455E-5
3.395398862305E-5
3.3940084937524E-5
3.3926195266338E-5
3.3912319587007E-5
3.3898457877092E-5
3.3884610114204E-5
3.3870776276005E-5
3.3856956340205E-5
3.3843150284562E-5
3.3829358086883E-5
3.3815579725025E-5
3.3801815176894E-5
3.3788064420441E-5
3.3774327433668E-5
3.3760604194626E-5
3.374689468141E-5
3.3733198872166E-5
3.3719516745087E-5
3.3705848278415E-5
3.3692193450436E-5
3.3678552239486E-5
3.3664924623948E-5
3.3651310582252E-5
3.3637710092873E-5
3.3624123134335E-5
3.3610549685208E-5
3.3596989724109E-5
3.3583443229699E-5
3.3569910180689E-5
3.3556390555834E-5
3.3542884333935E-5
3.352939149384E-5
3.3515912014441E-5
3.3502445874678E-5
3.3488993053533E-5
3.3475553530037E-5
3.3462127283265E-5
3.3448714292337E-5
3.3435314536417E-5
3.3421927994716E-5
3.3408554646489E-5
3.3395194471034E-5
3.3381847447696E-5
3.3368513555863E-5
3.3355192774967E-5
3.3341885084485E-5
3.3328590463939E-5
3.3315308892892E-5
3.3302040350954E-5
3.3288784817776E-5
3.3275542273055E-5
3.3262312696529E-5
3.3249096067982E-5
3.3235892367239E-5
3.3222701574169E-5
3.3209523668683E-5
3.3196358630737E-5
3.3183206440328E-5
3.3170067077496E-5
3.3156940522324E-5
3.3143826754937E-5
3.3130725755502E-5
3.3117637504229E-5
3.3104561981369E-5
3.3091499167216E-5
3.3078449042106E-5
3.3065411586415E-5
3.3052386780561E-5
3.3039374605006E-5
3.3026375040251E-5
3.3013388066838E-5
3.3000413665352E-5
3.2987451816417E-5
3.2974502500701E-5
3.2961565698908E-5
3.2948641391788E-5
3.2935729560127E-5
3.2922830184756E-5
3.2909943246542E-5
3.2897068726395E-5
3.2884206605265E-5
3.2871356864142E-5
3.2858519484054E-5
3.2845694446072E-5
3.2832881731304E-5
3.2820081320899E-5
3.2807293196046E-5
3.2794517337972E-5
3.2781753727945E-5
3.2769002347271E-5
3.2756263177295E-5
3.2743536199402E-5
3.2730821395016E-5
3.2718118745598E-5
3.2705428232649E-5
3.2692749837709E-5
3.2680083542356E-5
3.2667429328206E-5
3.2654787176914E-5
3.2642157070172E-5
3.2629538989714E-5
3.2616932917305E-5
3.2604338834755E-5
3.2591756723907E-5
3.2579186566644E-5
3.2566628344886E-5
3.2554082040591E-5
3.2541547635752E-5
3.2529025112403E-5
3.2516514452612E-5
3.2504015638487E-5
3.2491528652171E-5
3.2479053475843E-5
3.2466590091722E-5
3.2454138482062E-5
3.2441698629152E-5
3.242927051532E-5
3.2416854122929E-5
3.2404449434379E-5
3.2392056432107E-5
3.2379675098584E-5
3.2367305416318E-5
3.2354947367854E-5
3.2342600935772E-5
3.2330266102688E-5
3.2317942851253E-5
3.2305631164154E-5
3.2293331024114E-5
3.2281042413891E-5
3.2268765316277E-5
3.2256499714103E-5
3.224424559023E-5
3.2232002927558E-5
3.221977170902E-5
3.2207551917585E-5
3.2195343536256E-5
3.218314654807E-5
3.21709609361E-5
3.2158786683453E-5
3.2146623773271E-5
3.2134472188727E-5
3.2122331913034E-5
3.2110202929433E-5
3.2098085221204E-5
3.2085978771658E-5
3.2073883564142E-5
3.2061799582034E-5
3.2049726808748E-5
3.2037665227731E-5
3.2025614822463E-5
3.2013575576458E-5
3.2001547473263E-5
3.1989530496459E-5
3.1977524629659E-5
3.196552985651E-5
3.1953546160692E-5
3.1941573525917E-5
3.1929611935931E-5
3.1917661374512E-5
3.190572182547E-5
3.189379327265E-5
3.1881875699928E-5
3.1869969091211E-5
3.185807343044E-5
3.1846188701589E-5
3.1834314888663E-5
3.1822451975698E-5
3.1810599946764E-5
3.1798758785963E-5
3.1786928477428E-5
3.1775109005322E-5
3.1763300353843E-5
3.1751502507219E-5
3.1739715449709E-5
3.1727939165604E-5
3.1716173639227E-5
3.1704418854931E-5
3.1692674797102E-5
3.1680941450156E-5
3.1669218798539E-5
3.1657506826729E-5
3.1645805519236E-5
3.1634114860598E-5
3.1622434835387E-5
3.1610765428204E-5
3.159910662368E-5
3.1587458406478E-5
3.1575820761289E-5
3.1564193672838E-5
3.1552577125878E-5
3.1540971105191E-5
3.1529375595592E-5
3.1517790581924E-5
3.1506216049061E-5
3.1494651981905E-5
3.1483098365391E-5
3.1471555184481E-5
3.1460022424169E-5
3.1448500069475E-5
3.1436988105453E-5
3.1425486517184E-5
3.1413995289777E-5
3.1402514408373E-5
3.1391043858142E-5
3.1379583624282E-5
3.1368133692018E-5
3.1356694046609E-5
3.134526467334E-5
3.1333845557524E-5
3.1322436684504E-5
3.1311038039653E-5
3.129964960837E-5
3.1288271376085E-5
3.1276903328255E-5
3.1265545450366E-5
3.1254197727932E-5
3.1242860146495E-5
3.1231532691627E-5
3.1220215348926E-5
3.1208908104019E-5
3.1197610942561E-5
3.1186323850235E-5
3.1175046812752E-5
3.116377981585E-5
3.1152522845296E-5
3.1141275886884E-5
3.1130038926436E-5
3.11188119498E-5
3.1107594942853E-5
3.1096387891499E-5
3.108519078167E-5
3.1074003599324E-5
3.1062826330447E-5
3.1051658961051E-5
3.1040501477178E-5
3.1029353864893E-5
3.101821611029E-5
3.1007088199491E-5
3.0995970118643E-5
3.0984861853921E-5
3.0973763391524E-5
3.0962674717682E-5
3.0951595818647E-5
3.0940526680701E-5
3.092946729015E-5
3.0918417633328E-5
3.0907377696594E-5
3.0896347466334E-5
3.0885326928961E-5
3.0874316070911E-5
3.086331487865E-5
3.0852323338666E-5
3.0841341437477E-5
3.0830369161624E-5
3.0819406497673E-5
3.080845343222E-5
3.0797509951881E-5
3.0786576043302E-5
3.0775651693153E-5
3.0764736888129E-5
3.0753831614952E-5
3.0742935860366E-5
3.0732049611143E-5
3.072117285408E-5
3.0710305575999E-5
3.0699447763747E-5
3.0688599404195E-5
3.0677760484241E-5
3.0666930990806E-5
3.0656110910836E-5
3.0645300231303E-5
3.0634498939204E-5
3.0623707021558E-5
3.0612924465412E-5
3.0602151257835E-5
3.0591387385922E-5
3.0580632836791E-5
3.0569887597587E-5
3.0559151655475E-5
3.0548424997649E-5
3.0537707611324E-5
3.0526999483739E-5
3.0516300602161E-5
3.0505610953876E-5
3.0494930526197E-5
3.048425930646E-5
3.0473597282026E-5
3.0462944440277E-5
3.045230076862E-5
3.0441666254489E-5
3.0431040885336E-5
3.0420424648641E-5
3.0409817531906E-5
3.0399219522655E-5
3.0388630608438E-5
3.0378050776826E-5
3.0367480015416E-5
3.0356918311824E-5
3.0346365653694E-5
3.033582202869E-5
3.0325287424501E-5
3.0314761828836E-5
3.030424522943E-5
3.029373761404E-5
3.0283238970446E-5
3.027274928645E-5
3.0262268549877E-5
3.0251796748575E-5
3.0241333870415E-5
3.0230879903289E-5
3.0220434835113E-5
3.0209998653827E-5
3.0199571347389E-5
3.0189152903783E-5
3.0178743311014E-5
3.016834255711E-5
3.015795063012E-5
3.0147567518116E-5
3.0137193209192E-5
3.0126827691464E-5
3.011647095307E-5
3.010612298217E-5
3.0095783766946E-5
3.0085453295601E-5
3.0075131556362E-5
3.0064818537474E-5
3.0054514227208E-5
3.0044218613853E-5
3.0033931685722E-5
3.0023653431148E-5
3.0013383838488E-5
3.0003122896116E-5
2.9992870592432E-5
2.9982626915855E-5
2.9972391854824E-5
2.9962165397803E-5
2.9951947533274E-5
2.9941738249741E-5
2.9931537535729E-5
2.9921345379786E-5
2.9911161770478E-5
2.9900986696394E-5
2.9890820146142E-5
2.9880662108353E-5
2.9870512571678E-5
2.9860371524788E-5
2.9850238956376E-5
2.9840114855153E-5
2.9829999209855E-5
2.9819892009234E-5
2.9809793242066E-5
2.9799702897145E-5
2.9789620963288E-5
2.9779547429329E-5
2.9769482284125E-5
2.9759425516553E-5
2.9749377115509E-5
2.9739337069909E-5
2.9729305368692E-5
2.9719282000814E-5
2.9709266955252E-5
2.9699260221002E-5
2.9689261787083E-5
2.9679271642531E-5
2.9669289776403E-5
2.9659316177775E-5
2.9649350835744E-5
2.9639393739427E-5
2.9629444877958E-5
2.9619504240494E-5
2.9609571816209E-5
2.9599647594298E-5
2.9589731563974E-5
2.9579823714472E-5
2.9569924035044E-5
2.9560032514962E-5
2.9550149143518E-5
2.9540273910023E-5
2.9530406803806E-5
2.9520547814218E-5
2.9510696930626E-5
2.9500854142418E-5
2.9491019439001E-5
2.94811928098E-5
2.9471374244259E-5
2.9461563731842E-5
2.9451761262032E-5
2.9441966824329E-5
2.9432180408254E-5
2.9422402003345E-5
2.9412631599159E-5
2.9402869185273E-5
2.9393114751281E-5
2.9383368286797E-5
2.9373629781453E-5
2.9363899224898E-5
2.9354176606801E-5
2.934446191685E-5
2.9334755144751E-5
2.9325056280227E-5
2.931536531302E-5
2.9305682232891E-5
2.9296007029619E-5
2.9286339693E-5
2.9276680212849E-5
2.9267028578999E-5
2.9257384781302E-5
2.9247748809626E-5
2.9238120653859E-5
2.9228500303905E-5
2.9218887749687E-5
2.9209282981146E-5
2.919968598824E-5
2.9190096760946E-5
2.9180515289257E-5
2.9170941563186E-5
2.9161375572761E-5
2.9151817308029E-5
2.9142266759054E-5
2.913272391592E-5
2.9123188768725E-5
2.9113661307585E-5
2.9104141522636E-5
2.9094629404029E-5
2.9085124941933E-5
2.9075628126534E-5
2.9066138948036E-5
2.9056657396659E-5
2.9047183462642E-5
2.903771713624E-5
2.9028258407724E-5
2.9018807267383E-5
2.9009363705525E-5
2.8999927712472E-5
2.8990499278564E-5
2.8981078394159E-5
2.8971665049629E-5
2.8962259235367E-5
2.895286094178E-5
2.8943470159292E-5
2.8934086878344E-5
2.8924711089393E-5
2.8915342782915E-5
2.8905981949399E-5
2.8896628579355E-5
2.8887282663305E-5
2.887794419179E-5
2.8868613155368E-5
2.8859289544611E-5
2.884997335011E-5
2.8840664562471E-5
2.8831363172316E-5
2.8822069170284E-5
2.881278254703E-5
2.8803503293227E-5
2.879423139956E-5
2.8784966856734E-5
2.8775709655468E-5
2.8766459786498E-5
2.8757217240576E-5
2.8747982008469E-5
2.8738754080961E-5
2.8729533448852E-5
2.8720320102958E-5
2.8711114034109E-5
2.8701915233154E-5
2.8692723690955E-5
2.8683539398391E-5
2.8674362346356E-5
2.8665192525761E-5
2.8656029927532E-5
2.8646874542609E-5
2.863772636195E-5
2.8628585376528E-5
2.861945157733E-5
2.8610324955361E-5
2.8601205501639E-5
2.8592093207198E-5
2.8582988063089E-5
2.8573890060377E-5
2.8564799190141E-5
2.8555715443479E-5
2.85466388115E-5
2.8537569285331E-5
2.8528506856113E-5
2.8519451515003E-5
2.8510403253173E-5
2.8501362061809E-5
2.8492327932113E-5
2.8483300855301E-5
2.8474280822606E-5
2.8465267825274E-5
2.8456261854567E-5
2.8447262901761E-5
2.8438270958148E-5
2.8429286015034E-5
2.842030806374E-5
2.8411337095601E-5
2.8402373101968E-5
2.8393416074206E-5
2.8384466003696E-5
2.837552288183E-5
2.8366586700019E-5
2.8357657449687E-5
2.834873512227E-5
2.8339819709222E-5
2.833091120201E-5
2.8322009592115E-5
2.8313114871034E-5
2.8304227030277E-5
2.8295346061368E-5
2.8286471955847E-5
2.8277604705266E-5
2.8268744301194E-5
2.8259890735212E-5
2.8251043998916E-5
2.8242204083916E-5
2.8233370981837E-5
2.8224544684316E-5
2.8215725183007E-5
2.8206912469575E-5
2.8198106535702E-5
2.8189307373082E-5
2.8180514973423E-5
2.8171729328447E-5
2.8162950429892E-5
2.8154178269506E-5
2.8145412839054E-5
2.8136654130314E-5
2.8127902135077E-5
2.811915684515E-5
2.8110418252349E-5
2.8101686348509E-5
2.8092961125476E-5
2.808424257511E-5
2.8075530689284E-5
2.8066825459885E-5
2.8058126878814E-5
2.8049434937986E-5
2.8040749629328E-5
2.8032070944781E-5
2.80233988763E-5
2.8014733415853E-5
2.8006074555421E-5
2.7997422287E-5
2.7988776602596E-5
2.7980137494232E-5
2.7971504953942E-5
2.7962878973774E-5
2.7954259545788E-5
2.7945646662059E-5
2.7937040314675E-5
2.7928440495735E-5
2.7919847197354E-5
2.7911260411658E-5
2.7902680130787E-5
2.7894106346893E-5
2.7885539052142E-5
2.7876978238712E-5
2.7868423898796E-5
2.7859876024597E-5
2.7851334608334E-5
2.7842799642235E-5
2.7834271118545E-5
2.7825749029519E-5
2.7817233367425E-5
2.7808724124545E-5
2.7800221293173E-5
2.7791724865616E-5
2.7783234834192E-5
2.7774751191234E-5
2.7766273929087E-5
2.7757803040106E-5
2.7749338516664E-5
2.7740880351141E-5
2.7732428535932E-5
2.7723983063445E-5
2.7715543926099E-5
2.7707111116327E-5
2.7698684626572E-5
2.7690264449292E-5
2.7681850576957E-5
2.7673443002047E-5
2.7665041717056E-5
2.7656646714491E-5
2.7648257986869E-5
2.7639875526723E-5
2.7631499326593E-5
2.7623129379036E-5
2.7614765676618E-5
2.7606408211918E-5
2.7598056977528E-5
2.7589711966052E-5
2.7581373170104E-5
2.7573040582312E-5
2.7564714195316E-5
2.7556394001767E-5
2.7548079994327E-5
2.7539772165674E-5
2.7531470508492E-5
2.7523175015483E-5
2.7514885679356E-5
2.7506602492834E-5
2.7498325448652E-5
2.7490054539556E-5
2.7481789758304E-5
2.7473531097666E-5
2.7465278550423E-5
2.7457032109369E-5
2.7448791767307E-5
2.7440557517055E-5
2.743232935144E-5
2.7424107263302E-5
2.7415891245492E-5
2.7407681290873E-5
2.7399477392319E-5
2.7391279542715E-5
2.7383087734959E-5
2.737490196196E-5
2.7366722216637E-5
2.7358548491922E-5
2.7350380780757E-5
2.7342219076096E-5
2.7334063370906E-5
2.7325913658161E-5
2.7317769930852E-5
2.7309632181976E-5
2.7301500404545E-5
2.7293374591579E-5
2.7285254736112E-5
2.7277140831188E-5
2.7269032869862E-5
2.7260930845201E-5
2.725283475028E-5
2.724474457819E-5
2.7236660322029E-5
2.7228581974909E-5
2.7220509529949E-5
2.7212442980284E-5
2.7204382319057E-5
2.7196327539421E-5
2.7188278634542E-5
2.7180235597597E-5
2.7172198421772E-5
2.7164167100266E-5
2.7156141626287E-5
2.7148121993055E-5
2.71401081938E-5
2.7132100221763E-5
2.7124098070196E-5
2.7116101732361E-5
2.7108111201532E-5
2.7100126470993E-5
2.7092147534038E-5
2.7084174383973E-5
2.7076207014113E-5
2.7068245417785E-5
2.7060289588325E-5
2.7052339519082E-5
2.7044395203413E-5
2.7036456634687E-5
2.7028523806283E-5
2.702059671159E-5
2.7012675344008E-5
2.7004759696948E-5
2.699684976383E-5
2.6988945538086E-5
2.6981047013157E-5
2.6973154182495E-5
2.6965267039562E-5
2.695738557783E-5
2.6949509790782E-5
2.6941639671912E-5
2.6933775214722E-5
2.6925916412725E-5
2.6918063259447E-5
2.6910215748419E-5
2.6902373873186E-5
2.6894537627302E-5
2.6886707004332E-5
2.6878881997849E-5
2.6871062601438E-5
2.6863248808693E-5
2.6855440613219E-5
2.684763800863E-5
2.6839840988551E-5
2.6832049546616E-5
2.6824263676468E-5
2.6816483371764E-5
2.6808708626166E-5
2.6800939433349E-5
2.6793175786997E-5
2.6785417680803E-5
2.6777665108472E-5
2.6769918063716E-5
2.676217654026E-5
2.6754440531835E-5
2.6746710032185E-5
2.6738985035063E-5
2.673126553423E-5
2.6723551523458E-5
2.671584299653E-5
2.6708139947236E-5
2.6700442369377E-5
2.6692750256764E-5
2.6685063603216E-5
2.6677382402565E-5
2.6669706648648E-5
2.6662036335315E-5
2.6654371456424E-5
2.6646712005843E-5
2.663905797745E-5
2.6631409365132E-5
2.6623766162783E-5
2.6616128364311E-5
2.660849596363E-5
2.6600868954665E-5
2.659324733135E-5
2.6585631087628E-5
2.6578020217451E-5
2.6570414714783E-5
2.6562814573593E-5
2.6555219787863E-5
2.6547630351582E-5
2.654004625875E-5
2.6532467503374E-5
2.6524894079472E-5
2.6517325981071E-5
2.6509763202207E-5
2.6502205736924E-5
2.6494653579277E-5
2.648710672333E-5
2.6479565163154E-5
2.6472028892831E-5
2.6464497906451E-5
2.6456972198115E-5
2.6449451761931E-5
2.6441936592017E-5
2.6434426682499E-5
2.6426922027513E-5
2.6419422621204E-5
2.6411928457725E-5
2.6404439531239E-5
2.6396955835917E-5
2.6389477365939E-5
2.6382004115496E-5
2.6374536078784E-5
2.6367073250011E-5
2.6359615623392E-5
2.6352163193153E-5
2.6344715953526E-5
2.6337273898753E-5
2.6329837023086E-5
2.6322405320784E-5
2.6314978786115E-5
2.6307557413357E-5
2.6300141196795E-5
2.6292730130724E-5
2.6285324209446E-5
2.6277923427274E-5
2.6270527778528E-5
2.6263137257536E-5
2.6255751858638E-5
2.6248371576177E-5
2.624099640451E-5
2.6233626338E-5
2.6226261371018E-5
2.6218901497944E-5
2.6211546713168E-5
2.6204197011087E-5
2.6196852386105E-5
2.6189512832639E-5
2.6182178345109E-5
2.6174848917948E-5
2.6167524545593E-5
2.6160205222494E-5
2.6152890943107E-5
2.6145581701896E-5
2.6138277493333E-5
2.61309783119E-5
2.6123684152087E-5
2.611639500839E-5
2.6109110875317E-5
2.6101831747381E-5
2.6094557619104E-5
2.6087288485019E-5
2.6080024339662E-5
2.6072765177583E-5
2.6065510993335E-5
2.6058261781482E-5
2.6051017536596E-5
2.6043778253257E-5
2.6036543926052E-5
2.6029314549578E-5
2.6022090118438E-5
2.6014870627244E-5
2.6007656070617E-5
2.6000446443185E-5
2.5993241739583E-5
2.5986041954457E-5
2.5978847082458E-5
2.5971657118246E-5
2.5964472056489E-5
2.5957291891864E-5
2.5950116619055E-5
2.5942946232753E-5
2.5935780727658E-5
2.5928620098479E-5
2.5921464339929E-5
2.5914313446734E-5
2.5907167413624E-5
2.5900026235339E-5
2.5892889906624E-5
2.5885758422235E-5
2.5878631776935E-5
2.5871509965493E-5
2.5864392982687E-5
2.5857280823304E-5
2.5850173482137E-5
2.5843070953986E-5
2.5835973233661E-5
2.5828880315979E-5
2.5821792195762E-5
2.5814708867844E-5
2.5807630327064E-5
2.5800556568268E-5
2.5793487586312E-5
2.5786423376058E-5
2.5779363932376E-5
2.5772309250143E-5
2.5765259324243E-5
2.5758214149571E-5
2.5751173721026E-5
2.5744138033514E-5
2.5737107081953E-5
2.5730080861263E-5
2.5723059366375E-5
2.5716042592226E-5
2.5709030533762E-5
2.5702023185935E-5
2.5695020543704E-5
2.5688022602036E-5
2.5681029355906E-5
2.5674040800297E-5
2.5667056930196E-5
2.5660077740601E-5
2.5653103226516E-5
2.5646133382952E-5
2.5639168204927E-5
2.5632207687467E-5
2.5625251825605E-5
2.5618300614383E-5
2.5611354048846E-5
2.5604412124051E-5
2.5597474835058E-5
2.5590542176938E-5
2.5583614144766E-5
2.5576690733627E-5
2.5569771938611E-5
2.5562857754817E-5
2.5555948177349E-5
2.5549043201319E-5
2.5542142821847E-5
2.5535247034059E-5
2.5528355833088E-5
2.5521469214077E-5
2.5514587172171E-5
2.5507709702526E-5
2.5500836800303E-5
2.5493968460671E-5
2.5487104678807E-5
2.5480245449892E-5
2.5473390769116E-5
2.5466540631677E-5
2.5459695032778E-5
2.5452853967629E-5
2.5446017431448E-5
2.5439185419459E-5
2.5432357926894E-5
2.5425534948992E-5
2.5418716480996E-5
2.5411902518161E-5
2.5405093055743E-5
2.5398288089009E-5
2.5391487613232E-5
2.538469162369E-5
2.5377900115671E-5
2.5371113084466E-5
2.5364330525376E-5
2.5357552433708E-5
2.5350778804774E-5
2.5344009633894E-5
2.5337244916396E-5
2.5330484647613E-5
2.5323728822885E-5
2.5316977437558E-5
2.5310230486987E-5
2.5303487966531E-5
2.5296749871558E-5
2.5290016197441E-5
2.528328693956E-5
2.5276562093302E-5
2.526984165406E-5
2.5263125617235E-5
2.5256413978233E-5
2.5249706732467E-5
2.5243003875356E-5
2.5236305402328E-5
2.5229611308815E-5
2.5222921590256E-5
2.5216236242097E-5
2.5209555259791E-5
2.5202878638796E-5
2.5196206374577E-5
2.5189538462606E-5
2.5182874898363E-5
2.517621567733E-5
2.5169560795E-5
2.516291024687E-5
2.5156264028444E-5
2.5149622135232E-5
2.5142984562751E-5
2.5136351306524E-5
2.512972236208E-5
2.5123097724956E-5
2.5116477390693E-5
2.510986135484E-5
2.5103249612952E-5
2.509664216059E-5
2.5090038993321E-5
2.5083440106718E-5
2.5076845496363E-5
2.5070255157841E-5
2.5063669086744E-5
2.5057087278672E-5
2.5050509729229E-5
2.5043936434026E-5
2.5037367388681E-5
2.5030802588817E-5
2.5024242030064E-5
2.5017685708058E-5
2.5011133618441E-5
2.5004585756861E-5
2.4998042118972E-5
2.4991502700435E-5
2.4984967496917E-5
2.4978436504089E-5
2.4971909717632E-5
2.4965387133229E-5
2.4958868746572E-5
2.4952354553358E-5
2.4945844549289E-5
2.4939338730075E-5
2.4932837091431E-5
2.4926339629078E-5
2.4919846338743E-5
2.491335721616E-5
2.4906872257067E-5
2.4900391457209E-5
2.4893914812338E-5
2.4887442318211E-5
2.488097397059E-5
2.4874509765244E-5
2.4868049697949E-5
2.4861593764484E-5
2.4855141960638E-5
2.4848694282201E-5
2.4842250724972E-5
2.4835811284757E-5
2.4829375957364E-5
2.482294473861E-5
2.4816517624317E-5
2.4810094610312E-5
2.4803675692428E-5
2.4797260866505E-5
2.4790850128388E-5
2.4784443473929E-5
2.4778040898982E-5
2.4771642399411E-5
2.4765247971085E-5
2.4758857609876E-5
2.4752471311665E-5
2.4746089072337E-5
2.4739710887783E-5
2.4733336753899E-5
2.4726966666588E-5
2.4720600621759E-5
2.4714238615325E-5
2.4707880643206E-5
2.4701526701326E-5
2.4695176785617E-5
2.4688830892015E-5
2.4682489016462E-5
2.4676151154905E-5
2.4669817303299E-5
2.4663487457601E-5
2.4657161613777E-5
2.4650839767796E-5
2.4644521915633E-5
2.4638208053272E-5
2.4631898176696E-5
2.46255922819E-5
2.4619290364881E-5
2.4612992421642E-5
2.4606698448192E-5
2.4600408440545E-5
2.459412239472E-5
2.4587840306744E-5
2.4581562172648E-5
2.4575287988466E-5
2.4569017750242E-5
2.4562751454021E-5
2.4556489095856E-5
2.4550230671806E-5
2.4543976177934E-5
2.4537725610307E-5
2.4531478965002E-5
2.4525236238096E-5
2.4518997425676E-5
2.4512762523831E-5
2.4506531528656E-5
2.4500304436254E-5
2.449408124273E-5
2.4487861944196E-5
2.4481646536769E-5
2.447543501657E-5
2.4469227379729E-5
2.4463023622377E-5
2.4456823740653E-5
2.4450627730699E-5
2.4444435588666E-5
2.4438247310707E-5
2.443206289298E-5
2.442588233165E-5
2.4419705622888E-5
2.4413532762867E-5
2.4407363747769E-5
2.4401198573777E-5
2.4395037237084E-5
2.4388879733883E-5
2.4382726060377E-5
2.437657621277E-5
2.4370430187275E-5
2.4364287980108E-5
2.435814958749E-5
2.4352015005647E-5
2.4345884230811E-5
2.4339757259219E-5
2.4333634087114E-5
2.432751471074E-5
2.4321399126353E-5
2.4315287330206E-5
2.4309179318565E-5
2.4303075087695E-5
2.4296974633869E-5
2.4290877953364E-5
2.4284785042463E-5
2.4278695897453E-5
2.4272610514626E-5
2.426652889028E-5
2.4260451020718E-5
2.4254376902246E-5
2.4248306531178E-5
2.424223990383E-5
2.4236177016526E-5
2.4230117865592E-5
2.422406244736E-5
2.4218010758168E-5
2.4211962794357E-5
2.4205918552276E-5
2.4199878028275E-5
2.4193841218712E-5
2.4187808119949E-5
2.4181778728351E-5
2.4175753040292E-5
2.4169731052146E-5
2.4163712760296E-5
2.4157698161127E-5
2.415168725103E-5
2.4145680026402E-5
2.4139676483642E-5
2.4133676619157E-5
2.4127680429356E-5
2.4121687910655E-5
2.4115699059473E-5
2.4109713872235E-5
2.4103732345371E-5
2.4097754475314E-5
2.4091780258504E-5
2.4085809691385E-5
2.4079842770404E-5
2.4073879492016E-5
2.4067919852677E-5
2.4061963848852E-5
2.4056011477006E-5
2.4050062733613E-5
2.4044117615149E-5
2.4038176118096E-5
2.4032238238939E-5
2.402630397417E-5
2.4020373320284E-5
2.4014446273781E-5
2.4008522831167E-5
2.400260298895E-5
2.3996686743645E-5
2.399077409177E-5
2.3984865029849E-5
2.397895955441E-5
2.3973057661986E-5
2.3967159349113E-5
2.3961264612333E-5
2.3955373448194E-5
2.3949485853245E-5
2.3943601824042E-5
2.3937721357146E-5
2.3931844449121E-5
2.3925971096536E-5
2.3920101295964E-5
2.3914235043985E-5
2.390837233718E-5
2.3902513172138E-5
2.3896657545449E-5
2.3890805453711E-5
2.3884956893523E-5
2.3879111861492E-5
2.3873270354226E-5
2.386743236834E-5
2.3861597900453E-5
2.3855766947187E-5
2.3849939505171E-5
2.3844115571036E-5
2.3838295141419E-5
2.383247821296E-5
2.3826664782306E-5
2.3820854846104E-5
2.3815048401011E-5
2.3809245443683E-5
2.3803445970784E-5
2.3797649978982E-5
2.3791857464947E-5
2.3786068425356E-5
2.3780282856889E-5
2.377450075623E-5
2.376872212007E-5
2.37629469451E-5
2.375717522802E-5
2.375140696553E-5
2.3745642154338E-5
2.3739880791154E-5
2.3734122872692E-5
2.3728368395672E-5
2.3722617356817E-5
2.3716869752856E-5
2.371112558052E-5
2.3705384836546E-5
2.3699647517674E-5
2.3693913620649E-5
2.368818314222E-5
2.368245607914E-5
2.3676732428168E-5
2.3671012186065E-5
2.3665295349596E-5
2.3659581915532E-5
2.3653871880648E-5
2.3648165241722E-5
2.3642461995536E-5
2.3636762138879E-5
2.363106566854E-5
2.3625372581315E-5
2.3619682874004E-5
2.361399654341E-5
2.3608313586341E-5
2.360263399961E-5
2.3596957780031E-5
2.3591284924425E-5
2.3585615429616E-5
2.3579949292433E-5
2.3574286509709E-5
2.3568627078279E-5
2.3562970994984E-5
2.3557318256671E-5
2.3551668860186E-5
2.3546022802384E-5
2.354038008012E-5
2.3534740690257E-5
2.3529104629659E-5
2.3523471895195E-5
2.3517842483739E-5
2.3512216392168E-5
2.3506593617363E-5
2.3500974156209E-5
2.3495358005596E-5
2.3489745162416E-5
2.3484135623568E-5
2.3478529385952E-5
2.3472926446474E-5
2.3467326802042E-5
2.3461730449571E-5
2.3456137385977E-5
2.3450547608181E-5
2.3444961113109E-5
2.3439377897689E-5
2.3433797958855E-5
2.3428221293544E-5
2.3422647898695E-5
2.3417077771255E-5
2.3411510908171E-5
2.3405947306397E-5
2.3400386962888E-5
2.3394829874606E-5
2.3389276038514E-5
2.3383725451581E-5
2.3378178110778E-5
2.3372634013082E-5
2.3367093155472E-5
2.3361555534933E-5
2.335602114845E-5
2.3350489993017E-5
2.3344962065627E-5
2.333943736328E-5
2.3333915882979E-5
2.3328397621731E-5
2.3322882576545E-5
2.3317370744436E-5
2.3311862122423E-5
2.3306356707527E-5
2.3300854496773E-5
2.3295355487191E-5
2.3289859675815E-5
2.3284367059681E-5
2.3278877635831E-5
2.3273391401308E-5
2.326790835316E-5
2.3262428488441E-5
2.3256951804205E-5
2.3251478297513E-5
2.3246007965427E-5
2.3240540805015E-5
2.3235076813346E-5
2.3229615987496E-5
2.3224158324543E-5
2.3218703821567E-5
2.3213252475655E-5
2.3207804283897E-5
2.3202359243384E-5
2.3196917351213E-5
2.3191478604485E-5
2.3186043000303E-5
2.3180610535775E-5
2.3175181208011E-5
2.3169755014128E-5
2.3164331951243E-5
2.3158912016478E-5
2.3153495206959E-5
2.3148081519815E-5
2.314267095218E-5
2.313726350119E-5
2.3131859163984E-5
2.3126457937708E-5
2.3121059819507E-5
2.3115664806534E-5
2.3110272895942E-5
2.3104884084891E-5
2.309949837054E-5
2.3094115750056E-5
2.3088736220608E-5
2.3083359779368E-5
2.3077986423511E-5
2.3072616150218E-5
2.3067248956671E-5
2.3061884840056E-5
2.3056523797564E-5
2.3051165826389E-5
2.3045810923727E-5
2.3040459086779E-5
2.3035110312749E-5
2.3029764598845E-5
2.3024421942277E-5
2.3019082340261E-5
2.3013745790014E-5
2.3008412288758E-5
2.3003081833718E-5
2.2997754422122E-5
2.2992430051203E-5
2.2987108718195E-5
2.2981790420337E-5
2.2976475154873E-5
2.2971162919046E-5
2.2965853710108E-5
2.2960547525309E-5
2.2955244361906E-5
2.2949944217159E-5
2.294464708833E-5
2.2939352972686E-5
2.2934061867495E-5
2.2928773770032E-5
2.2923488677573E-5
2.2918206587396E-5
2.2912927496786E-5
2.2907651403029E-5
2.2902378303415E-5
2.2897108195236E-5
2.2891841075791E-5
2.2886576942378E-5
2.2881315792302E-5
2.2876057622868E-5
2.2870802431387E-5
2.2865550215171E-5
2.2860300971538E-5
2.2855054697808E-5
2.2849811391304E-5
2.2844571049352E-5
2.2839333669283E-5
2.2834099248428E-5
2.2828867784126E-5
2.2823639273715E-5
2.2818413714539E-5
2.2813191103944E-5
2.2807971439279E-5
2.2802754717898E-5
2.2797540937157E-5
2.2792330094415E-5
2.2787122187035E-5
2.2781917212382E-5
2.2776715167826E-5
2.2771516050739E-5
2.2766319858497E-5
2.2761126588478E-5
2.2755936238065E-5
2.2750748804643E-5
2.2745564285601E-5
2.2740382678329E-5
2.2735203980223E-5
2.2730028188682E-5
2.2724855301105E-5
2.2719685314899E-5
2.271451822747E-5
2.270935403623E-5
2.2704192738591E-5
2.2699034331972E-5
2.2693878813793E-5
2.2688726181477E-5
2.2683576432452E-5
2.2678429564145E-5
2.2673285573992E-5
2.2668144459427E-5
2.266300621789E-5
2.2657870846824E-5
2.2652738343673E-5
2.2647608705886E-5
2.2642481930916E-5
2.2637358016216E-5
2.2632236959246E-5
2.2627118757465E-5
2.2622003408337E-5
2.2616890909331E-5
2.2611781257915E-5
2.2606674451565E-5
2.2601570487755E-5
2.2596469363966E-5
2.259137107768E-5
2.2586275626382E-5
2.2581183007563E-5
2.2576093218712E-5
2.2571006257325E-5
2.2565922120899E-5
2.2560840806937E-5
2.2555762312941E-5
2.2550686636418E-5
2.2545613774878E-5
2.2540543725836E-5
2.2535476486805E-5
2.2530412055305E-5
2.2525350428859E-5
2.2520291604991E-5
2.2515235581229E-5
2.2510182355104E-5
2.2505131924151E-5
2.2500084285906E-5
2.2495039437908E-5
2.2489997377702E-5
2.2484958102833E-5
2.2479921610849E-5
2.2474887899302E-5
2.2469856965748E-5
2.2464828807743E-5
2.2459803422849E-5
2.2454780808629E-5
2.244976096265E-5
2.2444743882481E-5
2.2439729565694E-5
2.2434718009864E-5
2.2429709212571E-5
2.2424703171395E-5
2.2419699883919E-5
2.2414699347732E-5
2.2409701560423E-5
2.2404706519584E-5
2.2399714222812E-5
2.2394724667705E-5
2.2389737851863E-5
2.2384753772893E-5
2.2379772428399E-5
2.2374793815994E-5
2.2369817933289E-5
2.23648447779E-5
2.2359874347446E-5
2.2354906639549E-5
2.2349941651832E-5
2.2344979381923E-5
2.2340019827452E-5
2.2335062986052E-5
2.2330108855358E-5
2.2325157433008E-5
2.2320208716645E-5
2.2315262703913E-5
2.2310319392457E-5
2.2305378779928E-5
2.2300440863979E-5
2.2295505642264E-5
2.2290573112442E-5
2.2285643272175E-5
2.2280716119125E-5
2.2275791650959E-5
2.2270869865347E-5
2.226595075996E-5
2.2261034332474E-5
2.2256120580566E-5
2.2251209501916E-5
2.2246301094208E-5
2.2241395355127E-5
2.2236492282362E-5
2.2231591873605E-5
2.2226694126549E-5
2.2221799038891E-5
2.2216906608332E-5
2.2212016832573E-5
2.2207129709319E-5
2.2202245236278E-5
2.2197363411162E-5
2.2192484231682E-5
2.2187607695554E-5
2.2182733800498E-5
2.2177862544235E-5
2.2172993924489E-5
2.2168127938986E-5
2.2163264585456E-5
2.2158403861631E-5
2.2153545765245E-5
2.2148690294037E-5
2.2143837445746E-5
2.2138987218115E-5
2.213413960889E-5
2.2129294615818E-5
2.212445223665E-5
2.2119612469141E-5
2.2114775311045E-5
2.2109940760121E-5
2.2105108814132E-5
2.2100279470841E-5
2.2095452728014E-5
2.209062858342E-5
2.2085807034833E-5
2.2080988080025E-5
2.2076171716775E-5
2.2071357942862E-5
2.2066546756069E-5
2.2061738154179E-5
2.2056932134981E-5
2.2052128696265E-5
2.2047327835824E-5
2.2042529551453E-5
2.203773384095E-5
2.2032940702115E-5
2.2028150132752E-5
2.2023362130666E-5
2.2018576693665E-5
2.2013793819561E-5
2.2009013506166E-5
2.2004235751296E-5
2.199946055277E-5
2.199468790841E-5
2.1989917816037E-5
2.1985150273479E-5
2.1980385278565E-5
2.1975622829125E-5
2.1970862922993E-5
2.1966105558005E-5
2.1961350732E-5
2.195659844282E-5
2.1951848688308E-5
2.1947101466311E-5
2.1942356774677E-5
2.1937614611258E-5
2.1932874973907E-5
2.1928137860481E-5
2.192340326884E-5
2.1918671196843E-5
2.1913941642355E-5
2.1909214603242E-5
2.1904490077374E-5
2.1899768062621E-5
2.1895048556856E-5
2.1890331557957E-5
2.1885617063802E-5
2.1880905072273E-5
2.1876195581251E-5
2.1871488588624E-5
2.1866784092281E-5
2.1862082090111E-5
2.1857382580009E-5
2.185268555987E-5
2.1847991027593E-5
2.1843298981079E-5
2.183860941823E-5
2.1833922336952E-5
2.1829237735152E-5
2.1824555610742E-5
2.1819875961635E-5
2.1815198785745E-5
2.181052408099E-5
2.180585184529E-5
2.1801182076568E-5
2.1796514772748E-5
2.1791849931758E-5
2.1787187551527E-5
2.1782527629988E-5
2.1777870165074E-5
2.1773215154723E-5
2.1768562596874E-5
2.1763912489467E-5
2.1759264830448E-5
2.1754619617762E-5
2.1749976849359E-5
2.1745336523188E-5
2.1740698637203E-5
2.1736063189361E-5
2.1731430177619E-5
2.1726799599938E-5
2.1722171454279E-5
2.1717545738609E-5
2.1712922450895E-5
2.1708301589106E-5
2.1703683151215E-5
2.1699067135196E-5
2.1694453539026E-5
2.1689842360683E-5
2.1685233598149E-5
2.1680627249409E-5
2.1676023312447E-5
2.1671421785252E-5
2.1666822665815E-5
2.1662225952128E-5
2.1657631642187E-5
2.1653039733989E-5
2.1648450225534E-5
2.1643863114824E-5
2.1639278399864E-5
2.1634696078659E-5
2.1630116149219E-5
2.1625538609555E-5
2.1620963457681E-5
2.1616390691612E-5
2.1611820309365E-5
2.1607252308962E-5
2.1602686688425E-5
2.1598123445778E-5
2.1593562579048E-5
2.1589004086266E-5
2.1584447965461E-5
2.1579894214668E-5
2.1575342831923E-5
2.1570793815264E-5
2.1566247162731E-5
2.1561702872367E-5
2.1557160942217E-5
2.1552621370327E-5
2.1548084154748E-5
2.154354929353E-5
2.1539016784727E-5
2.1534486626395E-5
2.1529958816593E-5
2.152543335338E-5
2.152091023482E-5
2.1516389458977E-5
2.1511871023917E-5
2.150735492771E-5
2.1502841168427E-5
2.1498329744142E-5
2.149382065293E-5
2.1489313892868E-5
2.1484809462038E-5
2.1480307358521E-5
2.1475807580402E-5
2.1471310125767E-5
2.1466814992704E-5
2.1462322179304E-5
2.1457831683661E-5
2.1453343503869E-5
2.1448857638026E-5
2.1444374084232E-5
2.1439892840586E-5
2.1435413905194E-5
2.1430937276161E-5
2.1426462951596E-5
2.1421990929607E-5
2.1417521208308E-5
2.1413053785813E-5
2.1408588660238E-5
2.1404125829701E-5
2.1399665292323E-5
2.1395207046228E-5
2.139075108954E-5
2.1386297420386E-5
2.1381846036895E-5
2.1377396937198E-5
2.1372950119429E-5
2.1368505581723E-5
2.1364063322218E-5
2.1359623339053E-5
2.1355185630369E-5
2.1350750194311E-5
2.1346317029024E-5
2.1341886132656E-5
2.1337457503358E-5
2.133303113928E-5
2.1328607038578E-5
2.1324185199408E-5
2.1319765619926E-5
2.1315348298295E-5
2.1310933232676E-5
2.1306520421234E-5
2.1302109862135E-5
2.1297701553547E-5
2.1293295493641E-5
2.128889168059E-5
2.1284490112568E-5
2.1280090787752E-5
2.1275693704321E-5
2.1271298860454E-5
2.1266906254336E-5
2.126251588415E-5
2.1258127748084E-5
2.1253741844326E-5
2.1249358171066E-5
2.1244976726499E-5
2.1240597508818E-5
2.1236220516221E-5
2.1231845746906E-5
2.1227473199074E-5
2.1223102870929E-5
2.1218734760673E-5
2.1214368866516E-5
2.1210005186664E-5
2.120564371933E-5
2.1201284462726E-5
2.1196927415066E-5
2.1192572574568E-5
2.1188219939449E-5
2.1183869507932E-5
2.1179521278238E-5
2.1175175248592E-5
2.117083141722E-5
2.1166489782352E-5
2.1162150342217E-5
2.1157813095048E-5
2.115347803908E-5
2.1149145172549E-5
2.1144814493692E-5
2.1140486000751E-5
2.1136159691967E-5
2.1131835565585E-5
2.1127513619851E-5
2.1123193853012E-5
2.1118876263319E-5
2.1114560849023E-5
2.1110247608378E-5
2.1105936539641E-5
2.1101627641068E-5
2.1097320910919E-5
2.1093016347455E-5
2.1088713948941E-5
2.1084413713641E-5
2.1080115639822E-5
2.1075819725754E-5
2.1071525969707E-5
2.1067234369955E-5
2.1062944924771E-5
2.1058657632434E-5
2.1054372491221E-5
2.1050089499413E-5
2.1045808655292E-5
2.1041529957142E-5
2.103725340325E-5
2.1032978991903E-5
2.1028706721392E-5
2.1024436590008E-5
2.1020168596044E-5
2.1015902737797E-5
2.1011639013563E-5
2.1007377421642E-5
2.1003117960335E-5
2.0998860627944E-5
2.0994605422775E-5
2.0990352343134E-5
2.098610138733E-5
2.0981852553672E-5
2.0977605840473E-5
2.0973361246047E-5
2.0969118768711E-5
2.096487840678E-5
2.0960640158576E-5
2.0956404022419E-5
2.0952169996632E-5
2.0947938079541E-5
2.0943708269473E-5
2.0939480564755E-5
2.0935254963719E-5
2.0931031464697E-5
2.0926810066022E-5
2.0922590766032E-5
2.0918373563062E-5
2.0914158455454E-5
2.0909945441548E-5
2.0905734519688E-5
2.0901525688218E-5
2.0897318945485E-5
2.0893114289838E-5
2.0888911719627E-5
2.0884711233204E-5
2.0880512828922E-5
2.0876316505138E-5
2.0872122260209E-5
2.0867930092495E-5
2.0863740000355E-5
2.0859551982153E-5
2.0855366036255E-5
2.0851182161024E-5
2.0847000354831E-5
2.0842820616044E-5
2.0838642943036E-5
2.083446733418E-5
2.083029378785E-5
2.0826122302424E-5
2.0821952876281E-5
2.08177855078E-5
2.0813620195364E-5
2.0809456937357E-5
2.0805295732165E-5
2.0801136578174E-5
2.0796979473774E-5
2.0792824417355E-5
2.0788671407311E-5
2.0784520442036E-5
2.0780371519924E-5
2.0776224639376E-5
2.0772079798789E-5
2.0767936996565E-5
2.0763796231107E-5
2.0759657500819E-5
2.0755520804109E-5
2.0751386139383E-5
2.0747253505052E-5
2.0743122899528E-5
2.0738994321222E-5
2.0734867768551E-5
2.0730743239931E-5
2.0726620733779E-5
2.0722500248517E-5
2.0718381782566E-5
2.0714265334349E-5
2.0710150902291E-5
2.0706038484818E-5
2.0701928080361E-5
2.0697819687347E-5
2.069371330421E-5
2.0689608929383E-5
2.06855065613E-5
2.0681406198399E-5
2.0677307839118E-5
2.0673211481898E-5
2.0669117125179E-5
2.0665024767406E-5
2.0660934407024E-5
2.0656846042479E-5
2.0652759672221E-5
2.0648675294698E-5
2.0644592908363E-5
2.0640512511669E-5
2.0636434103071E-5
2.0632357681027E-5
2.0628283243993E-5
2.0624210790431E-5
2.0620140318802E-5
2.0616071827569E-5
2.0612005315198E-5
2.0607940780154E-5
2.0603878220905E-5
2.0599817635923E-5
2.0595759023677E-5
2.0591702382641E-5
2.058764771129E-5
2.05835950081E-5
2.0579544271549E-5
2.0575495500117E-5
2.0571448692284E-5
2.0567403846534E-5
2.056336096135E-5
2.0559320035219E-5
2.0555281066628E-5
2.0551244054066E-5
2.0547208996024E-5
2.0543175890995E-5
2.0539144737472E-5
2.0535115533951E-5
2.0531088278929E-5
2.0527062970905E-5
2.0523039608379E-5
2.0519018189853E-5
2.051499871383E-5
2.0510981178816E-5
2.0506965583317E-5
2.0502951925841E-5
2.0498940204899E-5
2.0494930419001E-5
2.049092256666E-5
2.0486916646392E-5
2.0482912656711E-5
2.0478910596136E-5
2.0474910463186E-5
2.0470912256382E-5
2.0466915974246E-5
2.0462921615301E-5
2.0458929178074E-5
2.045493866109E-5
2.045095006288E-5
2.0446963381972E-5
2.0442978616898E-5
2.0438995766192E-5
2.0435014828388E-5
2.0431035802022E-5
2.0427058685633E-5
2.0423083477759E-5
2.0419110176941E-5
2.0415138781722E-5
2.0411169290646E-5
2.0407201702257E-5
2.0403236015103E-5
2.0399272227733E-5
2.0395310338696E-5
2.0391350346544E-5
2.0387392249829E-5
2.0383436047108E-5
2.0379481736934E-5
2.0375529317867E-5
2.0371578788464E-5
2.0367630147287E-5
2.0363683392898E-5
2.035973852386E-5
2.0355795538739E-5
2.0351854436101E-5
2.0347915214513E-5
2.0343977872547E-5
2.0340042408772E-5
2.0336108821761E-5
2.0332177110088E-5
2.032824727233E-5
2.0324319307061E-5
2.0320393212863E-5
2.0316468988313E-5
2.0312546631994E-5
2.0308626142489E-5
2.0304707518382E-5
2.0300790758258E-5
2.0296875860706E-5
2.0292962824314E-5
2.0289051647672E-5
2.0285142329373E-5
2.0281234868008E-5
2.0277329262174E-5
2.0273425510465E-5
2.0269523611481E-5
2.0265623563819E-5
2.026172536608E-5
2.0257829016867E-5
2.0253934514782E-5
2.025004185843E-5
2.0246151046418E-5
2.0242262077353E-5
2.0238374949845E-5
2.0234489662504E-5
2.0230606213943E-5
2.0226724602774E-5
2.0222844827613E-5
2.0218966887076E-5
2.0215090779781E-5
2.0211216504347E-5
2.0207344059394E-5
2.0203473443545E-5
2.0199604655424E-5
2.0195737693655E-5
2.0191872556864E-5
2.0188009243679E-5
2.018414775273E-5
2.0180288082646E-5
2.0176430232061E-5
2.0172574199607E-5
2.0168719983919E-5
2.0164867583634E-5
2.0161016997388E-5
2.0157168223821E-5
2.0153321261574E-5
2.0149476109288E-5
2.0145632765607E-5
2.0141791229174E-5
2.0137951498637E-5
2.0134113572642E-5
2.0130277449839E-5
2.0126443128877E-5
2.0122610608408E-5
2.0118779887084E-5
2.0114950963561E-5
2.0111123836494E-5
2.0107298504541E-5
2.0103474966358E-5
2.0099653220607E-5
2.0095833265949E-5
2.0092015101046E-5
2.0088198724562E-5
2.0084384135163E-5
2.0080571331515E-5
2.0076760312286E-5
2.0072951076145E-5
2.0069143621764E-5
2.0065337947815E-5
2.0061534052971E-5
2.0057731935907E-5
2.0053931595298E-5
2.0050133029824E-5
2.0046336238162E-5
2.0042541218993E-5
2.0038747970999E-5
2.0034956492862E-5
2.0031166783267E-5
2.0027378840899E-5
2.0023592664445E-5
2.0019808252594E-5
2.0016025604036E-5
2.001224471746E-5
2.0008465591561E-5
2.0004688225031E-5
2.0000912616564E-5
1.9997138764859E-5
1.9993366668611E-5
1.9989596326521E-5
1.9985827737288E-5
1.9982060899615E-5
1.9978295812203E-5
1.9974532473758E-5
1.9970770882984E-5
1.9967011038589E-5
1.9963252939281E-5
1.995949658377E-5
1.9955741970765E-5
1.995198909898E-5
1.9948237967127E-5
1.9944488573922E-5
1.9940740918081E-5
1.993699499832E-5
1.9933250813358E-5
1.9929508361916E-5
1.9925767642715E-5
1.9922028654476E-5
1.9918291395925E-5
1.9914555865785E-5
1.9910822062784E-5
1.9907089985649E-5
1.9903359633108E-5
1.9899631003894E-5
1.9895904096736E-5
1.9892178910367E-5
1.9888455443522E-5
1.9884733694936E-5
1.9881013663346E-5
1.987729534749E-5
1.9873578746106E-5
1.9869863857935E-5
1.986615068172E-5
1.9862439216202E-5
1.9858729460127E-5
1.985502141224E-5
1.9851315071287E-5
1.9847610436017E-5
1.9843907505178E-5
1.9840206277522E-5
1.9836506751801E-5
1.9832808926767E-5
1.9829112801174E-5
1.9825418373779E-5
1.9821725643338E-5
1.981803460861E-5
1.9814345268353E-5
1.9810657621328E-5
1.9806971666297E-5
1.9803287402023E-5
1.979960482727E-5
1.9795923940804E-5
1.9792244741393E-5
1.9788567227802E-5
1.9784891398803E-5
1.9781217253165E-5
1.977754478966E-5
1.9773874007062E-5
1.9770204904143E-5
1.9766537479681E-5
1.976287173245E-5
1.975920766123E-5
1.9755545264799E-5
1.9751884541938E-5
1.9748225491428E-5
1.9744568112051E-5
1.9740912402592E-5
1.9737258361836E-5
1.9733605988569E-5
1.9729955281579E-5
1.9726306239654E-5
1.9722658861585E-5
1.9719013146163E-5
1.971536909218E-5
1.971172669843E-5
1.9708085963707E-5
1.9704446886808E-5
1.970080946653E-5
1.9697173701671E-5
1.9693539591031E-5
1.9689907133411E-5
1.9686276327612E-5
1.9682647172437E-5
1.9679019666693E-5
1.9675393809182E-5
1.9671769598714E-5
1.9668147034094E-5
1.9664526114134E-5
1.9660906837642E-5
1.965728920343E-5
1.9653673210312E-5
1.96500588571E-5
1.964644614261E-5
1.9642835065658E-5
1.9639225625061E-5
1.9635617819638E-5
1.9632011648209E-5
1.9628407109595E-5
1.9624804202617E-5
1.9621202926098E-5
1.9617603278864E-5
1.961400525974E-5
1.9610408867551E-5
1.9606814101127E-5
1.9603220959296E-5
1.9599629440889E-5
1.9596039544736E-5
1.9592451269671E-5
1.9588864614526E-5
1.9585279578137E-5
1.9581696159339E-5
1.957811435697E-5
1.9574534169867E-5
1.9570955596871E-5
1.9567378636822E-5
1.9563803288561E-5
1.9560229550931E-5
1.9556657422777E-5
1.9553086902943E-5
1.9549517990275E-5
1.954595068362E-5
1.9542384981828E-5
1.9538820883748E-5
1.953525838823E-5
1.9531697494127E-5
1.9528138200292E-5
1.9524580505578E-5
1.9521024408841E-5
1.9517469908937E-5
1.9513917004725E-5
1.9510365695061E-5
1.9506815978807E-5
1.9503267854823E-5
1.9499721321971E-5
1.9496176379114E-5
1.9492633025117E-5
1.9489091258844E-5
1.9485551079163E-5
1.948201248494E-5
1.9478475475045E-5
1.9474940048347E-5
1.9471406203717E-5
1.9467873940026E-5
1.9464343256149E-5
1.946081415096E-5
1.9457286623332E-5
1.9453760672144E-5
1.9450236296272E-5
1.9446713494595E-5
1.9443192265993E-5
1.9439672609346E-5
1.9436154523537E-5
1.9432638007448E-5
1.9429123059963E-5
1.9425609679968E-5
1.9422097866348E-5
1.9418587617992E-5
1.9415078933787E-5
1.9411571812622E-5
1.9408066253389E-5
1.9404562254979E-5
1.9401059816285E-5
1.93975589362E-5
1.939405961362E-5
1.939056184744E-5
1.9387065636558E-5
1.9383570979871E-5
1.9380077876279E-5
1.9376586324681E-5
1.9373096323979E-5
1.9369607873077E-5
1.9366120970876E-5
1.9362635616281E-5
1.9359151808199E-5
1.9355669545535E-5
1.9352188827197E-5
1.9348709652095E-5
1.9345232019138E-5
1.9341755927236E-5
1.9338281375301E-5
1.9334808362248E-5
1.9331336886988E-5
1.9327866948439E-5
1.9324398545516E-5
1.9320931677135E-5
1.9317466342215E-5
1.9314002539677E-5
1.9310540268438E-5
1.9307079527422E-5
1.9303620315551E-5
1.9300162631747E-5
1.9296706474935E-5
1.9293251844042E-5
1.9289798737993E-5
1.9286347155716E-5
1.928289709614E-5
1.9279448558194E-5
1.9276001540809E-5
1.9272556042917E-5
1.926911206345E-5
1.9265669601343E-5
1.926222865553E-5
1.9258789224946E-5
1.9255351308529E-5
1.9251914905217E-5
1.9248480013949E-5
1.9245046633663E-5
1.9241614763303E-5
1.9238184401808E-5
1.9234755548123E-5
1.9231328201192E-5
1.9227902359958E-5
1.9224478023369E-5
1.9221055190371E-5
1.9217633859913E-5
1.9214214030943E-5
1.9210795702412E-5
1.920737887327E-5
1.920396354247E-5
1.9200549708965E-5
1.9197137371709E-5
1.9193726529656E-5
1.9190317181764E-5
1.9186909326988E-5
1.9183502964288E-5
1.9180098092622E-5
1.917669471095E-5
1.9173292818234E-5
1.9169892413435E-5
1.9166493495517E-5
1.9163096063443E-5
1.9159700116179E-5
1.915630565269E-5
1.9152912671945E-5
1.914952117291E-5
1.9146131154554E-5
1.9142742615848E-5
1.9139355555763E-5
1.9135969973271E-5
1.9132585867344E-5
1.9129203236956E-5
1.9125822081083E-5
1.9122442398699E-5
1.9119064188783E-5
1.9115687450312E-5
1.9112312182264E-5
1.9108938383619E-5
1.9105566053359E-5
1.9102195190464E-5
1.9098825793918E-5
1.9095457862703E-5
1.9092091395806E-5
1.908872639221E-5
1.9085362850903E-5
1.9082000770872E-5
1.9078640151106E-5
1.9075280990594E-5
1.9071923288326E-5
1.9068567043294E-5
1.906521225449E-5
1.9061858920908E-5
1.905850704154E-5
1.9055156615384E-5
1.9051807641434E-5
1.9048460118689E-5
1.9045114046144E-5
1.9041769422801E-5
1.9038426247658E-5
1.9035084519717E-5
1.903174423798E-5
1.9028405401448E-5
1.9025068009126E-5
1.9021732060018E-5
1.9018397553131E-5
1.901506448747E-5
1.9011732862042E-5
1.9008402675857E-5
1.9005073927924E-5
1.9001746617253E-5
1.8998420742854E-5
1.8995096303741E-5
1.8991773298927E-5
1.8988451727424E-5
1.8985131588249E-5
1.8981812880416E-5
1.8978495602944E-5
1.8975179754848E-5
1.897186533515E-5
1.8968552342866E-5
1.8965240777019E-5
1.8961930636629E-5
1.895862192072E-5
1.8955314628313E-5
1.8952008758433E-5
1.8948704310106E-5
1.8945401282357E-5
1.8942099674214E-5
1.8938799484703E-5
1.8935500712855E-5
1.8932203357697E-5
1.8928907418262E-5
1.892561289358E-5
1.8922319782684E-5
1.8919028084608E-5
1.8915737798384E-5
1.8912448923049E-5
1.8909161457638E-5
1.8905875401189E-5
1.8902590752739E-5
1.8899307511327E-5
1.8896025675993E-5
1.8892745245776E-5
1.8889466219718E-5
1.8886188596863E-5
1.8882912376253E-5
1.8879637556931E-5
1.8876364137944E-5
1.8873092118336E-5
1.8869821497155E-5
1.8866552273449E-5
1.8863284446265E-5
1.8860018014654E-5
1.8856752977665E-5
1.8853489334351E-5
1.8850227083762E-5
1.8846966224953E-5
1.8843706756976E-5
1.8840448678888E-5
1.8837191989742E-5
1.8833936688596E-5
1.8830682774508E-5
1.8827430246534E-5
1.8824179103736E-5
1.8820929345172E-5
1.8817680969904E-5
1.8814433976993E-5
1.8811188365502E-5
1.8807944134495E-5
1.8804701283035E-5
1.8801459810189E-5
1.8798219715022E-5
1.8794980996601E-5
1.8791743653995E-5
1.8788507686272E-5
1.8785273092501E-5
1.8782039871753E-5
1.87788080231E-5
1.8775577545613E-5
1.8772348438366E-5
1.8769120700432E-5
1.8765894330887E-5
1.8762669328805E-5
1.8759445693263E-5
1.875622342334E-5
1.8753002518112E-5
1.874978297666E-5
1.8746564798062E-5
1.87433479814E-5
1.8740132525755E-5
1.8736918430209E-5
1.8733705693847E-5
1.8730494315751E-5
1.8727284295008E-5
1.8724075630703E-5
1.8720868321922E-5
1.8717662367753E-5
1.8714457767286E-5
1.8711254519607E-5
1.8708052623809E-5
1.8704852078981E-5
1.8701652884216E-5
1.8698455038605E-5
1.8695258541243E-5
1.8692063391224E-5
1.8688869587642E-5
1.8685677129594E-5
1.8682486016177E-5
1.8679296246487E-5
1.8676107819624E-5
1.8672920734686E-5
1.8669734990774E-5
1.8666550586989E-5
1.8663367522431E-5
1.8660185796205E-5
1.8657005407413E-5
1.865382635516E-5
1.8650648638549E-5
1.8647472256688E-5
1.8644297208684E-5
1.8641123493642E-5
1.8637951110672E-5
1.8634780058883E-5
1.8631610337385E-5
1.8628441945289E-5
1.8625274881705E-5
1.8622109145748E-5
1.8618944736528E-5
1.8615781653162E-5
1.8612619894763E-5
1.8609459460447E-5
1.8606300349331E-5
1.8603142560532E-5
1.8599986093168E-5
1.8596830946357E-5
1.859367711922E-5
1.8590524610878E-5
1.858737342045E-5
1.8584223547059E-5
1.8581074989829E-5
1.8577927747883E-5
1.8574781820346E-5
1.8571637206342E-5
1.8568493904997E-5
1.856535191544E-5
1.8562211236797E-5
1.8559071868196E-5
1.8555933808768E-5
1.8552797057642E-5
1.854966161395E-5
1.8546527476821E-5
1.8543394645391E-5
1.854026311879E-5
1.8537132896154E-5
1.8534003976618E-5
1.8530876359316E-5
1.8527750043385E-5
1.8524625027963E-5
1.8521501312187E-5
1.8518378895196E-5
1.851525777613E-5
1.8512137954129E-5
1.8509019428334E-5
1.8505902197887E-5
1.8502786261931E-5
1.8499671619609E-5
1.8496558270065E-5
1.8493446212444E-5
1.8490335445891E-5
1.8487225969555E-5
1.8484117782581E-5
1.8481010884118E-5
1.8477905273315E-5
1.8474800949321E-5
1.8471697911287E-5
1.8468596158364E-5
1.8465495689704E-5
1.8462396504459E-5
1.8459298601784E-5
1.8456201980831E-5
1.8453106640757E-5
1.8450012580717E-5
1.8446919799868E-5
1.8443828297367E-5
1.8440738072371E-5
1.843764912404E-5
1.8434561451533E-5
1.8431475054011E-5
1.8428389930635E-5
1.8425306080567E-5
1.8422223502969E-5
1.8419142197004E-5
1.8416062161837E-5
1.8412983396632E-5
1.8409905900555E-5
1.8406829672773E-5
1.8403754712453E-5
1.8400681018762E-5
1.8397608590869E-5
1.8394537427944E-5
1.8391467529157E-5
1.8388398893678E-5
1.8385331520679E-5
1.8382265409332E-5
1.8379200558811E-5
1.837613696829E-5
1.8373074636942E-5
1.8370013563944E-5
1.8366953748472E-5
1.8363895189701E-5
1.836083788681E-5
1.8357781838978E-5
1.8354727045382E-5
1.8351673505204E-5
1.8348621217623E-5
1.8345570181821E-5
1.8342520396979E-5
1.833947186228E-5
1.8336424576908E-5
1.8333378540047E-5
1.8330333750882E-5
1.8327290208599E-5
1.8324247912383E-5
1.8321206861422E-5
1.8318167054904E-5
1.8315128492017E-5
1.8312091171951E-5
1.8309055093895E-5
1.830602025704E-5
1.8302986660578E-5
1.8299954303701E-5
1.8296923185601E-5
1.8293893305473E-5
1.8290864662511E-5
1.8287837255909E-5
1.8284811084864E-5
1.8281786148572E-5
1.827876244623E-5
1.8275739977036E-5
1.8272718740188E-5
1.8269698734887E-5
1.8266679960332E-5
1.8263662415724E-5
1.8260646100264E-5
1.8257631013155E-5
1.8254617153599E-5
1.82516045208E-5
1.8248593113963E-5
1.8245582932292E-5
1.8242573974994E-5
1.8239566241274E-5
1.823655973034E-5
1.82335544414E-5
1.8230550373661E-5
1.8227547526335E-5
1.8224545898629E-5
1.8221545489756E-5
1.8218546298927E-5
1.8215548325353E-5
1.8212551568247E-5
1.8209556026823E-5
1.8206561700295E-5
1.8203568587878E-5
1.8200576688787E-5
1.8197586002239E-5
1.8194596527451E-5
1.8191608263639E-5
1.8188621210024E-5
1.8185635365823E-5
1.8182650730256E-5
1.8179667302544E-5
1.8176685081908E-5
1.817370406757E-5
1.8170724258751E-5
1.8167745654676E-5
1.8164768254568E-5
1.8161792057652E-5
1.8158817063153E-5
1.8155843270296E-5
1.8152870678309E-5
1.8149899286418E-5
1.8146929093852E-5
1.814396009984E-5
1.814099230361E-5
1.8138025704393E-5
1.8135060301418E-5
1.8132096093919E-5
1.8129133081126E-5
1.8126171262273E-5
1.8123210636592E-5
1.8120251203318E-5
1.8117292961686E-5
1.811433591093E-5
1.8111380050288E-5
1.8108425378996E-5
1.810547189629E-5
1.810251960141E-5
1.8099568493595E-5
1.8096618572083E-5
1.8093669836114E-5
1.809072228493E-5
1.8087775917772E-5
1.8084830733882E-5
1.8081886732502E-5
1.8078943912877E-5
1.807600227425E-5
1.8073061815866E-5
1.8070122536971E-5
1.806718443681E-5
1.8064247514631E-5
1.806131176968E-5
1.8058377201206E-5
1.8055443808458E-5
1.8052511590685E-5
1.8049580547136E-5
1.8046650677064E-5
1.8043721979718E-5
1.8040794454352E-5
1.8037868100217E-5
1.8034942916568E-5
1.8032018902657E-5
1.802909605774E-5
1.8026174381072E-5
1.802325387191E-5
1.8020334529508E-5
1.8017416353125E-5
1.8014499342019E-5
1.8011583495448E-5
1.8008668812671E-5
1.8005755292949E-5
1.8002842935541E-5
1.7999931739708E-5
1.7997021704714E-5
1.7994112829819E-5
1.7991205114287E-5
1.7988298557381E-5
1.7985393158367E-5
1.7982488916508E-5
1.7979585831071E-5
1.7976683901321E-5
1.7973783126526E-5
1.7970883505954E-5
1.7967985038871E-5
1.7965087724548E-5
1.7962191562254E-5
1.7959296551258E-5
1.7956402690832E-5
1.7953509980246E-5
1.7950618418773E-5
1.7947728005685E-5
1.7944838740256E-5
1.7941950621759E-5
1.7939063649469E-5
1.7936177822661E-5
1.793329314061E-5
1.7930409602595E-5
1.792752720789E-5
1.7924645955774E-5
1.7921765845525E-5
1.7918886876422E-5
1.7916009047744E-5
1.7913132358772E-5
1.7910256808787E-5
1.7907382397069E-5
1.7904509122901E-5
1.7901636985566E-5
1.7898765984346E-5
1.7895896118526E-5
1.7893027387389E-5
1.7890159790222E-5
1.788729332631E-5
1.7884427994939E-5
1.7881563795396E-5
1.7878700726969E-5
1.7875838788946E-5
1.7872977980615E-5
1.7870118301267E-5
1.7867259750191E-5
1.7864402326678E-5
1.7861546030019E-5
1.7858690859506E-5
1.7855836814432E-5
1.7852983894089E-5
1.7850132097772E-5
1.7847281424774E-5
1.7844431874391E-5
1.7841583445917E-5
1.783873613865E-5
1.7835889951885E-5
1.7833044884921E-5
1.7830200937055E-5
1.7827358107585E-5
1.7824516395812E-5
1.7821675801034E-5
1.7818836322553E-5
1.7815997959668E-5
1.7813160711682E-5
1.7810324577896E-5
1.7807489557614E-5
1.7804655650139E-5
1.7801822854774E-5
1.7798991170825E-5
1.7796160597596E-5
1.7793331134394E-5
1.7790502780524E-5
1.7787675535293E-5
1.778484939801E-5
1.7782024367981E-5
1.7779200444517E-5
1.7776377626925E-5
1.7773555914517E-5
1.7770735306602E-5
1.7767915802492E-5
1.7765097401498E-5
1.7762280102933E-5
1.7759463906109E-5
1.775664881034E-5
1.775383481494E-5
1.7751021919223E-5
1.7748210122505E-5
1.7745399424101E-5
1.7742589823328E-5
1.7739781319503E-5
1.7736973911944E-5
1.7734167599967E-5
1.7731362382893E-5
1.772855826004E-5
1.7725755230728E-5
1.7722953294278E-5
1.7720152450011E-5
1.7717352697248E-5
1.7714554035311E-5
1.7711756463524E-5
1.770895998121E-5
1.7706164587691E-5
1.7703370282294E-5
1.7700577064343E-5
1.7697784933163E-5
1.7694993888081E-5
1.7692203928424E-5
1.7689415053519E-5
1.7686627262693E-5
1.7683840555276E-5
1.7681054930597E-5
1.7678270387984E-5
1.7675486926769E-5
1.7672704546282E-5
1.7669923245854E-5
1.7667143024818E-5
1.7664363882505E-5
1.766158581825E-5
1.7658808831385E-5
1.7656032921244E-5
1.7653258087163E-5
1.7650484328476E-5
1.7647711644519E-5
1.764494003463E-5
1.7642169498145E-5
1.7639400034401E-5
1.7636631642736E-5
1.763386432249E-5
1.7631098073002E-5
1.762833289361E-5
1.7625568783657E-5
1.7622805742481E-5
1.7620043769426E-5
1.7617282863833E-5
1.7614523025044E-5
1.7611764252403E-5
1.7609006545254E-5
1.760624990294E-5
1.7603494324807E-5
1.76007398102E-5
1.7597986358464E-5
1.7595233968947E-5
1.7592482640994E-5
1.7589732373955E-5
1.7586983167176E-5
1.7584235020007E-5
1.7581487931796E-5
1.7578741901894E-5
1.7575996929651E-5
1.7573253014417E-5
1.7570510155545E-5
1.7567768352385E-5
1.7565027604291E-5
1.7562287910615E-5
1.7559549270711E-5
1.7556811683934E-5
1.7554075149637E-5
1.7551339667177E-5
1.7548605235908E-5
1.7545871855187E-5
1.7543139524371E-5
1.7540408242818E-5
1.7537678009884E-5
1.753494882493E-5
1.7532220687312E-5
1.7529493596392E-5
1.752676755153E-5
1.7524042552085E-5
1.7521318597419E-5
1.7518595686893E-5
1.7515873819871E-5
1.7513152995714E-5
1.7510433213786E-5
1.750771447345E-5
1.7504996774072E-5
1.7502280115016E-5
1.7499564495647E-5
1.7496849915331E-5
1.7494136373434E-5
1.7491423869325E-5
1.748871240237E-5
1.7486001971937E-5
1.7483292577395E-5
1.7480584218112E-5
1.747787689346E-5
1.7475170602807E-5
1.7472465345525E-5
1.7469761120985E-5
1.7467057928558E-5
1.7464355767616E-5
1.7461654637534E-5
1.7458954537683E-5
1.7456255467437E-5
1.7453557426172E-5
1.7450860413261E-5
1.7448164428081E-5
1.7445469470007E-5
1.7442775538416E-5
1.7440082632684E-5
1.7437390752189E-5
1.743469989631E-5
1.7432010064424E-5
1.7429321255911E-5
1.742663347015E-5
1.7423946706521E-5
1.7421260964405E-5
1.7418576243183E-5
1.7415892542236E-5
1.7413209860948E-5
1.7410528198699E-5
1.7407847554874E-5
1.7405167928856E-5
1.740248932003E-5
1.7399811727779E-5
1.739713515149E-5
1.7394459590548E-5
1.7391785044339E-5
1.7389111512249E-5
1.7386438993667E-5
1.738376748798E-5
1.7381096994575E-5
1.7378427512843E-5
1.7375759042172E-5
1.7373091581951E-5
1.7370425131572E-5
1.7367759690425E-5
1.7365095257901E-5
1.7362431833392E-5
1.735976941629E-5
1.7357108005988E-5
1.735444760188E-5
1.7351788203359E-5
1.7349129809819E-5
1.7346472420656E-5
1.7343816035265E-5
1.734116065304E-5
1.733850627338E-5
1.733585289568E-5
1.7333200519338E-5
1.7330549143751E-5
1.7327898768319E-5
1.7325249392438E-5
1.732260101551E-5
1.7319953636934E-5
1.7317307256109E-5
1.7314661872438E-5
1.731201748532E-5
1.7309374094158E-5
1.7306731698354E-5
1.7304090297311E-5
1.7301449890432E-5
1.7298810477121E-5
1.7296172056781E-5
1.7293534628819E-5
1.7290898192638E-5
1.7288262747644E-5
1.7285628293245E-5
1.7282994828845E-5
1.7280362353853E-5
1.7277730867676E-5
1.7275100369723E-5
1.7272470859401E-5
1.726984233612E-5
1.726721479929E-5
1.7264588248321E-5
1.7261962682622E-5
1.7259338101606E-5
1.7256714504683E-5
1.7254091891266E-5
1.7251470260767E-5
1.7248849612599E-5
1.7246229946176E-5
1.7243611260911E-5
1.7240993556219E-5
1.7238376831514E-5
1.7235761086213E-5
1.7233146319731E-5
1.7230532531484E-5
1.7227919720889E-5
1.7225307887363E-5
1.7222697030324E-5
1.7220087149191E-5
1.7217478243381E-5
1.7214870312315E-5
1.7212263355411E-5
1.7209657372091E-5
1.7207052361774E-5
1.7204448323881E-5
1.7201845257835E-5
1.7199243163056E-5
1.7196642038969E-5
1.7194041884995E-5
1.7191442700557E-5
1.7188844485081E-5
1.718624723799E-5
1.7183650958709E-5
1.7181055646664E-5
1.7178461301279E-5
1.7175867921983E-5
1.71732755082E-5
1.7170684059359E-5
1.7168093574886E-5
1.7165504054211E-5
1.7162915496761E-5
1.7160327901966E-5
1.7157741269255E-5
1.7155155598058E-5
1.7152570887806E-5
1.7149987137929E-5
1.7147404347859E-5
1.7144822517027E-5
1.7142241644867E-5
1.713966173081E-5
1.713708277429E-5
1.7134504774741E-5
1.7131927731596E-5
1.712935164429E-5
1.7126776512259E-5
1.7124202334937E-5
1.7121629111761E-5
1.7119056842168E-5
1.7116485525593E-5
1.7113915161474E-5
1.7111345749249E-5
1.7108777288357E-5
1.7106209778236E-5
1.7103643218325E-5
1.7101077608063E-5
1.7098512946892E-5
1.709594923425E-5
1.709338646958E-5
1.7090824652323E-5
1.708826378192E-5
1.7085703857814E-5
1.7083144879447E-5
1.7080586846264E-5
1.7078029757707E-5
1.707547361322E-5
1.7072918412249E-5
1.7070364154237E-5
1.7067810838632E-5
1.7065258464878E-5
1.7062707032421E-5
1.7060156540709E-5
1.705760698919E-5
1.7055058377309E-5
1.7052510704517E-5
1.7049963970261E-5
1.704741817399E-5
1.7044873315154E-5
1.7042329393203E-5
1.7039786407587E-5
1.7037244357756E-5
1.7034703243163E-5
1.7032163063258E-5
1.7029623817495E-5
1.7027085505324E-5
1.7024548126201E-5
1.7022011679577E-5
1.7019476164907E-5
1.7016941581645E-5
1.7014407929246E-5
1.7011875207165E-5
1.7009343414857E-5
1.700681255178E-5
1.7004282617389E-5
1.7001753611141E-5
1.6999225532493E-5
1.6996698380904E-5
1.6994172155832E-5
1.6991646856735E-5
1.6989122483073E-5
1.6986599034304E-5
1.698407650989E-5
1.698155490929E-5
1.6979034231965E-5
1.6976514477377E-5
1.6973995644987E-5
1.6971477734257E-5
1.6968960744651E-5
1.696644467563E-5
1.6963929526659E-5
1.6961415297201E-5
1.6958901986721E-5
1.6956389594683E-5
1.6953878120553E-5
1.6951367563795E-5
1.6948857923877E-5
1.6946349200264E-5
1.6943841392423E-5
1.6941334499822E-5
1.6938828521928E-5
1.6936323458209E-5
1.6933819308135E-5
1.6931316071173E-5
1.6928813746794E-5
1.6926312334466E-5
1.6923811833662E-5
1.692131224385E-5
1.6918813564503E-5
1.6916315795091E-5
1.6913818935087E-5
1.6911322983963E-5
1.6908827941191E-5
1.6906333806246E-5
1.69038405786E-5
1.6901348257728E-5
1.6898856843103E-5
1.6896366334202E-5
1.6893876730499E-5
1.689138803147E-5
1.6888900236591E-5
1.6886413345338E-5
1.6883927357189E-5
1.6881442271621E-5
1.6878958088111E-5
1.6876474806139E-5
1.6873992425181E-5
1.6871510944719E-5
1.686903036423E-5
1.6866550683195E-5
1.6864071901094E-5
1.6861594017408E-5
1.6859117031617E-5
1.6856640943204E-5
1.685416575165E-5
1.6851691456438E-5
1.6849218057049E-5
1.6846745552969E-5
1.6844273943679E-5
1.6841803228664E-5
1.6839333407408E-5
1.6836864479397E-5
1.6834396444114E-5
1.6831929301047E-5
1.682946304968E-5
1.68269976895E-5
1.6824533219995E-5
1.682206964065E-5
1.6819606950955E-5
1.6817145150396E-5
1.6814684238463E-5
1.6812224214644E-5
1.6809765078428E-5
1.6807306829305E-5
1.6804849466765E-5
1.6802392990299E-5
1.6799937399397E-5
1.679748269355E-5
1.6795028872251E-5
1.6792575934991E-5
1.6790123881263E-5
1.6787672710559E-5
1.6785222422373E-5
1.6782773016199E-5
1.678032449153E-5
1.6777876847861E-5
1.6775430084686E-5
1.6772984201502E-5
1.6770539197803E-5
1.6768095073086E-5
1.6765651826847E-5
1.6763209458583E-5
1.6760767967791E-5
1.6758327353969E-5
1.6755887616615E-5
1.6753448755227E-5
1.6751010769304E-5
1.6748573658345E-5
1.6746137421849E-5
1.6743702059318E-5
1.674126757025E-5
1.6738833954148E-5
1.6736401210511E-5
1.6733969338842E-5
1.6731538338643E-5
1.6729108209415E-5
1.6726678950662E-5
1.6724250561886E-5
1.6721823042592E-5
1.6719396392282E-5
1.6716970610462E-5
1.6714545696635E-5
1.6712121650308E-5
1.6709698470985E-5
1.6707276158172E-5
1.6704854711375E-5
1.6702434130102E-5
1.6700014413859E-5
1.6697595562153E-5
1.6695177574492E-5
1.6692760450384E-5
1.6690344189338E-5
1.6687928790863E-5
1.6685514254468E-5
1.6683100579662E-5
1.6680687765957E-5
1.6678275812861E-5
1.6675864719886E-5
1.6673454486543E-5
1.6671045112344E-5
1.66686365968E-5
1.6666228939425E-5
1.666382213973E-5
1.6661416197229E-5
1.6659011111435E-5
1.6656606881863E-5
1.6654203508025E-5
1.6651800989438E-5
1.6649399325616E-5
1.6646998516074E-5
1.6644598560328E-5
1.6642199457894E-5
1.6639801208289E-5
1.663740381103E-5
1.6635007265634E-5
1.6632611571618E-5
1.66302167285E-5
1.6627822735799E-5
1.6625429593034E-5
1.6623037299724E-5
1.6620645855388E-5
1.6618255259545E-5
1.6615865511718E-5
1.6613476611425E-5
1.6611088558188E-5
1.6608701351528E-5
1.6606314990967E-5
1.6603929476027E-5
1.6601544806232E-5
1.6599160981102E-5
1.6596778000162E-5
1.6594395862935E-5
1.6592014568945E-5
1.6589634117716E-5
1.6587254508774E-5
1.6584875741643E-5
1.6582497815848E-5
1.6580120730916E-5
1.6577744486373E-5
1.6575369081744E-5
1.6572994516557E-5
1.657062079034E-5
1.6568247902619E-5
1.6565875852923E-5
1.6563504640781E-5
1.656113426572E-5
1.655876472727E-5
1.655639602496E-5
1.6554028158321E-5
1.6551661126881E-5
1.6549294930173E-5
1.6546929567726E-5
1.6544565039073E-5
1.6542201343744E-5
1.6539838481271E-5
1.6537476451188E-5
1.6535115253026E-5
1.6532754886318E-5
1.6530395350599E-5
1.6528036645401E-5
1.652567877026E-5
1.6523321724709E-5
1.6520965508283E-5
1.6518610120518E-5
1.6516255560949E-5
1.6513901829112E-5
1.6511548924543E-5
1.6509196846779E-5
1.6506845595356E-5
1.6504495169814E-5
1.6502145569688E-5
1.6499796794517E-5
1.6497448843839E-5
1.6495101717194E-5
1.6492755414119E-5
1.6490409934156E-5
1.6488065276843E-5
1.6485721441721E-5
1.648337842833E-5
1.6481036236212E-5
1.6478694864906E-5
1.6476354313956E-5
1.6474014582903E-5
1.6471675671289E-5
1.6469337578656E-5
1.6467000304549E-5
1.646466384851E-5
1.6462328210083E-5
1.6459993388812E-5
1.6457659384241E-5
1.6455326195915E-5
1.6452993823379E-5
1.6450662266179E-5
1.6448331523861E-5
1.6446001595969E-5
1.6443672482052E-5
1.6441344181656E-5
1.6439016694327E-5
1.6436690019614E-5
1.6434364157064E-5
1.6432039106226E-5
1.6429714866648E-5
1.6427391437878E-5
1.6425068819467E-5
1.6422747010964E-5
1.6420426011919E-5
1.6418105821881E-5
1.6415786440402E-5
1.6413467867033E-5
1.6411150101324E-5
1.6408833142828E-5
1.6406516991096E-5
1.6404201645682E-5
1.6401887106136E-5
1.6399573372013E-5
1.6397260442866E-5
1.6394948318248E-5
1.6392636997714E-5
1.6390326480818E-5
1.6388016767114E-5
1.6385707856158E-5
1.6383399747505E-5
1.638109244071E-5
1.637878593533E-5
1.6376480230922E-5
1.6374175327041E-5
1.6371871223245E-5
1.6369567919092E-5
1.6367265414138E-5
1.6364963707943E-5
1.6362662800064E-5
1.636036269006E-5
1.6358063377491E-5
1.6355764861916E-5
1.6353467142894E-5
1.6351170219985E-5
1.6348874092751E-5
1.6346578760751E-5
1.6344284223547E-5
1.6341990480701E-5
1.6339697531773E-5
1.6337405376327E-5
1.6335114013923E-5
1.6332823444126E-5
1.6330533666499E-5
1.6328244680604E-5
1.6325956486005E-5
1.6323669082267E-5
1.6321382468953E-5
1.6319096645629E-5
1.631681161186E-5
1.631452736721E-5
1.6312243911247E-5
1.6309961243535E-5
1.6307679363641E-5
1.6305398271131E-5
1.6303117965574E-5
1.6300838446535E-5
1.6298559713584E-5
1.6296281766287E-5
1.6294004604213E-5
1.6291728226931E-5
1.6289452634009E-5
1.6287177825018E-5
1.6284903799526E-5
1.6282630557103E-5
1.628035809732E-5
1.6278086419748E-5
1.6275815523957E-5
1.6273545409519E-5
1.6271276076004E-5
1.6269007522985E-5
1.6266739750035E-5
1.6264472756725E-5
1.6262206542629E-5
1.6259941107319E-5
1.625767645037E-5
1.6255412571355E-5
1.6253149469847E-5
1.6250887145423E-5
1.6248625597655E-5
1.624636482612E-5
1.6244104830393E-5
1.6241845610049E-5
1.6239587164665E-5
1.6237329493817E-5
1.6235072597082E-5
1.6232816474036E-5
1.6230561124257E-5
1.6228306547323E-5
1.6226052742811E-5
1.62237997103E-5
1.6221547449368E-5
1.6219295959595E-5
1.6217045240559E-5
1.621479529184E-5
1.6212546113017E-5
1.6210297703672E-5
1.6208050063385E-5
1.6205803191735E-5
1.6203557088305E-5
1.6201311752675E-5
1.6199067184428E-5
1.6196823383146E-5
1.619458034841E-5
1.6192338079804E-5
1.619009657691E-5
1.6187855839313E-5
1.6185615866594E-5
1.6183376658339E-5
1.6181138214131E-5
1.6178900533555E-5
1.6176663616196E-5
1.6174427461639E-5
1.617219206947E-5
1.6169957439273E-5
1.6167723570636E-5
1.6165490463145E-5
1.6163258116386E-5
1.6161026529946E-5
1.6158795703413E-5
1.6156565636374E-5
1.6154336328418E-5
1.6152107779131E-5
1.6149879988104E-5
1.6147652954925E-5
1.6145426679182E-5
1.6143201160466E-5
1.6140976398366E-5
1.6138752392472E-5
1.6136529142375E-5
1.6134306647665E-5
1.6132084907933E-5
1.6129863922771E-5
1.6127643691769E-5
1.6125424214521E-5
1.6123205490618E-5
1.6120987519652E-5
1.6118770301217E-5
1.6116553834906E-5
1.6114338120311E-5
1.6112123157027E-5
1.6109908944647E-5
1.6107695482767E-5
1.6105482770979E-5
1.6103270808881E-5
1.6101059596065E-5
1.6098849132129E-5
1.6096639416668E-5
1.6094430449278E-5
1.6092222229556E-5
1.6090014757098E-5
1.6087808031501E-5
1.6085602052362E-5
1.6083396819279E-5
1.608119233185E-5
1.6078988589673E-5
1.6076785592347E-5
1.6074583339471E-5
1.6072381830642E-5
1.6070181065462E-5
1.6067981043529E-5
1.6065781764444E-5
1.6063583227806E-5
1.6061385433217E-5
