0.01052038654153327
0.003322215602569968
0.002224064116858779
0.0017202348526313
0.001423101636460799
0.001224415117827211
0.001080979631401098
9.71917336690707E-4
8.85818661070006E-4
8.15886455989021E-4
7.57802664395484E-4
7.08683973752198E-4
6.66526850916838E-4
6.29892951102708E-4
5.9772120797793E-4
5.69210625354821E-4
5.43744453518542E-4
5.20839585506538E-4
5.00111862584586E-4
4.81251720717752E-4
4.64006737440616E-4
4.48168891296451E-4
4.33565106825806E-4
4.20050132983332E-4
4.07501106654058E-4
3.95813351611223E-4
3.84897095800866E-4
3.74674879883456E-4
3.65079492157671E-4
3.56052308607704E-4
3.47541947833206E-4
3.39503172966038E-4
3.31895988968953E-4
3.24684895721014E-4
3.17838266240463E-4
3.11327826124001E-4
3.05128215387799E-4
2.99216617804222E-4
2.93572445843786E-4
2.88177071676208E-4
2.83013596519697E-4
2.78066652074208E-4
2.73322228921693E-4
2.6876752769194E-4
2.64390829527374E-4
2.60181382972948E-4
2.56129304898203E-4
2.52225493450385E-4
2.48461551358515E-4
2.44829718172268E-4
2.41322810237569E-4
2.3793416739179E-4
2.34657605511972E-4
2.31487374175527E-4
2.28418118798403E-4
2.2544484670474E-4
2.22562896657057E-4
2.19767911439724E-4
2.17055813142574E-4
2.14422780837579E-4
2.11865230381026E-4
2.09379796107358E-4
2.06963314209968E-4
2.04612807629249E-4
2.02325472289849E-4
2.00098664547825E-4
1.9792988972467E-4
1.95816791619311E-4
1.93757142901568E-4
1.91748836301301E-4
1.89789876516963E-4
1.87878372775513E-4
1.8601253198298E-4
1.84190652411339E-4
1.82411117873063E-4
1.80672392339661E-4
1.78973014965012E-4
1.77311595478177E-4
1.75686809913882E-4
1.74097396651982E-4
1.72542152739956E-4
1.71019930474983E-4
1.69529634224322E-4
1.68070217464738E-4
1.66640680023441E-4
1.65240065504622E-4
1.63867458887102E-4
1.62521984279862E-4
1.61202802823433E-4
1.59909110726113E-4
1.5864013742496E-4
1.57395143862353E-4
1.56173420869674E-4
1.54974287650387E-4
1.53797090355402E-4
1.52641200744194E-4
1.51506014925691E-4
1.50390952173394E-4
1.49295453809644E-4
1.48218982154355E-4
1.47161019533852E-4
1.46121067345858E-4
1.45098645176894E-4
1.440932899687E-4
1.43104555230488E-4
1.42132010294119E-4
1.41175239609457E-4
1.40233842077404E-4
1.39307430418247E-4
1.38395630573155E-4
1.37498081136803E-4
1.36614432819228E-4
1.3574434793517E-4
1.3488749991926E-4
1.34043572865545E-4
1.33212261089907E-4
1.32393268714059E-4
1.31586309269891E-4
1.30791105322984E-4
1.30007388114232E-4
1.29234897218539E-4
1.28473380219658E-4
1.27722592400274E-4
1.26982296446504E-4
1.26252262166021E-4
1.25532266219087E-4
1.24822091861793E-4
1.24121528700868E-4
1.23430372459442E-4
1.227484247532E-4
1.22075492876385E-4
1.21411389597144E-4
1.20755932961752E-4
1.20108946107245E-4
1.19470257082063E-4
1.18839698674287E-4
1.18217108247102E-4
1.17602327581138E-4
1.16995202723335E-4
1.16395583842036E-4
1.15803325088003E-4
1.15218284461069E-4
1.14640323682158E-4
1.14069308070436E-4
1.13505106425335E-4
1.12947590913231E-4
1.12396636958566E-4
1.11852123139212E-4
1.1131393108587E-4
1.10781945385331E-4
1.10256053487446E-4
1.09736145615593E-4
1.09222114680537E-4
1.08713856197496E-4
1.08211268206299E-4
1.07714251194481E-4
1.07222708023208E-4
1.06736543855895E-4
1.06255666089409E-4
1.05779984287753E-4
1.05309410118116E-4
1.04843857289195E-4
1.043832414917E-4
1.03927480340942E-4
1.03476493321432E-4
1.03030201733389E-4
1.02588528641102E-4
1.02151398823056E-4
1.01718738723758E-4
1.01290476407196E-4
1.00866541511858E-4
1.00446865207262E-4
1.00031380151932E-4
9.9620020452758E-5
9.9212721625699E-5
9.8809420557768E-5
9.841005547025E-5
9.8014565883115E-5
9.7622892580568E-5
9.7234977577709E-5
9.6850764088242E-5
9.6470196493211E-5
9.609322031072E-5
9.5719782166601E-5
9.534982976598E-5
9.4983311865743E-5
9.4620178247836E-5
9.4260379693385E-5
9.39038679576E-5
9.355059574545E-5
9.3200516688055E-5
9.28535853198E-5
9.2509757056116E-5
9.2168988171934E-5
9.1831235780767E-5
9.1496457814404E-5
9.1164613003203E-5
9.0835660856951E-5
9.0509561646277E-5
9.0186276384607E-5
8.9865766810624E-5
8.9547995371238E-5
8.9232925205027E-5
8.8920520126157E-5
8.8610744608742E-5
8.830356377165E-5
8.7998943363724E-5
8.7696849749412E-5
8.73972498948E-5
8.7100111354014E-5
8.6805402256006E-5
8.6513091291691E-5
8.6223147701429E-5
8.5935541262852E-5
8.5650242279008E-5
8.5367221566822E-5
8.5086450445871E-5
8.4807900727441E-5
8.453154470388E-5
8.4257355138233E-5
8.3985305254135E-5
8.3715368725974E-5
8.3447519669306E-5
8.3181732631514E-5
8.2917982582708E-5
8.2656244906853E-5
8.2396495393131E-5
8.2138710227503E-5
8.1882865984502E-5
8.1628939619216E-5
8.1376908459482E-5
8.1126750198267E-5
8.0878442886233E-5
8.0631964924497E-5
8.0387295057558E-5
8.0144412366395E-5
7.990329626174E-5
7.9663926477509E-5
7.9426283064392E-5
7.9190346383594E-5
7.895609710073E-5
7.8723516179857E-5
7.8492584877656E-5
7.826328473775E-5
7.8035597585145E-5
7.7809505520813E-5
7.7584990916394E-5
7.7362036409027E-5
7.714062489629E-5
7.6920739531267E-5
7.6702363717719E-5
7.6485481105376E-5
7.6270075585322E-5
7.6056131285496E-5
7.5843632566289E-5
7.5632564016239E-5
7.5422910447826E-5
7.5214656893358E-5
7.5007788600948E-5
7.4802291030583E-5
7.4598149850272E-5
7.4395350932289E-5
7.4193880349491E-5
7.3993724371715E-5
7.3794869462258E-5
7.3597302274434E-5
7.3401009648196E-5
7.3205978606837E-5
7.3012196353764E-5
7.2819650269337E-5
7.2628327907771E-5
7.2438216994111E-5
7.2249305421269E-5
7.2061581247116E-5
7.1875032691644E-5
7.1689648134182E-5
7.1505416110671E-5
7.1322325310996E-5
7.1140364576368E-5
7.0959522896771E-5
7.0779789408444E-5
7.0601153391435E-5
7.0423604267184E-5
7.0247131596173E-5
7.0071725075607E-5
6.9897374537155E-5
6.9724069944729E-5
6.9551801392309E-5
6.9380559101811E-5
6.9210333420997E-5
6.9041114821427E-5
6.8872893896452E-5
6.8705661359242E-5
6.8539408040859E-5
6.8374124888363E-5
6.8209802962956E-5
6.8046433438159E-5
6.7884007598033E-5
6.7722516835422E-5
6.7561952650238E-5
