0.003516462053292898
0.002159282366125473
0.001648426281029406
0.001363037875762111
0.001176209582517105
0.001042535253626667
9.41238624311037E-4
8.6131800203418E-4
7.96345603579541E-4
7.42288747378942E-4
6.96476597847565E-4
6.57063170221158E-4
6.22727773183303E-4
5.92498183058492E-4
5.65641320001854E-4
5.4159299457784E-4
5.19911257200711E-4
5.00244535396328E-4
4.82309331716689E-4
4.65874274437952E-4
4.50748492445412E-4
4.36772997065776E-4
4.23814195164241E-4
4.11758938982896E-4
4.0051070136066E-4
3.89986586782817E-4
3.80114971240887E-4
3.70833620764814E-4
3.62088178307253E-4
3.5383093693456E-4
3.46019837623826E-4
3.38617644783618E-4
3.31591263532311E-4
3.2491117089444E-4
3.18550939185152E-4
3.12486834488429E-4
3.06697476682512E-4
3.01163550202942E-4
2.95867556861486E-4
2.90793603705194E-4
2.85927220213319E-4
2.81255200171695E-4
2.76765464395946E-4
2.72446941142609E-4
2.68289461586178E-4
2.64283668177432E-4
2.60420934054999E-4
2.56693291974311E-4
2.53093371458475E-4
2.4961434307441E-4
2.46249868902491E-4
2.4299405840541E-4
2.39841429016856E-4
2.36786870867192E-4
2.33825615144516E-4
2.30953205658197E-4
2.28165473230258E-4
2.25458512589472E-4
2.22828661485328E-4
2.20272481775154E-4
2.1778674226869E-4
2.15368403141136E-4
2.13014601748622E-4
2.10722639700034E-4
2.08489971056251E-4
2.0631419154296E-4
2.04193028676115E-4
2.02124332710586E-4
2.0010606833243E-4
1.9813630702396E-4
1.96213220038406E-4
1.94335071927729E-4
1.92500214573061E-4
1.90707081672467E-4
1.88954183645378E-4
1.87240102917138E-4
1.85563489550736E-4
1.83923057196056E-4
1.82317579329835E-4
1.80745885762089E-4
1.79206859387091E-4
1.77699433158992E-4
1.76222587274051E-4
1.74775346543061E-4
1.73356777939046E-4
1.71965988306663E-4
1.70602122220878E-4
1.69264359983632E-4
1.67951915748141E-4
1.66664035761378E-4
1.65399996716077E-4
1.64159104204312E-4
1.62940691265382E-4
1.61744117021289E-4
1.60568765393681E-4
1.59414043896588E-4
1.58279382499747E-4
1.57164232557691E-4
1.56068065800212E-4
1.54990373380061E-4
1.53930664974131E-4
1.52888467934617E-4
1.5186332648693E-4
1.50854800971328E-4
1.49862467125547E-4
1.48885915405795E-4
1.47924750343744E-4
1.46978589937307E-4
1.46047065073101E-4
1.45129818978707E-4
1.44226506702912E-4
1.43336794622284E-4
1.4246035997251E-4
1.41596890403063E-4
1.40746083553832E-4
1.39907646652456E-4
1.39081296131188E-4
1.38266757262176E-4
1.37463763810132E-4
1.36672057701425E-4
1.35891388708684E-4
1.35121514150073E-4
1.3436219860244E-4
1.33613213627579E-4
1.32874337510934E-4
1.32145355012059E-4
1.31426057126225E-4
1.30716240856605E-4
1.30015708996469E-4
1.29324269920889E-4
1.28641737387475E-4
1.27967930345658E-4
1.2730267275413E-4
1.26645793406002E-4
1.25997125761321E-4
1.25356507786566E-4
1.24723781800797E-4
1.24098794328131E-4
1.23481395956242E-4
1.22871441200597E-4
1.22268788374148E-4
1.21673299462246E-4
1.21084840002509E-4
1.20503278969426E-4
1.19928488663485E-4
1.19360344604601E-4
1.18798725429666E-4
1.18243512794021E-4
1.17694591276693E-4
1.17151848289202E-4
1.16615173987809E-4
1.16084461189036E-4
1.15559605288318E-4
1.15040504181653E-4
1.14527058190131E-4
1.14019169987196E-4
1.13516744528541E-4
1.13019688984535E-4
1.12527912675038E-4
1.12041327006553E-4
1.11559845411577E-4
1.11083383290089E-4
1.10611857953064E-4
1.10145188567953E-4
1.09683296106034E-4
1.09226103291561E-4
1.08773534552651E-4
1.08325515973816E-4
1.07881975250105E-4
1.07442841642764E-4
1.07008045936379E-4
1.06577520397429E-4
1.06151198734197E-4
1.05729016057993E-4
1.05310908845632E-4
1.04896814903125E-4
1.04486673330533E-4
1.04080424487945E-4
1.03678009962529E-4
1.03279372536629E-4
1.02884456156857E-4
1.02493205904157E-4
1.02105567964789E-4
1.01721489602214E-4
1.01340919129842E-4
1.00963805884607E-4
1.00590100201349E-4
1.00219753387974E-4
9.9852717701345E-5
9.9488946323913E-5
9.9128393341027E-5
9.8771013718924E-5
9.8416763283363E-5
9.8065598698888E-5
9.7717477448688E-5
9.7372357815049E-5
9.7030198860363E-5
9.6690960408684E-5
9.6354603027811E-5
9.6021088011881E-5
9.5690377364448E-5
9.5362433782047E-5
9.5037220638206E-5
9.4714701967915E-5
9.4394842452519E-5
9.4077607405029E-5
9.376296275583E-5
9.3450875038794E-5
9.3141311377752E-5
9.2834239473348E-5
9.2529627590235E-5
9.2227444544624E-5
9.1927659692153E-5
9.1630242916091E-5
9.1335164615847E-5
9.1042395695775E-5
9.0751907554292E-5
9.0463672073249E-5
9.017766160761E-5
8.9893848975374E-5
8.9612207447767E-5
8.9332710739686E-5
8.9055333000373E-5
8.8780048804347E-5
8.8506833142545E-5
8.8235661413698E-5
8.7966509415916E-5
8.7699353338488E-5
8.7434169753884E-5
8.7170935609947E-5
8.6909628222289E-5
8.6650225266868E-5
8.639270477274E-5
8.6137045114999E-5
8.5883225007878E-5
8.5631223498018E-5
8.5381019957901E-5
8.513259407944E-5
8.4885925867718E-5
8.4640995634878E-5
8.4397783994152E-5
8.4156271854039E-5
8.3916440412612E-5
8.3678271151962E-5
8.3441745832764E-5
8.320684648898E-5
8.2973555422667E-5
8.2741855198926E-5
8.2511728640944E-5
8.2283158825165E-5
8.2056129076563E-5
8.1830622964019E-5
8.1606624295811E-5
8.1384117115194E-5
8.116308569609E-5
8.0943514538863E-5
8.0725388366195E-5
8.0508692119045E-5
8.0293410952705E-5
8.0079530232944E-5
7.9867035532217E-5
7.9655912625983E-5
7.9446147489083E-5
7.9237726292203E-5
7.9030635398412E-5
7.8824861359776E-5
7.8620390914042E-5
7.8417210981389E-5
7.8215308661256E-5
7.8014671229228E-5
7.7815286133991E-5
7.7617140994357E-5
7.7420223596337E-5
7.7224521890287E-5
7.7030023988106E-5
7.6836718160495E-5
7.6644592834272E-5
7.6453636589742E-5
7.6263838158116E-5
7.607518641899E-5
7.588767039787E-5
7.5701279263746E-5
7.5516002326722E-5
7.533182903568E-5
7.5148748976008E-5
7.4966751867354E-5
7.4785827561446E-5
7.460596603993E-5
7.4427157412278E-5
7.4249391913711E-5
7.407265990318E-5
7.3896951861383E-5
7.3722258388809E-5
7.3548570203843E-5
7.3375878140879E-5
7.3204173148494E-5
7.3033446287643E-5
7.2863688729892E-5
7.2694891755684E-5
7.2527046752642E-5
7.2360145213895E-5
7.2194178736447E-5
7.2029139019569E-5
7.1865017863216E-5
7.1701807166493E-5
7.1539498926127E-5
7.1378085234978E-5
7.1217558280583E-5
7.105791034371E-5
7.089913379696E-5
7.0741221103375E-5
7.0584164815082E-5
7.0427957571963E-5
7.0272592100339E-5
7.011806121169E-5
6.996435780139E-5
6.9811474847465E-5
6.9659405409377E-5
6.9508142626829E-5
6.9357679718588E-5
6.9208009981331E-5
6.9059126788511E-5
6.8911023589244E-5
6.8763693907215E-5
6.8617131339601E-5
6.8471329556018E-5
6.8326282297477E-5
6.8181983375371E-5
6.8038426670467E-5
6.7895606131924E-5
6.7753515776323E-5
6.7612149686715E-5
6.7471502011689E-5
6.7331566964449E-5
6.719233882191E-5
6.7053811923811E-5
6.6915980671842E-5
6.6778839528781E-5
6.6642383017654E-5
6.6506605720905E-5
6.6371502279574E-5
6.6237067392499E-5
6.6103295815524E-5
6.5970182360724E-5
6.5837721895637E-5
6.5705909342519E-5
6.5574739677602E-5
6.5444207930364E-5
6.5314309182819E-5
6.5185038568812E-5
6.5056391273325E-5
6.4928362531797E-5
6.4800947629455E-5
6.4674141900654E-5
6.454794072823E-5
6.4422339542859E-5
6.4297333822431E-5
6.4172919091432E-5
6.4049090920333E-5
6.3925844924995E-5
6.3803176766076E-5
6.3681082148456E-5
6.3559556820659E-5
6.3438596574298E-5
6.3318197243516E-5
6.3198354704448E-5
6.3079064874676E-5
6.2960323712709E-5
6.2842127217458E-5
6.2724471427727E-5
6.2607352421706E-5
6.2490766316481E-5
6.2374709267537E-5
6.2259177468284E-5
6.2144167149576E-5
6.2029674579251E-5
6.1915696061668E-5
6.1802227937251E-5
6.1689266582051E-5
6.1576808407298E-5
6.1464849858973E-5
6.135338741738E-5
6.1242417596729E-5
6.1131936944716E-5
6.102194204212E-5
6.0912429502401E-5
6.0803395971304E-5
6.0694838126465E-5
6.0586752677032E-5
6.0479136363285E-5
6.0371985956259E-5
6.0265298257382E-5
6.0159070098107E-5
6.0053298339561E-5
5.9947979872185E-5
5.9843111615394E-5
5.9738690517231E-5
5.9634713554031E-5
5.9531177730089E-5
5.9428080077331E-5
5.9325417654991E-5
5.9223187549297E-5
5.9121386873149E-5
5.9020012765816E-5
5.8919062392628E-5
5.8818532944675E-5
5.8718421638515E-5
5.8618725715872E-5
5.8519442443356E-5
5.8420569112174E-5
5.8322103037852E-5
5.8224041559957E-5
5.8126382041822E-5
5.8029121870283E-5
5.7932258455406E-5
5.783578923023E-5
5.7739711650507E-5
5.7644023194449E-5
5.7548721362476E-5
5.7453803676965E-5
5.735926768201E-5
5.7265110943179E-5
5.7171331047274E-5
5.7077925602099E-5
5.6984892236227E-5
5.6892228598774E-5
5.6799932359166E-5
5.6708001206928E-5
5.6616432851454E-5
5.6525225021796E-5
5.6434375466448E-5
5.6343881953135E-5
5.6253742268608E-5
5.6163954218432E-5
5.607451562679E-5
5.5985424336279E-5
5.5896678207713E-5
5.5808275119929E-5
5.5720212969594E-5
5.5632489671013E-5
5.5545103155944E-5
5.5458051373414E-5
5.5371332289534E-5
5.5284943887315E-5
5.51988841665E-5
5.5113151143377E-5
5.5027742850614E-5
5.4942657337083E-5
5.485789266769E-5
5.4773446923212E-5
5.4689318200129E-5
5.4605504610462E-5
5.4522004281613E-5
5.4438815356205E-5
5.4355935991923E-5
5.4273364361364E-5
5.419109865188E-5
5.410913706543E-5
5.4027477818428E-5
5.3946119141598E-5
5.3865059279826E-5
5.3784296492018E-5
5.3703829050957E-5
5.3623655243166E-5
5.3543773368765E-5
5.3464181741334E-5
5.3384878687784E-5
5.3305862548216E-5
5.3227131675795E-5
5.3148684436614E-5
5.3070519209572E-5
5.2992634386241E-5
5.2915028370742E-5
5.2837699579623E-5
5.2760646441735E-5
5.2683867398109E-5
5.260736090184E-5
5.2531125417962E-5
5.2455159423341E-5
5.2379461406551E-5
5.2304029867762E-5
5.2228863318632E-5
5.2153960282187E-5
5.2079319292719E-5
5.2004938895671E-5
5.1930817647533E-5
5.1856954115735E-5
5.1783346878541E-5
5.1709994524943E-5
5.1636895654564E-5
5.1564048877553E-5
5.1491452814483E-5
5.1419106096256E-5
5.1347007364002E-5
5.1275155268983E-5
5.1203548472495E-5
5.113218564578E-5
5.1061065469923E-5
5.0990186635766E-5
5.0919547843817E-5
5.0849147804153E-5
5.0778985236339E-5
5.0709058869332E-5
5.0639367441399E-5
5.056990970003E-5
5.0500684401847E-5
5.0431690312527E-5
5.0362926206715E-5
5.0294390867939E-5
5.0226083088532E-5
5.0158001669551E-5
5.0090145420696E-5
5.0022513160228E-5
4.9955103714899E-5
4.9887915919864E-5
4.9820948618616E-5
4.9754200662898E-5
4.9687670912642E-5
4.9621358235882E-5
4.9555261508692E-5
4.9489379615103E-5
4.9423711447041E-5
4.9358255904252E-5
4.929301189423E-5
4.9227978332151E-5
4.9163154140805E-5
4.9098538250524E-5
4.9034129599121E-5
4.8969927131817E-5
4.8905929801182E-5
4.8842136567065E-5
4.8778546396532E-5
4.8715158263805E-5
4.8651971150191E-5
4.858898404403E-5
4.8526195940629E-5
4.8463605842198E-5
4.8401212757793E-5
4.833901570326E-5
4.8277013701168E-5
4.8215205780757E-5
4.815359097788E-5
4.8092168334939E-5
4.8030936900839E-5
4.7969895730925E-5
4.7909043886926E-5
4.7848380436906E-5
4.7787904455205E-5
4.7727615022387E-5
4.7667511225187E-5
4.7607592156458E-5
4.7547856915118E-5
4.7488304606103E-5
4.742893434031E-5
4.7369745234551E-5
4.73107364115E-5
4.7251906999648E-5
4.7193256133248E-5
4.7134782952273E-5
4.7076486602363E-5
4.7018366234782E-5
4.6960421006366E-5
4.6902650079482E-5
4.6845052621976E-5
4.6787627807135E-5
4.6730374813635E-5
4.66732928255E-5
4.6616381032058E-5
4.6559638627895E-5
4.6503064812814E-5
4.6446658791791E-5
4.6390419774932E-5
4.6334346977432E-5
4.6278439619535E-5
4.622269692649E-5
4.616711812851E-5
4.6111702460735E-5
4.6056449163188E-5
4.600135748074E-5
4.5946426663065E-5
4.5891655964608E-5
4.583704464454E-5
4.5782591966724E-5
4.5728297199677E-5
4.5674159616532E-5
4.5620178494999E-5
4.5566353117332E-5
4.5512682770292E-5
4.5459166745109E-5
4.5405804337449E-5
4.5352594847375E-5
4.5299537579317E-5
4.5246631842036E-5
4.5193876948587E-5
4.5141272216287E-5
4.5088816966684E-5
4.5036510525519E-5
4.4984352222696E-5
4.493234139225E-5
4.4880477372313E-5
4.4828759505082E-5
4.4777187136788E-5
4.4725759617666E-5
4.4674476301921E-5
4.4623336547699E-5
4.4572339717056E-5
4.4521485175929E-5
4.4470772294103E-5
4.4420200445187E-5
4.4369769006576E-5
4.4319477359432E-5
4.4269324888645E-5
4.4219310982815E-5
4.4169435034214E-5
4.4119696438764E-5
4.4070094596006E-5
4.4020628909076E-5
4.3971298784674E-5
4.3922103633038E-5
4.3873042867921E-5
4.3824115906556E-5
4.3775322169641E-5
4.3726661081302E-5
4.3678132069075E-5
4.3629734563877E-5
4.358146799998E-5
4.3533331814989E-5
4.3485325449814E-5
4.3437448348647E-5
4.3389699958936E-5
4.3342079731365E-5
4.3294587119823E-5
4.3247221581386E-5
4.3199982576294E-5
4.3152869567921E-5
4.3105882022758E-5
4.3059019410389E-5
4.3012281203467E-5
4.296566687769E-5
4.2919175911783E-5
4.2872807787472E-5
4.2826561989464E-5
4.2780438005426E-5
4.273443532596E-5
4.2688553444584E-5
4.2642791857712E-5
4.2597150064632E-5
4.2551627567482E-5
4.2506223871236E-5
4.2460938483676E-5
4.241577091538E-5
4.2370720679694E-5
4.2325787292715E-5
4.2280970273275E-5
4.2236269142917E-5
4.2191683425874E-5
4.2147212649058E-5
4.210285634203E-5
4.2058614036992E-5
4.2014485268758E-5
4.1970469574744E-5
4.1926566494944E-5
4.1882775571915E-5
4.1839096350756E-5
4.1795528379093E-5
4.175207120706E-5
4.1708724387279E-5
4.1665487474848E-5
4.1622360027318E-5
4.1579341604678E-5
4.1536431769341E-5
4.1493630086122E-5
4.1450936122224E-5
4.140834944722E-5
4.1365869633038E-5
4.1323496253946E-5
4.1281228886532E-5
4.1239067109688E-5
4.1197010504599E-5
4.1155058654723E-5
4.1113211145776E-5
4.1071467565718E-5
4.1029827504735E-5
4.0988290555226E-5
4.0946856311788E-5
4.0905524371197E-5
4.0864294332399E-5
4.0823165796491E-5
4.0782138366709E-5
4.0741211648411E-5
4.0700385249063E-5
4.0659658778228E-5
4.0619031847547E-5
4.0578504070727E-5
4.053807506353E-5
4.0497744443753E-5
4.0457511831219E-5
4.0417376847764E-5
4.0377339117219E-5
4.0337398265401E-5
4.0297553920097E-5
4.025780571105E-5
4.0218153269951E-5
4.0178596230422E-5
4.0139134228002E-5
4.0099766900138E-5
4.0060493886169E-5
4.0021314827317E-5
3.9982229366671E-5
3.9943237149176E-5
3.990433782162E-5
3.9865531032626E-5
3.9826816432633E-5
3.9788193673892E-5
3.9749662410445E-5
3.9711222298121E-5
3.9672872994521E-5
3.9634614159008E-5
3.9596445452691E-5
3.9558366538419E-5
3.9520377080769E-5
3.9482476746032E-5
3.9444665202203E-5
3.9406942118971E-5
3.9369307167707E-5
3.9331760021453E-5
3.9294300354913E-5
3.9256927844439E-5
3.9219642168024E-5
3.9182443005288E-5
3.9145330037473E-5
3.9108302947424E-5
3.9071361419588E-5
3.9034505139996E-5
3.8997733796259E-5
3.8961047077554E-5
3.8924444674616E-5
3.8887926279725E-5
3.8851491586702E-5
3.8815140290895E-5
3.8778872089168E-5
3.8742686679895E-5
3.870658376295E-5
3.8670563039695E-5
3.8634624212973E-5
3.8598766987098E-5
3.8562991067845E-5
3.8527296162441E-5
3.8491681979559E-5
3.8456148229303E-5
3.8420694623204E-5
3.8385320874211E-5
3.8350026696678E-5
3.8314811806358E-5
3.8279675920397E-5
3.8244618757321E-5
3.8209640037028E-5
3.8174739480781E-5
3.8139916811199E-5
3.8105171752251E-5
3.8070504029243E-5
3.8035913368812E-5
3.800139949892E-5
3.7966962148843E-5
3.7932601049161E-5
3.7898315931757E-5
3.7864106529803E-5
3.7829972577755E-5
3.7795913811341E-5
3.776192996756E-5
3.7728020784669E-5
3.7694186002176E-5
3.7660425360837E-5
3.762673860264E-5
3.7593125470807E-5
3.7559585709778E-5
3.752611906521E-5
3.7492725283967E-5
3.7459404114111E-5
3.7426155304899E-5
3.7392978606774E-5
3.7359873771354E-5
3.7326840551433E-5
3.7293878700965E-5
3.7260987975066E-5
3.7228168129997E-5
3.7195418923167E-5
3.7162740113122E-5
3.7130131459534E-5
3.7097592723202E-5
3.7065123666041E-5
3.7032724051077E-5
3.7000393642436E-5
3.6968132205344E-5
3.6935939506118E-5
3.6903815312158E-5
3.687175939194E-5
3.6839771515015E-5
3.6807851451996E-5
3.6775998974557E-5
3.6744213855423E-5
3.6712495868367E-5
3.66808447882E-5
3.6649260390771E-5
3.6617742452954E-5
3.6586290752647E-5
3.6554905068763E-5
3.6523585181227E-5
3.6492330870968E-5
3.6461141919913E-5
3.6430018110983E-5
3.6398959228086E-5
3.6367965056111E-5
3.6337035380924E-5
3.630616998936E-5
3.6275368669219E-5
3.6244631209262E-5
3.62139573992E-5
3.6183347029696E-5
3.6152799892353E-5
3.6122315779713E-5
3.6091894485249E-5
3.6061535803361E-5
3.6031239529372E-5
3.6001005459519E-5
3.5970833390951E-5
3.5940723121722E-5
3.5910674450788E-5
3.5880687177999E-5
3.5850761104098E-5
3.5820896030711E-5
3.5791091760345E-5
3.5761348096384E-5
3.5731664843082E-5
3.5702041805557E-5
3.5672478789789E-5
3.5642975602616E-5
3.5613532051725E-5
3.5584147945649E-5
3.5554823093765E-5
3.5525557306286E-5
3.5496350394256E-5
3.5467202169548E-5
3.543811244486E-5
3.5409081033705E-5
3.5380107750412E-5
3.5351192410121E-5
3.5322334828774E-5
3.5293534823116E-5
3.5264792210686E-5
3.5236106809817E-5
3.5207478439628E-5
3.5178906920022E-5
3.5150392071681E-5
3.512193371606E-5
3.5093531675386E-5
3.5065185772651E-5
3.503689583161E-5
3.5008661676773E-5
3.4980483133407E-5
3.4952360027528E-5
3.4924292185895E-5
3.489627943601E-5
3.4868321606112E-5
3.4840418525175E-5
3.4812570022898E-5
3.4784775929711E-5
3.4757036076761E-5
3.4729350295914E-5
3.4701718419752E-5
3.4674140281562E-5
3.4646615715343E-5
3.4619144555791E-5
3.4591726638303E-5
3.4564361798971E-5
3.4537049874577E-5
3.4509790702591E-5
3.4482584121167E-5
3.4455429969137E-5
3.4428328086011E-5
3.4401278311971E-5
3.4374280487871E-5
3.4347334455227E-5
3.4320440056218E-5
3.4293597133682E-5
3.4266805531113E-5
3.4240065092656E-5
3.4213375663102E-5
3.4186737087891E-5
3.4160149213101E-5
3.4133611885449E-5
3.4107124952288E-5
3.4080688261599E-5
3.4054301661995E-5
3.4027965002711E-5
3.4001678133604E-5
3.3975440905149E-5
3.3949253168438E-5
3.3923114775171E-5
3.389702557766E-5
3.3870985428819E-5
3.3844994182169E-5
3.3819051691826E-5
3.3793157812502E-5
3.3767312399506E-5
3.3741515308731E-5
3.3715766396662E-5
3.3690065520365E-5
3.3664412537487E-5
3.3638807306252E-5
3.3613249685461E-5
3.3587739534486E-5
3.3562276713266E-5
3.3536861082308E-5
3.3511492502682E-5
3.3486170836017E-5
3.3460895944499E-5
3.3435667690871E-5
3.3410485938425E-5
3.3385350551003E-5
3.3360261392992E-5
3.3335218329323E-5
3.3310221225469E-5
3.3285269947437E-5
3.3260364361773E-5
3.3235504335551E-5
3.3210689736379E-5
3.3185920432389E-5
3.3161196292238E-5
3.3136517185105E-5
3.3111882980688E-5
3.30872935492E-5
3.306274876137E-5
3.3038248488436E-5
3.3013792602146E-5
3.2989380974754E-5
3.2965013479016E-5
3.2940689988191E-5
3.2916410376036E-5
3.2892174516802E-5
3.2867982285237E-5
3.2843833556578E-5
3.281972820655E-5
3.2795666111367E-5
3.2771647147723E-5
3.2747671192796E-5
3.2723738124242E-5
3.2699847820195E-5
3.2676000159262E-5
3.2652195020522E-5
3.2628432283524E-5
3.2604711828284E-5
3.2581033535283E-5
3.2557397285464E-5
3.2533802960233E-5
3.2510250441452E-5
3.2486739611439E-5
3.2463270352966E-5
3.2439842549257E-5
3.2416456083985E-5
3.2393110841269E-5
3.2369806705674E-5
3.2346543562207E-5
3.2323321296318E-5
3.2300139793892E-5
3.2276998941252E-5
3.2253898625155E-5
3.2230838732791E-5
3.2207819151778E-5
3.2184839770163E-5
3.2161900476419E-5
3.2139001159442E-5
3.2116141708552E-5
3.2093322013485E-5
3.2070541964398E-5
3.2047801451862E-5
3.2025100366862E-5
3.2002438600794E-5
3.1979816045466E-5
3.1957232593092E-5
3.1934688136291E-5
3.1912182568087E-5
3.1889715781906E-5
3.1867287671575E-5
3.1844898131316E-5
3.1822547055751E-5
3.1800234339893E-5
3.1777959879151E-5
3.175572356932E-5
3.1733525306588E-5
3.1711364987528E-5
3.1689242509099E-5
3.1667157768642E-5
3.164511066388E-5
3.1623101092916E-5
3.160112895423E-5
3.1579194146679E-5
3.1557296569494E-5
3.1535436122279E-5
3.1513612705007E-5
