0.009916467585276922
0.003154897393617702
0.002111683748968797
0.001633188456228144
0.001351067092753727
0.001162454652869655
0.001026311450358761
9.22805348108166E-4
8.41100014405347E-4
7.74740718969184E-4
7.19627437851421E-4
6.73022739176842E-4
6.3302463638735E-4
5.9826779830987E-4
5.67745094691032E-4
5.40696295419304E-4
5.16536074244453E-4
4.94805962896899E-4
4.75141412442388E-4
4.57248673692502E-4
4.40888229322324E-4
4.2586270016113E-4
4.12007870657181E-4
3.99185929497833E-4
3.87280309842326E-4
3.76191702269119E-4
3.65834939387768E-4
3.56136536557936E-4
3.47032732206071E-4
3.38467912637912E-4
3.30393335690962E-4
3.22766088782984E-4
3.15548232376869E-4
3.08706091282136E-4
3.02209664704736E-4
2.96032132343007E-4
2.90149438674352E-4
2.8453994128685E-4
2.79184111972125E-4
2.74064281520646E-4
2.69164420902436E-4
2.64469952888945E-4
2.59967589260689E-4
2.55645189614067E-4
2.51491638477989E-4
2.47496738013575E-4
2.43651114026401E-4
2.3994613339269E-4
2.36373831305351E-4
2.32926846996291E-4
2.29598366798291E-4
2.26382073581467E-4
2.23272101742169E-4
2.20262997041749E-4
2.17349680692758E-4
2.14527417174595E-4
2.11791785331848E-4
2.09138652368949E-4
2.06564150406152E-4
2.04064655305516E-4
2.01636767513074E-4
1.99277294695364E-4
1.96983235976127E-4
1.94751767602709E-4
1.92580229892237E-4
1.90466115325434E-4
1.88407057671351E-4
1.86400822039738E-4
1.84445295769493E-4
1.82538480071818E-4
1.80678482355754E-4
1.78863509171524E-4
1.77091859714096E-4
1.75361919835459E-4
1.73672156519419E-4
1.72021112777538E-4
1.70407402929001E-4
1.68829708230924E-4
1.67286772828931E-4
1.65777400000798E-4
1.64300448668532E-4
1.62854830156664E-4
1.61439505176553E-4
1.60053481018452E-4
1.58695808934696E-4
1.57365581698925E-4
1.56061931327588E-4
1.54784026951204E-4
1.53531072823953E-4
1.5230230646114E-4
1.51096996895016E-4
1.49914443040189E-4
1.48753972160649E-4
1.47614938431057E-4
1.46496721585555E-4
1.45398725647927E-4
1.44320377737391E-4
1.43261126944819E-4
1.42220443274523E-4
1.41197816647178E-4
1.40192755959776E-4
1.39204788198799E-4
1.38233457603129E-4
1.37278324873436E-4
1.36338966425045E-4
1.35414973681501E-4
1.34505952406248E-4
1.33611522070044E-4
1.32731315251865E-4
1.31864977071252E-4
1.31012164650172E-4
1.30172546602615E-4
1.29345802550253E-4
1.28531622662612E-4
1.27729707220324E-4
1.26939766200095E-4
1.26161518880143E-4
1.25394693464926E-4
1.24639026728055E-4
1.23894263672379E-4
1.23160157206275E-4
1.22436467835225E-4
1.21722963367878E-4
1.21019418635756E-4
1.20325615225915E-4
1.19641341225823E-4
1.18966390979826E-4
1.18300564856584E-4
1.17643669026898E-4
1.16995515251392E-4
1.16355920677537E-4
1.15724707645532E-4
1.15101703502611E-4
1.14486740425323E-4
1.13879655249405E-4
1.13280289306867E-4
1.12688488269923E-4
1.12104102001444E-4
1.11526984411609E-4
1.1095699332045E-4
1.10393990326023E-4
1.09837840677922E-4
1.09288413155891E-4
1.08745579953283E-4
1.08209216565166E-4
1.07679201680828E-4
1.07155417080501E-4
1.066377475361E-4
1.06126080715809E-4
1.05620307092316E-4
1.05120319854555E-4
1.04626014822796E-4
1.04137290366917E-4
1.03654047327752E-4
1.0317618894134E-4
1.02703620765984E-4
1.02236250611978E-4
1.01773988473898E-4
1.01316746465343E-4
1.0086443875602E-4
1.00416981511091E-4
9.9974292832658E-5
9.953629270333E-5
9.9102902931757E-5
9.8674047100079E-5
9.824965051318E-5
9.7829640149706E-5
9.7413944614749E-5
9.7002494094151E-5
9.6595220310354E-5
9.6192056479723E-5
9.5792937271319E-5
9.5397798767022E-5
9.5006578422989E-5
9.4619215032365E-5
9.4235648689224E-5
9.3855820753677E-5
9.3479673818107E-5
9.3107151674492E-5
9.2738199282773E-5
9.2372762740223E-5
9.2010789251787E-5
9.1652227101355E-5
9.1297025623929E-5
9.0945135178661E-5
9.0596507122723E-5
9.0251093785975E-5
8.9908848446417E-5
8.956972530638E-5
8.9233679469446E-5
8.8900666918053E-5
8.8570644491777E-5
8.8243569866265E-5
8.7919401532779E-5
8.7598098778359E-5
8.7279621666556E-5
8.6963931018733E-5
8.6650988395909E-5
8.6340756081125E-5
8.6033197062321E-5
8.5728275015696E-5
8.542595428955E-5
8.5126199888574E-5
8.4828977458596E-5
8.4534253271738E-5
8.4241994212001E-5
8.3952167761245E-5
8.3664741985557E-5
8.337968552199E-5
8.3096967565673E-5
8.2816557857266E-5
8.2538426670756E-5
8.2262544801585E-5
8.1988883555093E-5
8.1717414735273E-5
8.1448110633825E-5
8.1180944019498E-5
8.0915888127713E-5
8.065291665046E-5
8.0392003726461E-5
8.0133123931582E-5
7.9876252269497E-5
7.9621364162596E-5
7.9368435443122E-5
7.9117442344533E-5
7.8868361493088E-5
7.8621169899644E-5
7.8375844951656E-5
7.8132364405389E-5
7.7890706378306E-5
7.7650849341667E-5
7.7412772113293E-5
7.7176453850519E-5
7.6941874043317E-5
7.6709012507584E-5
7.64778493786E-5
7.6248365104639E-5
7.6020540440738E-5
7.5794356442608E-5
7.5569794460705E-5
7.534683613443E-5
7.5125463386467E-5
7.4905658417265E-5
7.4687403699638E-5
7.4470681973501E-5
7.4255476240722E-5
7.4041769760098E-5
7.3829546042443E-5
7.3618788845797E-5
7.3409482170737E-5
7.3201610255798E-5
7.2995157573001E-5
7.279010882348E-5
7.2586448933206E-5
7.2384163048812E-5
7.2183236533508E-5
7.1983654963088E-5
7.178540412203E-5
7.1588469999673E-5
7.1392838786487E-5
7.1198496870426E-5
7.1005430833349E-5
7.0813627447535E-5
7.0623073672261E-5
7.0433756650464E-5
7.0245663705465E-5
7.0058782337775E-5
6.9873100221956E-5
6.9688605203562E-5
6.9505285296136E-5
6.9323128678278E-5
6.9142123690765E-5
6.896225883374E-5
6.8783522763959E-5
6.8605904292091E-5
6.8429392380078E-5
6.825397613855E-5
6.8079644824287E-5
6.7906387837746E-5
6.7734194720623E-5
6.7563055153476E-5
6.7392958953396E-5
6.7223896071716E-5
6.7055856591777E-5
6.6888830726736E-5
6.672280881741E-5
6.6557781330177E-5
6.6393738854907E-5
6.623067210294E-5
6.6068571905101E-5
6.590742920976E-5
6.5747235080921E-5
6.5587980696357E-5
6.5429657345776E-5
6.5272256429023E-5
6.5115769454321E-5
6.4960188036544E-5
6.4805503895518E-5
6.4651708854364E-5
6.4498794837864E-5
6.4346753870865E-5
6.4195578076708E-5
6.4045259675691E-5
6.3895790983558E-5
6.3747164410018E-5
6.3599372457289E-5
6.3452407718676E-5
6.3306262877167E-5
6.3160930704061E-5
6.3016404057618E-5
6.287267588174E-5
6.2729739204662E-5
6.2587587137688E-5
6.244621287393E-5
6.2305609687083E-5
6.2165770930217E-5
6.2026690034592E-5
6.1888360508493E-5
6.1750775936088E-5
6.1613929976306E-5
6.1477816361734E-5
6.1342428897535E-5
6.1207761460384E-5
6.1073807997422E-5
6.0940562525232E-5
6.0808019128831E-5
6.0676171960676E-5
6.0545015239697E-5
6.0414543250335E-5
6.0284750341606E-5
6.0155630926174E-5
6.0027179479449E-5
5.989939053869E-5
5.9772258702134E-5
5.9645778628128E-5
5.951994503429E-5
5.9394752696671E-5
5.9270196448939E-5
5.9146271181573E-5
5.9022971841076E-5
5.8900293429194E-5
5.8778231002155E-5
5.8656779669911E-5
5.8535934595409E-5
5.8415690993855E-5
5.8296044132002E-5
5.8176989327451E-5
5.8058521947955E-5
5.794063741074E-5
5.7823331181839E-5
5.7706598775431E-5
5.7590435753192E-5
5.7474837723666E-5
5.735980034163E-5
5.7245319307484E-5
5.7131390366641E-5
5.7018009308931E-5
5.6905171968016E-5
5.6792874220811E-5
5.6681111986915E-5
5.6569881228053E-5
5.6459177947524E-5
5.6348998189662E-5
5.6239338039296E-5
5.6130193621235E-5
5.6021561099743E-5
5.5913436678033E-5
5.5805816597769E-5
5.569869713857E-5
5.5592074617524E-5
5.5485945388713E-5
5.5380305842741E-5
5.527515240627E-5
5.5170481541568E-5
5.5066289746054E-5
5.4962573551861E-5
5.4859329525396E-5
5.4756554266916E-5
5.4654244410099E-5
5.4552396621635E-5
5.4451007600812E-5
5.4350074079113E-5
5.4249592819819E-5
5.4149560617617E-5
5.4049974298214E-5
5.3950830717958E-5
5.385212676346E-5
5.3753859351232E-5
5.3656025427315E-5
5.3558621966928E-5
5.346164597411E-5
5.3365094481376E-5
5.3268964549372E-5
5.3173253266539E-5
5.3077957748776E-5
5.298307513912E-5
5.2888602607414E-5
5.2794537349996E-5
5.2700876589377E-5
5.2607617573941E-5
5.2514757577631E-5
5.2422293899655E-5
5.2330223864184E-5
5.2238544820065E-5
5.2147254140529E-5
5.2056349222908E-5
5.1965827488357E-5
5.1875686381575E-5
5.1785923370534E-5
5.1696535946211E-5
5.1607521622322E-5
5.1518877935064E-5
5.1430602442852E-5
5.1342692726073E-5
5.1255146386827E-5
5.1167961048689E-5
5.1081134356457E-5
5.0994663975919E-5
5.0908547593611E-5
5.0822782916588E-5
5.0737367672188E-5
5.065229960781E-5
5.0567576490686E-5
5.0483196107664E-5
5.0399156264984E-5
5.0315454788068E-5
5.0232089521304E-5
5.014905832784E-5
5.0066359089374E-5
4.9983989705951E-5
4.9901948095762E-5
4.9820232194947E-5
4.9738839957395E-5
4.9657769354556E-5
4.9577018375243E-5
4.9496585025453E-5
4.9416467328173E-5
4.93366633232E-5
4.9257171066959E-5
4.9177988632327E-5
4.9099114108453E-5
4.9020545600585E-5
4.8942281229901E-5
4.8864319133335E-5
4.8786657463413E-5
4.8709294388085E-5
4.8632228090564E-5
4.8555456769167E-5
4.8478978637148E-5
4.8402791922549E-5
4.8326894868045E-5
4.8251285730783E-5
4.8175962782241E-5
4.8100924308071E-5
4.8026168607956E-5
4.7951693995463E-5
4.78774987979E-5
4.7803581356174E-5
4.772994002465E-5
4.7656573171014E-5
4.7583479176137E-5
4.7510656433938E-5
4.7438103351251E-5
4.7365818347698E-5
4.729379985555E-5
4.7222046319607E-5
4.7150556197069E-5
4.7079327957409E-5
4.7008360082248E-5
4.6937651065238E-5
4.6867199411938E-5
4.6797003639694E-5
4.6727062277522E-5
4.6657373865995E-5
4.6587936957121E-5
4.6518750114236E-5
4.6449811911887E-5
4.6381120935727E-5
4.6312675782398E-5
4.6244475059427E-5
4.6176517385121E-5
4.6108801388458E-5
4.604132570898E-5
4.5974088996698E-5
4.5907089911982E-5
4.5840327125467E-5
4.5773799317946E-5
4.5707505180278E-5
4.5641443413287E-5
4.5575612727668E-5
4.551001184389E-5
4.5444639492106E-5
4.5379494412055E-5
4.5314575352972E-5
4.5249881073499E-5
4.5185410341596E-5
4.512116193445E-5
4.5057134638385E-5
4.4993327248783E-5
4.4929738569993E-5
4.4866367415247E-5
4.4803212606576E-5
4.474027297473E-5
4.4677547359093E-5
4.4615034607605E-5
4.4552733576679E-5
4.4490643131127E-5
4.4428762144074E-5
4.4367089496891E-5
4.4305624079108E-5
4.4244364788347E-5
4.4183310530242E-5
4.4122460218369E-5
4.4061812774169E-5
4.4001367126881E-5
4.3941122213464E-5
4.3881076978533E-5
4.3821230374284E-5
4.3761581360429E-5
4.3702128904124E-5
4.3642871979904E-5
4.3583809569618E-5
4.3524940662355E-5
4.3466264254391E-5
4.3407779349111E-5
4.3349484956957E-5
4.3291380095356E-5
4.3233463788662E-5
4.3175735068093E-5
4.311819297167E-5
4.3060836544155E-5
4.3003664836994E-5
4.2946676908256E-5
4.2889871822574E-5
4.2833248651086E-5
4.2776806471383E-5
4.2720544367445E-5
4.2664461429591E-5
4.2608556754418E-5
4.2552829444751E-5
4.2497278609586E-5
4.2441903364036E-5
4.238670282928E-5
4.2331676132506E-5
4.2276822406865E-5
4.2222140791414E-5
4.2167630431067E-5
4.2113290476546E-5
4.2059120084328E-5
4.2005118416598E-5
4.19512846412E-5
4.1897617931585E-5
4.184411746677E-5
4.1790782431283E-5
4.1737612015121E-5
4.1684605413701E-5
4.1631761827817E-5
4.157908046359E-5
4.1526560532428E-5
4.1474201250977E-5
4.1422001841081E-5
4.1369961529733E-5
4.1318079549037E-5
4.1266355136164E-5
4.1214787533307E-5
4.1163375987641E-5
4.1112119751281E-5
4.1061018081244E-5
4.1010070239401E-5
4.0959275492445E-5
4.0908633111846E-5
4.0858142373814E-5
4.0807802559256E-5
4.0757612953744E-5
4.070757284747E-5
4.0657681535212E-5
4.0607938316297E-5
4.0558342494561E-5
4.0508893378312E-5
4.0459590280297E-5
4.0410432517664E-5
4.0361419411926E-5
4.0312550288925E-5
4.0263824478799E-5
4.0215241315945E-5
4.0166800138989E-5
4.0118500290744E-5
4.0070341118185E-5
4.0022321972411E-5
3.9974442208611E-5
3.9926701186036E-5
3.9879098267962E-5
3.983163282166E-5
3.9784304218363E-5
3.9737111833238E-5
3.9690055045349E-5
3.9643133237631E-5
3.9596345796859E-5
3.9549692113615E-5
3.9503171582259E-5
3.9456783600903E-5
3.9410527571374E-5
3.9364402899194E-5
3.9318408993544E-5
3.9272545267237E-5
3.9226811136693E-5
3.9181206021907E-5
3.9135729346424E-5
3.9090380537308E-5
3.9045159025119E-5
3.9000064243884E-5
3.895509563107E-5
3.8910252627556E-5
3.886553467761E-5
3.8820941228862E-5
3.8776471732277E-5
3.873212564213E-5
3.868790241598E-5
3.8643801514648E-5
3.8599822402188E-5
3.8555964545864E-5
3.851222741613E-5
3.8468610486596E-5
3.8425113234013E-5
3.8381735138247E-5
3.8338475682253E-5
3.8295334352054E-5
3.8252310636717E-5
3.8209404028331E-5
3.8166614021984E-5
3.8123940115739E-5
3.8081381810615E-5
3.8038938610561E-5
3.7996610022439E-5
3.7954395555997E-5
3.7912294723853E-5
3.7870307041467E-5
3.7828432027127E-5
3.7786669201924E-5
3.7745018089733E-5
3.770347821719E-5
3.7662049113676E-5
3.7620730311291E-5
3.757952134484E-5
3.753842175181E-5
3.7497431072351E-5
3.7456548849255E-5
3.7415774627941E-5
3.7375107956431E-5
3.7334548385334E-5
3.7294095467826E-5
3.7253748759632E-5
3.7213507819009E-5
3.7173372206724E-5
3.713334148604E-5
3.7093415222693E-5
3.7053592984881E-5
3.7013874343241E-5
3.6974258870833E-5
3.6934746143122E-5
3.6895335737964E-5
3.6856027235585E-5
3.6816820218566E-5
3.6777714271827E-5
3.6738708982607E-5
3.6699803940452E-5
3.6660998737197E-5
3.6622292966947E-5
3.6583686226065E-5
3.6545178113155E-5
3.6506768229045E-5
3.6468456176772E-5
3.6430241561567E-5
3.6392123990837E-5
3.6354103074157E-5
3.6316178423245E-5
3.6278349651954E-5
3.6240616376254E-5
3.6202978214221E-5
3.6165434786017E-5
3.6127985713878E-5
3.6090630622102E-5
3.6053369137031E-5
3.601620088704E-5
3.5979125502519E-5
3.5942142615864E-5
3.590525186146E-5
3.5868452875669E-5
3.5831745296813E-5
3.5795128765166E-5
3.5758602922938E-5
3.5722167414259E-5
3.5685821885171E-5
3.5649565983613E-5
3.5613399359405E-5
3.557732166424E-5
3.5541332551669E-5
3.5505431677089E-5
3.5469618697728E-5
3.5433893272639E-5
3.5398255062679E-5
3.5362703730505E-5
3.5327238940556E-5
3.5291860359045E-5
3.5256567653946E-5
3.522136049498E-5
3.5186238553605E-5
3.5151201503006E-5
3.5116249018081E-5
3.5081380775432E-5
3.5046596453349E-5
3.5011895731807E-5
3.4977278292446E-5
3.4942743818565E-5
3.4908291995111E-5
3.4873922508666E-5
3.4839635047438E-5
3.4805429301249E-5
3.4771304961525E-5
3.4737261721288E-5
3.4703299275139E-5
3.4669417319255E-5
3.4635615551374E-5
3.4601893670787E-5
3.4568251378326E-5
3.4534688376357E-5
3.4501204368767E-5
3.4467799060957E-5
3.4434472159826E-5
3.4401223373772E-5
3.4368052412671E-5
3.4334958987877E-5
3.4301942812204E-5
3.4269003599924E-5
3.4236141066753E-5
3.4203354929842E-5
3.4170644907771E-5
3.4138010720537E-5
3.4105452089546E-5
3.4072968737602E-5
3.4040560388903E-5
3.4008226769025E-5
3.3975967604921E-5
3.3943782624906E-5
3.3911671558653E-5
3.3879634137179E-5
3.3847670092843E-5
3.3815779159332E-5
3.3783961071656E-5
3.375221556614E-5
3.3720542380411E-5
3.3688941253395E-5
3.3657411925308E-5
3.3625954137645E-5
3.3594567633176E-5
3.3563252155933E-5
3.3532007451208E-5
3.350083326554E-5
3.3469729346712E-5
3.3438695443739E-5
3.3407731306862E-5
3.3376836687542E-5
3.3346011338449E-5
3.3315255013458E-5
3.3284567467639E-5
3.3253948457253E-5
3.322339773974E-5
3.3192915073715E-5
3.3162500218959E-5
3.3132152936414E-5
3.3101872988175E-5
3.3071660137481E-5
3.3041514148712E-5
3.3011434787376E-5
3.298142182011E-5
3.2951475014666E-5
3.2921594139909E-5
3.2891778965807E-5
3.2862029263427E-5
3.2832344804926E-5
3.2802725363545E-5
3.2773170713605E-5
3.2743680630498E-5
3.2714254890679E-5
3.2684893271663E-5
3.2655595552018E-5
3.2626361511357E-5
3.2597190930332E-5
3.2568083590629E-5
3.2539039274963E-5
3.2510057767068E-5
3.2481138851693E-5
3.2452282314597E-5
3.2423487942542E-5
3.2394755523287E-5
3.2366084845582E-5
3.2337475699161E-5
3.2308927874739E-5
3.2280441164005E-5
3.2252015359615E-5
3.2223650255188E-5
3.2195345645298E-5
3.2167101325471E-5
3.2138917092179E-5
3.2110792742833E-5
3.2082728075778E-5
3.2054722890289E-5
3.2026776986563E-5
3.1998890165715E-5
3.1971062229775E-5
3.1943292981678E-5
3.1915582225262E-5
3.1887929765262E-5
3.1860335407303E-5
3.1832798957899E-5
3.1805320224444E-5
3.1777899015209E-5
3.1750535139335E-5
3.172322840683E-5
3.1695978628564E-5
3.1668785616261E-5
3.1641649182498E-5
3.1614569140699E-5
3.1587545305129E-5
3.1560577490888E-5
3.1533665513911E-5
3.1506809190959E-5
3.1480008339614E-5
3.1453262778279E-5
3.1426572326169E-5
3.1399936803305E-5
3.1373356030516E-5
3.1346829829428E-5
3.1320358022462E-5
3.1293940432831E-5
3.1267576884532E-5
3.1241267202346E-5
3.1215011211829E-5
3.118880873931E-5
3.1162659611887E-5
3.1136563657423E-5
3.1110520704539E-5
3.1084530582614E-5
3.1058593121775E-5
3.1032708152899E-5
3.1006875507604E-5
3.098109501825E-5
3.0955366517928E-5
3.0929689840462E-5
3.0904064820401E-5
3.0878491293019E-5
3.0852969094306E-5
3.0827498060967E-5
3.0802078030421E-5
3.0776708840788E-5
3.0751390330896E-5
3.0726122340269E-5
3.0700904709127E-5
3.0675737278382E-5
3.0650619889631E-5
3.0625552385159E-5
3.0600534607926E-5
3.0575566401573E-5
3.0550647610411E-5
3.0525778079419E-5
3.0500957654243E-5
3.0476186181192E-5
3.0451463507229E-5
3.0426789479974E-5
3.0402163947699E-5
3.0377586759322E-5
3.0353057764404E-5
3.0328576813148E-5
3.0304143756393E-5
3.0279758445612E-5
3.0255420732908E-5
3.0231130471011E-5
3.0206887513274E-5
3.018269171367E-5
3.0158542926789E-5
3.0134441007834E-5
3.0110385812617E-5
3.0086377197561E-5
3.0062415019687E-5
3.0038499136621E-5
3.0014629406582E-5
2.9990805688388E-5
2.9967027841443E-5
2.9943295725741E-5
2.9919609201862E-5
2.9895968130964E-5
2.9872372374787E-5
2.9848821795644E-5
2.982531625642E-5
2.9801855620572E-5
2.9778439752121E-5
2.9755068515652E-5
2.973174177631E-5
2.9708459399799E-5
2.9685221252375E-5
2.9662027200848E-5
2.9638877112576E-5
2.961577085546E-5
2.959270829795E-5
2.956968930903E-5
2.9546713758226E-5
2.9523781515595E-5
2.9500892451728E-5
2.9478046437746E-5
2.9455243345293E-5
2.9432483046538E-5
2.9409765414173E-5
2.9387090321405E-5
2.9364457641958E-5
2.9341867250069E-5
2.9319319020484E-5
2.9296812828458E-5
2.9274348549751E-5
2.9251926060623E-5
2.9229545237837E-5
2.9207205958651E-5
2.9184908100818E-5
2.9162651542585E-5
2.9140436162686E-5
2.9118261840344E-5
2.9096128455265E-5
2.9074035887638E-5
2.9051984018133E-5
2.9029972727896E-5
2.9008001898548E-5
2.8986071412182E-5
2.8964181151362E-5
2.8942330999118E-5
2.8920520838949E-5
2.8898750554814E-5
2.8877020031132E-5
2.8855329152783E-5
2.8833677805101E-5
2.8812065873875E-5
2.8790493245345E-5
2.8768959806199E-5
2.8747465443573E-5
2.872601004505E-5
2.8704593498651E-5
2.8683215692841E-5
2.866187651652E-5
2.8640575859027E-5
2.8619313610132E-5
2.859808966004E-5
2.8576903899381E-5
2.8555756219215E-5
2.8534646511028E-5
2.8513574666727E-5
2.8492540578641E-5
2.8471544139517E-5
2.8450585242522E-5
2.8429663781233E-5
2.8408779649642E-5
2.8387932742154E-5
2.8367122953579E-5
2.8346350179135E-5
2.8325614314446E-5
2.8304915255537E-5
2.8284252898835E-5
2.8263627141165E-5
2.8243037879748E-5
2.8222485012203E-5
2.8201968436538E-5
2.8181488051154E-5
2.8161043754842E-5
2.814063544678E-5
2.8120263026529E-5
2.8099926394036E-5
2.8079625449629E-5
2.8059360094016E-5
2.8039130228283E-5
2.8018935753892E-5
2.7998776572678E-5
2.7978652586851E-5
2.795856369899E-5
2.7938509812044E-5
2.7918490829328E-5
2.7898506654523E-5
2.7878557191675E-5
2.7858642345189E-5
2.7838762019833E-5
2.7818916120733E-5
2.7799104553369E-5
2.777932722358E-5
2.7759584037557E-5
2.7739874901841E-5
2.7720199723324E-5
2.7700558409248E-5
2.76809508672E-5
2.7661377005112E-5
2.764183673126E-5
2.7622329954261E-5
2.7602856583075E-5
2.7583416526996E-5
2.7564009695658E-5
2.754463599903E-5
2.7525295347415E-5
2.7505987651447E-5
2.7486712822092E-5
2.7467470770644E-5
2.7448261408727E-5
2.7429084648287E-5
2.7409940401599E-5
2.7390828581257E-5
2.7371749100179E-5
2.7352701871602E-5
2.7333686809083E-5
2.7314703826493E-5
2.7295752838022E-5
2.7276833758172E-5
2.7257946501757E-5
2.7239090983904E-5
2.722026712005E-5
2.7201474825938E-5
2.718271401762E-5
2.7163984611451E-5
2.7145286524094E-5
2.7126619672511E-5
2.7107983973967E-5
2.7089379346026E-5
2.7070805706551E-5
2.7052262973702E-5
2.7033751065935E-5
2.7015269902001E-5
2.6996819400941E-5
2.6978399482092E-5
2.6960010065078E-5
2.6941651069814E-5
2.6923322416501E-5
2.6905024025629E-5
2.6886755817971E-5
2.6868517714584E-5
2.6850309636809E-5
2.6832131506266E-5
2.6813983244856E-5
2.679586477476E-5
2.6777776018434E-5
2.6759716898613E-5
2.6741687338303E-5
2.6723687260789E-5
2.6705716589623E-5
2.6687775248632E-5
2.6669863161912E-5
2.6651980253827E-5
2.6634126449009E-5
2.6616301672357E-5
2.6598505849035E-5
2.658073890447E-5
2.6563000764353E-5
2.6545291354636E-5
2.6527610601531E-5
2.6509958431512E-5
2.6492334771307E-5
2.6474739547904E-5
2.6457172688547E-5
2.6439634120732E-5
2.6422123772212E-5
2.6404641570989E-5
2.6387187445321E-5
2.636976132371E-5
2.6352363134913E-5
2.6334992807933E-5
2.6317650272017E-5
2.6300335456663E-5
2.6283048291609E-5
2.626578870684E-5
2.6248556632583E-5
2.6231351999305E-5
2.6214174737715E-5
2.619702477876E-5
2.6179902053627E-5
2.6162806493739E-5
2.6145738030758E-5
2.6128696596576E-5
2.6111682123326E-5
2.6094694543367E-5
2.6077733789297E-5
2.606079979394E-5
2.6043892490353E-5
2.6027011811821E-5
2.6010157691858E-5
2.5993330064205E-5
2.5976528862828E-5
2.595975402192E-5
2.5943005475898E-5
2.59262831594E-5
2.590958700729E-5
2.589291695465E-5
2.5876272936785E-5
2.5859654889217E-5
2.5843062747689E-5
2.582649644816E-5
2.5809955926806E-5
2.5793441120019E-5
2.5776951964406E-5
2.5760488396785E-5
2.5744050354193E-5
2.5727637773872E-5
2.5711250593281E-5
2.5694888750086E-5
2.5678552182162E-5
2.5662240827595E-5
2.5645954624677E-5
2.5629693511906E-5
2.5613457427987E-5
2.5597246311829E-5
2.5581060102547E-5
2.5564898739456E-5
2.5548762162076E-5
2.5532650310127E-5
2.5516563123531E-5
2.5500500542408E-5
2.5484462507079E-5
2.5468448958061E-5
2.5452459836069E-5
2.5436495082016E-5
2.5420554637008E-5
2.5404638442348E-5
2.5388746439531E-5
2.5372878570246E-5
2.5357034776376E-5
2.5341214999993E-5
2.5325419183361E-5
2.5309647268933E-5
2.5293899199353E-5
2.5278174917452E-5
2.5262474366248E-5
2.5246797488947E-5
2.523114422894E-5
2.5215514529805E-5
2.5199908335303E-5
2.5184325589379E-5
2.516876623616E-5
2.5153230219958E-5
2.5137717485262E-5
2.5122227976747E-5
2.5106761639263E-5
2.5091318417843E-5
2.5075898257696E-5
2.5060501104211E-5
2.504512690295E-5
2.5029775599656E-5
2.5014447140244E-5
2.4999141470806E-5
2.4983858537608E-5
2.4968598287087E-5
2.4953360665856E-5
2.4938145620697E-5
2.4922953098565E-5
2.4907783046586E-5
2.4892635412055E-5
2.4877510142435E-5
2.486240718536E-5
2.4847326488629E-5
2.4832268000212E-5
2.4817231668241E-5
2.4802217441018E-5
2.4787225267005E-5
2.4772255094835E-5
2.4757306873298E-5
2.4742380551352E-5
2.4727476078116E-5
2.4712593402869E-5
2.4697732475054E-5
2.4682893244272E-5
2.4668075660287E-5
2.4653279673018E-5
2.4638505232546E-5
2.4623752289108E-5
2.4609020793099E-5
2.4594310695071E-5
2.4579621945731E-5
2.4564954495943E-5
2.4550308296724E-5
2.4535683299246E-5
2.4521079454835E-5
2.4506496714969E-5
2.4491935031278E-5
2.4477394355546E-5
2.4462874639706E-5
2.4448375835842E-5
2.4433897896189E-5
2.4419440773128E-5
2.4405004419193E-5
2.4390588787063E-5
2.4376193829567E-5
2.4361819499679E-5
2.434746575052E-5
2.4333132535358E-5
2.4318819807603E-5
2.4304527520814E-5
2.429025562869E-5
2.4276004085077E-5
2.4261772843962E-5
2.4247561859474E-5
2.4233371085885E-5
2.4219200477608E-5
2.4205049989197E-5
2.4190919575346E-5
2.4176809190887E-5
2.4162718790794E-5
2.4148648330177E-5
2.4134597764285E-5
2.4120567048506E-5
2.4106556138361E-5
2.4092564989512E-5
2.4078593557754E-5
2.4064641799018E-5
2.4050709669369E-5
2.4036797125009E-5
2.402290412227E-5
2.4009030617619E-5
2.3995176567657E-5
2.3981341929116E-5
2.3967526658859E-5
2.3953730713881E-5
2.3939954051308E-5
2.3926196628396E-5
2.3912458402529E-5
2.3898739331224E-5
2.3885039372123E-5
2.3871358482997E-5
2.3857696621747E-5
2.3844053746398E-5
2.3830429815104E-5
2.3816824786144E-5
2.3803238617923E-5
2.3789671268971E-5
2.3776122697945E-5
2.3762592863623E-5
2.3749081724909E-5
2.3735589240829E-5
2.3722115370534E-5
2.3708660073295E-5
2.3695223308506E-5
2.3681805035684E-5
2.3668405214464E-5
2.3655023804604E-5
2.3641660765981E-5
2.3628316058593E-5
2.3614989642555E-5
2.3601681478102E-5
2.3588391525588E-5
2.3575119745484E-5
2.3561866098378E-5
2.3548630544977E-5
2.3535413046101E-5
2.352221356269E-5
2.3509032055797E-5
2.3495868486592E-5
2.3482722816359E-5
2.3469595006495E-5
2.3456485018513E-5
2.3443392814038E-5
2.3430318354811E-5
2.3417261602681E-5
2.3404222519614E-5
2.3391201067684E-5
2.3378197209079E-5
2.3365210906096E-5
2.3352242121145E-5
2.3339290816744E-5
2.3326356955521E-5
2.3313440500215E-5
2.3300541413672E-5
2.3287659658848E-5
2.3274795198806E-5
2.3261947996717E-5
2.324911801586E-5
2.3236305219621E-5
2.3223509571491E-5
2.321073103507E-5
2.319796957406E-5
2.3185225152271E-5
2.3172497733619E-5
2.3159787282121E-5
2.3147093761901E-5
2.3134417137186E-5
2.3121757372305E-5
2.3109114431694E-5
2.3096488279888E-5
2.3083878881526E-5
2.3071286201347E-5
2.3058710204195E-5
2.3046150855012E-5
2.3033608118843E-5
2.3021081960832E-5
2.3008572346224E-5
2.2996079240363E-5
2.2983602608693E-5
2.2971142416756E-5
2.2958698630195E-5
2.2946271214748E-5
2.2933860136254E-5
2.2921465360646E-5
2.2909086853959E-5
2.2896724582321E-5
2.2884378511958E-5
2.2872048609191E-5
2.285973484044E-5
2.2847437172216E-5
2.2835155571128E-5
2.282289000388E-5
2.281064043727E-5
2.2798406838188E-5
2.278618917362E-5
2.2773987410646E-5
2.2761801516437E-5
2.2749631458258E-5
2.2737477203466E-5
2.2725338719511E-5
2.2713215973934E-5
2.2701108934367E-5
2.2689017568534E-5
2.2676941844249E-5
2.2664881729417E-5
2.2652837192034E-5
2.2640808200184E-5
2.2628794722041E-5
2.2616796725869E-5
2.260481418002E-5
2.2592847052936E-5
2.2580895313146E-5
2.2568958929266E-5
2.2557037870001E-5
2.2545132104144E-5
2.2533241600573E-5
2.2521366328254E-5
2.250950625624E-5
2.2497661353667E-5
2.2485831589761E-5
2.247401693383E-5
2.246221735527E-5
2.2450432823559E-5
2.2438663308261E-5
2.2426908779025E-5
2.2415169205583E-5
2.2403444557751E-5
2.2391734805427E-5
2.2380039918596E-5
2.236835986732E-5
2.2356694621749E-5
2.2345044152112E-5
2.2333408428721E-5
2.232178742197E-5
2.2310181102333E-5
2.2298589440366E-5
2.2287012406705E-5
2.2275449972069E-5
2.2263902107254E-5
2.2252368783139E-5
2.2240849970679E-5
2.2229345640912E-5
2.2217855764954E-5
2.2206380313998E-5
2.2194919259317E-5
2.2183472572264E-5
2.2172040224268E-5
2.2160622186835E-5
2.2149218431551E-5
2.2137828930077E-5
2.2126453654153E-5
2.2115092575593E-5
2.210374566629E-5
2.2092412898212E-5
2.2081094243403E-5
2.2069789673982E-5
2.2058499162146E-5
2.2047222680164E-5
2.2035960200381E-5
2.2024711695217E-5
2.2013477137167E-5
2.2002256498797E-5
2.1991049752751E-5
2.1979856871745E-5
2.1968677828566E-5
2.1957512596078E-5
2.1946361147214E-5
2.1935223454984E-5
2.1924099492466E-5
2.1912989232813E-5
2.1901892649249E-5
2.1890809715069E-5
2.187974040364E-5
2.18686846884E-5
2.1857642542858E-5
2.1846613940593E-5
2.1835598855256E-5
2.1824597260567E-5
2.1813609130315E-5
2.1802634438362E-5
2.1791673158635E-5
2.1780725265133E-5
2.1769790731925E-5
2.1758869533145E-5
2.1747961643E-5
2.1737067035762E-5
2.1726185685772E-5
2.171531756744E-5
2.1704462655242E-5
2.1693620923721E-5
2.168279234749E-5
2.1671976901227E-5
2.1661174559676E-5
2.1650385297649E-5
2.1639609090023E-5
2.1628845911742E-5
2.1618095737816E-5
2.1607358543319E-5
2.1596634303393E-5
2.1585922993243E-5
2.157522458814E-5
2.1564539063419E-5
2.155386639448E-5
2.1543206556787E-5
2.1532559525869E-5
2.1521925277318E-5
2.151130378679E-5
2.1500695030005E-5
2.1490098982744E-5
2.1479515620854E-5
2.1468944920243E-5
2.1458386856882E-5
2.1447841406806E-5
2.1437308546109E-5
2.1426788250949E-5
2.1416280497547E-5
2.1405785262183E-5
2.13953025212E-5
2.1384832251002E-5
2.1374374428053E-5
2.136392902888E-5
2.1353496030069E-5
2.1343075408265E-5
2.1332667140177E-5
2.132227120257E-5
2.1311887572273E-5
2.130151622617E-5
2.1291157141207E-5
2.128081029439E-5
2.1270475662783E-5
2.1260153223508E-5
2.1249842953746E-5
2.1239544830738E-5
2.1229258831781E-5
2.1218984934233E-5
2.1208723115507E-5
2.1198473353076E-5
2.1188235624467E-5
2.1178009907269E-5
2.1167796179125E-5
2.1157594417736E-5
2.1147404600859E-5
2.1137226706309E-5
2.1127060711956E-5
2.1116906595728E-5
2.1106764335606E-5
2.109663390963E-5
2.1086515295894E-5
2.1076408472548E-5
2.1066313417797E-5
2.1056230109902E-5
2.1046158527178E-5
2.1036098647996E-5
2.1026050450779E-5
2.1016013914008E-5
2.1005989016215E-5
2.0995975735989E-5
2.0985974051971E-5
2.0975983942856E-5
2.0966005387393E-5
2.0956038364385E-5
2.0946082852687E-5
2.0936138831207E-5
2.0926206278907E-5
2.0916285174801E-5
2.0906375497957E-5
2.0896477227492E-5
2.088659034258E-5
2.0876714822442E-5
2.0866850646355E-5
2.0856997793646E-5
2.0847156243693E-5
2.0837325975926E-5
2.0827506969828E-5
2.081769920493E-5
2.0807902660815E-5
2.0798117317118E-5
2.0788343153523E-5
2.0778580149767E-5
2.0768828285633E-5
2.0759087540958E-5
2.0749357895627E-5
2.0739639329576E-5
2.0729931822789E-5
2.0720235355302E-5
2.0710549907197E-5
2.0700875458609E-5
2.0691211989718E-5
2.0681559480756E-5
2.0671917912003E-5
2.0662287263786E-5
2.0652667516484E-5
2.0643058650519E-5
2.0633460646366E-5
2.0623873484546E-5
2.0614297145627E-5
2.0604731610226E-5
2.0595176859007E-5
2.0585632872682E-5
2.0576099632008E-5
2.0566577117793E-5
2.0557065310887E-5
2.0547564192192E-5
2.0538073742653E-5
2.0528593943262E-5
2.0519124775059E-5
2.050966621913E-5
2.0500218256603E-5
2.0490780868658E-5
2.0481354036517E-5
2.0471937741449E-5
2.0462531964767E-5
2.0453136687832E-5
2.0443751892048E-5
2.0434377558865E-5
2.0425013669777E-5
2.0415660206324E-5
2.040631715009E-5
2.0396984482704E-5
2.0387662185839E-5
2.0378350241213E-5
2.0369048630586E-5
2.0359757335765E-5
2.0350476338599E-5
2.034120562098E-5
2.0331945164846E-5
2.0322694952176E-5
2.0313454964994E-5
2.0304225185367E-5
2.0295005595404E-5
2.0285796177258E-5
2.0276596913124E-5
2.026740778524E-5
2.0258228775887E-5
2.0249059867389E-5
2.0239901042109E-5
2.0230752282456E-5
2.0221613570878E-5
2.0212484889869E-5
2.0203366221959E-5
2.0194257549725E-5
2.0185158855781E-5
2.0176070122787E-5
2.0166991333442E-5
2.0157922470483E-5
2.0148863516694E-5
2.0139814454896E-5
2.0130775267952E-5
2.0121745938764E-5
2.0112726450278E-5
2.0103716785476E-5
2.0094716927385E-5
2.0085726859068E-5
2.007674656363E-5
2.0067776024216E-5
2.005881522401E-5
2.0049864146237E-5
2.004092277416E-5
2.0031991091083E-5
2.0023069080347E-5
2.0014156725335E-5
2.0005254009467E-5
1.9996360916203E-5
1.9987477429042E-5
1.997860353152E-5
1.9969739207215E-5
1.996088443974E-5
1.9952039212747E-5
1.994320350993E-5
1.9934377315016E-5
1.9925560611773E-5
1.9916753384006E-5
1.9907955615559E-5
1.9899167290312E-5
1.9890388392183E-5
1.988161890513E-5
1.9872858813144E-5
1.9864108100257E-5
1.9855366750536E-5
1.9846634748087E-5
1.9837912077051E-5
1.9829198721605E-5
1.9820494665967E-5
1.9811799894387E-5
1.9803114391155E-5
1.9794438140595E-5
1.9785771127067E-5
1.9777113334971E-5
1.9768464748737E-5
1.9759825352837E-5
1.9751195131776E-5
1.9742574070093E-5
1.9733962152367E-5
1.9725359363209E-5
1.9716765687267E-5
1.9708181109225E-5
1.9699605613799E-5
1.9691039185744E-5
1.9682481809848E-5
1.9673933470935E-5
1.9665394153862E-5
1.9656863843523E-5
1.9648342524845E-5
1.963983018279E-5
1.9631326802356E-5
1.9622832368571E-5
1.9614346866503E-5
1.960587028125E-5
1.9597402597945E-5
1.9588943801756E-5
1.9580493877883E-5
1.9572052811562E-5
1.956362058806E-5
1.9555197192681E-5
1.9546782610758E-5
1.9538376827661E-5
1.9529979828793E-5
1.9521591599587E-5
1.9513212125513E-5
1.9504841392071E-5
1.9496479384796E-5
1.9488126089254E-5
1.9479781491045E-5
1.9471445575802E-5
1.9463118329187E-5
1.94547997369E-5
1.9446489784669E-5
1.9438188458255E-5
1.9429895743452E-5
1.9421611626087E-5
1.9413336092016E-5
1.9405069127129E-5
1.9396810717348E-5
1.9388560848625E-5
1.9380319506944E-5
1.9372086678322E-5
1.9363862348806E-5
1.9355646504475E-5
1.9347439131439E-5
1.9339240215838E-5
1.9331049743845E-5
1.9322867701663E-5
1.9314694075525E-5
1.9306528851697E-5
1.9298372016474E-5
1.9290223556181E-5
1.9282083457175E-5
1.9273951705844E-5
1.9265828288603E-5
1.9257713191902E-5
1.9249606402217E-5
1.9241507906056E-5
1.9233417689957E-5
1.9225335740488E-5
1.9217262044246E-5
1.9209196587858E-5
1.9201139357982E-5
1.9193090341304E-5
1.918504952454E-5
1.9177016894435E-5
1.9168992437765E-5
1.9160976141333E-5
1.9152967991971E-5
1.9144967976544E-5
1.9136976081941E-5
1.9128992295083E-5
1.912101660292E-5
1.9113048992428E-5
1.9105089450615E-5
1.9097137964515E-5
1.9089194521193E-5
1.9081259107739E-5
1.9073331711275E-5
1.9065412318949E-5
1.9057500917939E-5
1.9049597495448E-5
1.9041702038711E-5
1.9033814534988E-5
1.9025934971568E-5
1.9018063335768E-5
1.9010199614933E-5
1.9002343796434E-5
1.8994495867671E-5
1.8986655816072E-5
1.8978823629091E-5
1.8970999294211E-5
1.8963182798939E-5
1.8955374130814E-5
1.8947573277398E-5
1.8939780226283E-5
1.8931994965086E-5
1.8924217481451E-5
1.891644776305E-5
1.8908685797581E-5
1.8900931572769E-5
1.8893185076365E-5
1.8885446296148E-5
1.8877715219921E-5
1.8869991835516E-5
1.886227613079E-5
1.8854568093626E-5
1.8846867711934E-5
1.8839174973649E-5
1.8831489866733E-5
1.8823812379174E-5
1.8816142498985E-5
1.8808480214206E-5
1.8800825512901E-5
1.8793178383162E-5
1.8785538813106E-5
1.8777906790873E-5
1.8770282304631E-5
1.8762665342573E-5
1.8755055892917E-5
1.8747453943907E-5
1.8739859483811E-5
1.8732272500923E-5
1.8724692983561E-5
1.871712092007E-5
1.8709556298817E-5
1.8701999108197E-5
1.8694449336628E-5
1.8686906972552E-5
1.8679372004437E-5
1.8671844420777E-5
1.8664324210086E-5
1.8656811360907E-5
1.8649305861805E-5
1.864180770137E-5
1.8634316868216E-5
1.8626833350981E-5
1.8619357138328E-5
1.8611888218944E-5
1.8604426581538E-5
1.8596972214845E-5
1.8589525107624E-5
1.8582085248657E-5
1.8574652626749E-5
1.8567227230729E-5
1.8559809049452E-5
1.8552398071794E-5
1.8544994286654E-5
1.8537597682956E-5
1.8530208249648E-5
1.8522825975699E-5
1.8515450850102E-5
1.8508082861875E-5
1.8500722000057E-5
1.849336825371E-5
1.8486021611921E-5
1.8478682063798E-5
1.8471349598472E-5
1.8464024205098E-5
1.8456705872853E-5
1.8449394590937E-5
1.8442090348571E-5
1.8434793135001E-5
1.8427502939494E-5
1.842021975134E-5
1.8412943559851E-5
1.8405674354362E-5
1.8398412124229E-5
1.8391156858832E-5
1.8383908547571E-5
1.8376667179869E-5
1.8369432745173E-5
1.8362205232948E-5
1.8354984632685E-5
1.8347770933893E-5
1.8340564126107E-5
1.833336419888E-5
1.8326171141788E-5
1.831898494443E-5
1.8311805596424E-5
1.8304633087412E-5
1.8297467407056E-5
1.8290308545039E-5
1.8283156491066E-5
1.8276011234865E-5
1.8268872766181E-5
1.8261741074785E-5
1.8254616150466E-5
1.8247497983035E-5
1.8240386562323E-5
1.8233281878184E-5
1.8226183920491E-5
1.821909267914E-5
1.8212008144044E-5
1.8204930305141E-5
1.8197859152388E-5
1.819079467576E-5
1.8183736865258E-5
1.8176685710898E-5
1.8169641202721E-5
1.8162603330785E-5
1.8155572085169E-5
1.8148547455976E-5
1.8141529433323E-5
1.8134518007353E-5
1.8127513168225E-5
1.8120514906121E-5
1.811352321124E-5
1.8106538073805E-5
1.8099559484055E-5
1.809258743225E-5
1.8085621908673E-5
1.8078662903622E-5
1.8071710407417E-5
1.8064764410399E-5
1.8057824902927E-5
1.8050891875378E-5
1.8043965318153E-5
1.8037045221667E-5
1.803013157636E-5
1.8023224372687E-5
1.8016323601124E-5
1.8009429252167E-5
1.800254131633E-5
1.7995659784147E-5
1.7988784646171E-5
1.7981915892973E-5
1.7975053515144E-5
1.7968197503295E-5
1.7961347848053E-5
1.7954504540068E-5
1.7947667570005E-5
1.794083692855E-5
1.7934012606407E-5
1.7927194594298E-5
1.7920382882966E-5
1.7913577463169E-5
1.7906778325688E-5
1.7899985461318E-5
1.7893198860876E-5
1.7886418515195E-5
1.7879644415128E-5
1.7872876551546E-5
1.7866114915336E-5
1.7859359497408E-5
1.7852610288685E-5
1.7845867280111E-5
1.7839130462649E-5
1.7832399827276E-5
1.7825675364992E-5
1.7818957066811E-5
1.7812244923767E-5
1.7805538926912E-5
1.7798839067314E-5
1.7792145336061E-5
1.7785457724256E-5
1.7778776223022E-5
1.77721008235E-5
1.7765431516846E-5
1.7758768294236E-5
1.7752111146862E-5
1.7745460065934E-5
1.773881504268E-5
1.7732176068345E-5
1.772554313419E-5
1.7718916231495E-5
1.7712295351557E-5
1.770568048569E-5
1.7699071625223E-5
1.7692468761507E-5
1.7685871885905E-5
1.76792809898E-5
1.7672696064592E-5
1.7666117101695E-5
1.7659544092544E-5
1.7652977028588E-5
1.7646415901294E-5
1.7639860702145E-5
1.7633311422642E-5
1.7626768054301E-5
1.7620230588655E-5
1.7613699017256E-5
1.7607173331669E-5
1.7600653523479E-5
1.7594139584283E-5
1.7587631505699E-5
1.758112927936E-5
1.7574632896913E-5
1.7568142350025E-5
1.7561657630376E-5
1.7555178729665E-5
1.7548705639605E-5
1.7542238351927E-5
1.7535776858376E-5
1.7529321150714E-5
1.7522871220721E-5
1.751642706019E-5
1.7509988660932E-5
1.7503556014772E-5
1.7497129113553E-5
1.7490707949133E-5
1.7484292513386E-5
1.74778827982E-5
1.7471478795481E-5
1.7465080497149E-5
1.7458687895142E-5
1.7452300981411E-5
1.7445919747925E-5
1.7439544186666E-5
1.7433174289632E-5
1.7426810048839E-5
1.7420451456315E-5
1.7414098504106E-5
1.7407751184272E-5
1.7401409488889E-5
1.7395073410046E-5
1.7388742939851E-5
1.7382418070425E-5
1.7376098793904E-5
1.7369785102439E-5
1.7363476988197E-5
1.7357174443361E-5
1.7350877460126E-5
1.7344586030704E-5
1.7338300147322E-5
1.7332019802222E-5
1.7325744987659E-5
1.7319475695904E-5
1.7313211919245E-5
1.7306953649981E-5
1.7300700880427E-5
1.7294453602915E-5
1.7288211809789E-5
1.7281975493407E-5
1.7275744646144E-5
1.7269519260389E-5
1.7263299328545E-5
1.7257084843028E-5
1.7250875796271E-5
1.7244672180721E-5
1.7238473988837E-5
1.7232281213094E-5
1.7226093845983E-5
1.7219911880006E-5
1.7213735307682E-5
1.7207564121542E-5
1.7201398314133E-5
1.7195237878013E-5
1.7189082805759E-5
1.7182933089959E-5
1.7176788723214E-5
1.7170649698141E-5
1.7164516007371E-5
1.7158387643548E-5
1.7152264599329E-5
1.7146146867388E-5
1.714003444041E-5
1.7133927311093E-5
1.7127825472153E-5
1.7121728916316E-5
1.7115637636323E-5
1.7109551624928E-5
1.7103470874899E-5
1.7097395379018E-5
1.7091325130081E-5
1.7085260120895E-5
1.7079200344284E-5
1.7073145793083E-5
1.7067096460141E-5
1.7061052338321E-5
1.7055013420498E-5
1.7048979699563E-5
1.7042951168417E-5
1.7036927819976E-5
1.703090964717E-5
1.702489664294E-5
1.7018888800243E-5
1.7012886112046E-5
1.7006888571332E-5
1.7000896171095E-5
1.6994908904344E-5
1.6988926764098E-5
1.6982949743393E-5
1.6976977835274E-5
1.6971011032802E-5
1.696504932905E-5
1.6959092717102E-5
1.6953141190057E-5
1.6947194741027E-5
1.6941253363136E-5
1.6935317049519E-5
1.6929385793327E-5
1.6923459587721E-5
1.6917538425878E-5
1.6911622300983E-5
1.6905711206236E-5
1.6899805134852E-5
1.6893904080054E-5
1.688800803508E-5
1.6882116993181E-5
1.6876230947619E-5
1.6870349891669E-5
1.6864473818618E-5
1.6858602721766E-5
1.6852736594426E-5
1.6846875429921E-5
1.6841019221589E-5
1.6835167962778E-5
1.6829321646849E-5
1.6823480267177E-5
1.6817643817145E-5
1.6811812290153E-5
1.6805985679609E-5
1.6800163978936E-5
1.6794347181568E-5
1.6788535280949E-5
1.6782728270539E-5
1.6776926143808E-5
1.6771128894236E-5
1.6765336515318E-5
1.6759549000559E-5
1.6753766343477E-5
1.6747988537601E-5
1.6742215576473E-5
1.6736447453645E-5
1.6730684162681E-5
1.6724925697159E-5
1.6719172050665E-5
1.6713423216801E-5
1.6707679189177E-5
1.6701939961416E-5
1.6696205527152E-5
1.6690475880033E-5
1.6684751013715E-5
1.6679030921868E-5
1.6673315598172E-5
1.666760503632E-5
1.6661899230015E-5
1.6656198172971E-5
1.6650501858916E-5
1.6644810281586E-5
1.6639123434731E-5
1.663344131211E-5
1.6627763907497E-5
1.6622091214672E-5
1.6616423227431E-5
1.6610759939578E-5
1.660510134493E-5
1.6599447437314E-5
1.6593798210569E-5
1.6588153658544E-5
1.6582513775101E-5
1.6576878554111E-5
1.6571247989457E-5
1.6565622075033E-5
1.6560000804743E-5
1.6554384172503E-5
1.654877217224E-5
1.6543164797891E-5
1.6537562043404E-5
1.653196390274E-5
1.6526370369868E-5
1.6520781438769E-5
1.6515197103434E-5
1.6509617357865E-5
1.6504042196077E-5
1.6498471612092E-5
1.6492905599945E-5
1.6487344153681E-5
1.6481787267355E-5
1.6476234935035E-5
1.6470687150797E-5
1.6465143908728E-5
1.6459605202926E-5
1.64540710275E-5
1.6448541376568E-5
1.644301624426E-5
1.6437495624716E-5
1.6431979512086E-5
1.642646790053E-5
1.642096078422E-5
1.6415458157337E-5
1.6409960014072E-5
1.6404466348627E-5
1.6398977155214E-5
1.6393492428056E-5
1.6388012161385E-5
1.6382536349445E-5
1.6377064986488E-5
1.6371598066778E-5
1.6366135584587E-5
1.6360677534199E-5
1.6355223909907E-5
1.6349774706015E-5
1.6344329916837E-5
1.6338889536697E-5
1.6333453559927E-5
1.6328021980871E-5
1.6322594793884E-5
1.6317171993327E-5
1.6311753573575E-5
1.6306339529011E-5
1.6300929854028E-5
1.6295524543028E-5
1.6290123590425E-5
1.6284726990642E-5
1.6279334738109E-5
1.627394682727E-5
1.6268563252576E-5
1.6263184008489E-5
1.625780908948E-5
1.6252438490029E-5
1.6247072204628E-5
1.6241710227776E-5
1.6236352553983E-5
1.6230999177769E-5
1.6225650093662E-5
1.62203052962E-5
1.6214964779932E-5
1.6209628539416E-5
1.6204296569217E-5
1.6198968863912E-5
1.6193645418087E-5
1.6188326226338E-5
1.6183011283268E-5
1.6177700583491E-5
1.6172394121632E-5
1.6167091892323E-5
1.6161793890204E-5
1.6156500109929E-5
1.6151210546157E-5
1.6145925193558E-5
1.6140644046811E-5
1.6135367100603E-5
1.6130094349634E-5
1.6124825788608E-5
1.6119561412242E-5
1.6114301215261E-5
1.6109045192398E-5
1.6103793338396E-5
1.6098545648007E-5
1.6093302115994E-5
1.6088062737125E-5
1.6082827506179E-5
1.6077596417945E-5
1.6072369467221E-5
1.6067146648811E-5
1.6061927957531E-5
1.6056713388206E-5
1.6051502935667E-5
1.6046296594756E-5
1.6041094360324E-5
1.603589622723E-5
1.6030702190342E-5
1.6025512244538E-5
1.6020326384702E-5
1.6015144605729E-5
1.6009966902523E-5
1.6004793269995E-5
1.5999623703067E-5
1.5994458196666E-5
1.5989296745732E-5
1.598413934521E-5
1.5978985990057E-5
1.5973836675235E-5
1.5968691395718E-5
1.5963550146486E-5
1.5958412922528E-5
1.5953279718844E-5
1.5948150530438E-5
1.5943025352327E-5
1.5937904179534E-5
1.593278700709E-5
1.5927673830037E-5
1.5922564643423E-5
1.5917459442305E-5
1.591235822175E-5
1.590726097683E-5
1.5902167702629E-5
1.5897078394236E-5
1.5891993046752E-5
1.5886911655283E-5
1.5881834214944E-5
1.587676072086E-5
1.5871691168163E-5
1.5866625551993E-5
1.5861563867498E-5
1.5856506109835E-5
1.585145227417E-5
1.5846402355674E-5
1.5841356349529E-5
1.5836314250924E-5
1.5831276055057E-5
1.5826241757133E-5
1.5821211352365E-5
1.5816184835976E-5
1.5811162203194E-5
1.5806143449258E-5
1.5801128569412E-5
1.5796117558911E-5
1.5791110413015E-5
1.5786107126995E-5
1.5781107696128E-5
1.5776112115699E-5
1.5771120381001E-5
1.5766132487336E-5
1.5761148430012E-5
1.5756168204346E-5
1.5751191805663E-5
1.5746219229295E-5
1.5741250470583E-5
1.5736285524874E-5
1.5731324387525E-5
1.5726367053898E-5
1.5721413519365E-5
1.5716463779305E-5
1.5711517829105E-5
1.5706575664159E-5
1.5701637279869E-5
1.5696702671645E-5
1.5691771834904E-5
1.5686844765071E-5
1.5681921457578E-5
1.5677001907866E-5
1.5672086111382E-5
1.5667174063581E-5
1.5662265759926E-5
1.5657361195888E-5
1.5652460366944E-5
1.564756326858E-5
1.5642669896287E-5
1.5637780245567E-5
1.5632894311927E-5
1.5628012090882E-5
1.5623133577955E-5
1.5618258768675E-5
1.5613387658579E-5
1.5608520243213E-5
1.5603656518128E-5
1.5598796478884E-5
1.5593940121047E-5
1.558908744019E-5
1.5584238431897E-5
1.5579393091753E-5
1.5574551415356E-5
1.5569713398309E-5
1.5564879036221E-5
1.556004832471E-5
1.5555221259401E-5
1.5550397835925E-5
1.5545578049922E-5
1.5540761897037E-5
1.5535949372924E-5
1.5531140473243E-5
1.5526335193661E-5
1.5521533529853E-5
1.5516735477501E-5
1.5511941032294E-5
1.5507150189926E-5
1.5502362946102E-5
1.549757929653E-5
1.5492799236928E-5
1.548802276302E-5
1.5483249870536E-5
1.5478480555213E-5
1.5473714812797E-5
1.5468952639039E-5
1.5464194029698E-5
1.5459438980539E-5
1.5454687487335E-5
1.5449939545864E-5
1.5445195151912E-5
1.5440454301274E-5
1.5435716989748E-5
1.543098321314E-5
1.5426252967265E-5
1.5421526247943E-5
1.5416803051E-5
1.5412083372269E-5
1.5407367207592E-5
1.5402654552816E-5
1.5397945403795E-5
1.5393239756388E-5
1.5388537606464E-5
1.5383838949897E-5
1.5379143782566E-5
1.537445210036E-5
1.5369763899172E-5
1.5365079174903E-5
1.5360397923459E-5
1.5355720140756E-5
1.5351045822713E-5
1.5346374965256E-5
1.534170756432E-5
1.5337043615845E-5
1.5332383115776E-5
1.5327726060068E-5
1.532307244468E-5
1.5318422265577E-5
1.5313775518732E-5
1.5309132200125E-5
1.5304492305741E-5
1.5299855831571E-5
1.5295222773614E-5
1.5290593127875E-5
1.5285966890365E-5
1.5281344057101E-5
1.5276724624107E-5
1.5272108587414E-5
1.5267495943058E-5
1.5262886687081E-5
1.5258280815534E-5
1.5253678324472E-5
1.5249079209956E-5
1.5244483468056E-5
1.5239891094844E-5
1.5235302086402E-5
1.5230716438817E-5
1.5226134148182E-5
1.5221555210596E-5
1.5216979622165E-5
1.5212407379001E-5
1.5207838477221E-5
1.520327291295E-5
1.5198710682318E-5
1.5194151781461E-5
1.5189596206521E-5
1.5185043953649E-5
1.5180495018997E-5
1.5175949398728E-5
1.5171407089009E-5
1.5166868086011E-5
1.5162332385914E-5
1.5157799984904E-5
1.5153270879171E-5
1.5148745064913E-5
1.5144222538333E-5
1.513970329564E-5
1.5135187333049E-5
1.5130674646781E-5
1.5126165233064E-5
1.5121659088131E-5
1.511715620822E-5
1.5112656589576E-5
1.5108160228451E-5
1.5103667121101E-5
1.5099177263789E-5
1.5094690652783E-5
1.5090207284358E-5
1.5085727154793E-5
1.5081250260375E-5
1.5076776597396E-5
1.5072306162154E-5
1.5067838950952E-5
1.5063374960099E-5
1.5058914185911E-5
1.5054456624708E-5
1.5050002272817E-5
1.5045551126571E-5
1.5041103182308E-5
1.5036658436371E-5
1.503221688511E-5
1.5027778524881E-5
1.5023343352044E-5
1.5018911362966E-5
1.5014482554019E-5
1.5010056921583E-5
1.5005634462039E-5
1.5001215171778E-5
1.4996799047194E-5
1.4992386084688E-5
1.4987976280666E-5
1.498356963154E-5
1.4979166133727E-5
1.497476578365E-5
1.4970368577737E-5
1.4965974512423E-5
1.4961583584147E-5
1.4957195789354E-5
1.4952811124495E-5
1.4948429586026E-5
1.4944051170407E-5
1.4939675874108E-5
1.4935303693599E-5
1.493093462536E-5
1.4926568665873E-5
1.4922205811627E-5
1.4917846059117E-5
1.4913489404842E-5
1.4909135845309E-5
1.4904785377026E-5
1.490043799651E-5
1.4896093700283E-5
1.4891752484871E-5
1.4887414346807E-5
1.4883079282627E-5
1.4878747288874E-5
1.4874418362097E-5
1.4870092498849E-5
1.4865769695688E-5
1.4861449949179E-5
1.485713325589E-5
1.4852819612397E-5
1.4848509015278E-5
1.484420146112E-5
1.4839896946512E-5
1.483559546805E-5
1.4831297022335E-5
1.4827001605972E-5
1.4822709215573E-5
1.4818419847754E-5
1.4814133499137E-5
1.4809850166348E-5
1.4805569846019E-5
1.4801292534788E-5
1.4797018229295E-5
1.479274692619E-5
1.4788478622124E-5
1.4784213313754E-5
1.4779950997743E-5
1.477569167076E-5
1.4771435329476E-5
1.476718197057E-5
1.4762931590724E-5
1.4758684186627E-5
1.4754439754971E-5
1.4750198292455E-5
1.4745959795782E-5
1.4741724261659E-5
1.4737491686801E-5
1.4733262067924E-5
1.4729035401753E-5
1.4724811685014E-5
1.4720590914441E-5
1.4716373086773E-5
1.4712158198752E-5
1.4707946247125E-5
1.4703737228647E-5
1.4699531140074E-5
1.4695327978168E-5
1.4691127739699E-5
1.4686930421437E-5
1.4682736020161E-5
1.4678544532652E-5
1.4674355955697E-5
1.4670170286088E-5
1.4665987520623E-5
1.4661807656101E-5
1.4657630689331E-5
1.4653456617123E-5
1.4649285436292E-5
1.464511714366E-5
1.4640951736053E-5
1.4636789210301E-5
1.4632629563238E-5
1.4628472791705E-5
1.4624318892546E-5
1.4620167862611E-5
1.4616019698754E-5
1.4611874397834E-5
1.4607731956713E-5
1.4603592372261E-5
1.4599455641351E-5
1.4595321760859E-5
1.4591190727669E-5
1.4587062538667E-5
1.4582937190745E-5
1.45788146808E-5
1.4574695005731E-5
1.4570578162445E-5
1.4566464147852E-5
1.4562352958867E-5
1.4558244592409E-5
1.4554139045403E-5
1.4550036314776E-5
1.4545936397462E-5
1.4541839290398E-5
1.4537744990528E-5
1.4533653494798E-5
1.452956480016E-5
1.4525478903569E-5
1.4521395801985E-5
1.4517315492375E-5
1.4513237971707E-5
1.4509163236956E-5
1.45050912851E-5
1.4501022113122E-5
1.449695571801E-5
1.4492892096755E-5
1.4488831246355E-5
1.4484773163809E-5
1.4480717846124E-5
1.4476665290309E-5
1.4472615493378E-5
1.446856845235E-5
1.4464524164248E-5
1.44604826261E-5
1.4456443834937E-5
1.4452407787795E-5
1.4448374481716E-5
1.4444343913743E-5
1.4440316080927E-5
1.4436290980322E-5
1.4432268608984E-5
1.4428248963977E-5
1.4424232042368E-5
1.4420217841226E-5
1.4416206357629E-5
1.4412197588655E-5
1.4408191531388E-5
1.4404188182916E-5
1.4400187540333E-5
1.4396189600735E-5
1.4392194361222E-5
1.4388201818901E-5
1.438421197088E-5
1.4380224814274E-5
1.4376240346201E-5
1.4372258563783E-5
1.4368279464147E-5
1.4364303044422E-5
1.4360329301745E-5
1.4356358233254E-5
1.4352389836092E-5
1.4348424107407E-5
1.4344461044351E-5
1.4340500644079E-5
1.4336542903752E-5
1.4332587820533E-5
1.4328635391591E-5
1.4324685614098E-5
1.4320738485231E-5
1.431679400217E-5
1.43128521621E-5
1.430891296221E-5
1.4304976399692E-5
1.4301042471745E-5
1.4297111175568E-5
1.4293182508367E-5
1.4289256467352E-5
1.4285333049735E-5
1.4281412252735E-5
1.4277494073571E-5
1.4273578509471E-5
1.4269665557662E-5
1.426575521538E-5
1.426184747986E-5
1.4257942348346E-5
1.4254039818081E-5
1.4250139886316E-5
1.4246242550304E-5
1.4242347807303E-5
1.4238455654574E-5
1.4234566089382E-5
1.4230679108996E-5
1.4226794710691E-5
1.4222912891743E-5
1.4219033649432E-5
1.4215156981045E-5
1.4211282883871E-5
1.4207411355201E-5
1.4203542392334E-5
1.4199675992569E-5
1.4195812153212E-5
1.419195087157E-5
1.4188092144956E-5
1.4184235970687E-5
1.4180382346081E-5
1.4176531268464E-5
1.4172682735163E-5
1.416883674351E-5
1.416499329084E-5
1.4161152374493E-5
1.415731399181E-5
1.415347814014E-5
1.4149644816833E-5
1.4145814019244E-5
1.414198574473E-5
1.4138159990654E-5
1.4134336754382E-5
1.4130516033283E-5
1.4126697824731E-5
1.4122882126103E-5
1.4119068934779E-5
1.4115258248145E-5
1.4111450063589E-5
1.4107644378502E-5
1.4103841190282E-5
1.4100040496326E-5
1.4096242294039E-5
1.4092446580828E-5
1.4088653354103E-5
1.4084862611277E-5
1.4081074349771E-5
1.4077288567005E-5
1.4073505260404E-5
1.4069724427397E-5
1.4065946065418E-5
1.4062170171903E-5
1.4058396744291E-5
1.4054625780026E-5
1.4050857276555E-5
1.404709123133E-5
1.4043327641804E-5
1.4039566505436E-5
1.4035807819688E-5
1.4032051582024E-5
1.4028297789914E-5
1.4024546440831E-5
1.4020797532249E-5
1.4017051061649E-5
1.4013307026514E-5
1.4009565424331E-5
1.400582625259E-5
1.4002089508784E-5
1.3998355190412E-5
1.3994623294974E-5
1.3990893819974E-5
1.3987166762921E-5
1.3983442121326E-5
1.3979719892704E-5
1.3976000074573E-5
1.3972282664456E-5
1.3968567659878E-5
1.3964855058367E-5
1.3961144857456E-5
1.3957437054682E-5
1.3953731647583E-5
1.3950028633702E-5
1.3946328010586E-5
1.3942629775784E-5
1.393893392685E-5
1.3935240461339E-5
1.3931549376813E-5
1.3927860670834E-5
1.3924174340969E-5
1.3920490384788E-5
1.3916808799866E-5
1.3913129583779E-5
1.3909452734108E-5
1.3905778248436E-5
1.3902106124351E-5
1.3898436359443E-5
1.3894768951306E-5
1.3891103897538E-5
1.388744119574E-5
1.3883780843514E-5
1.3880122838469E-5
1.3876467178215E-5
1.3872813860366E-5
1.3869162882541E-5
1.3865514242358E-5
1.3861867937443E-5
1.3858223965422E-5
1.3854582323927E-5
1.385094301059E-5
1.384730602305E-5
1.3843671358947E-5
1.3840039015923E-5
1.3836408991628E-5
1.383278128371E-5
1.3829155889823E-5
1.3825532807625E-5
1.3821912034775E-5
1.3818293568935E-5
1.3814677407774E-5
1.3811063548961E-5
1.3807451990168E-5
1.3803842729072E-5
1.3800235763353E-5
1.3796631090692E-5
1.3793028708776E-5
1.3789428615294E-5
1.3785830807938E-5
1.3782235284404E-5
1.3778642042389E-5
1.3775051079596E-5
1.377146239373E-5
1.3767875982499E-5
1.3764291843614E-5
1.376070997479E-5
1.3757130373744E-5
1.3753553038197E-5
1.3749977965872E-5
1.3746405154497E-5
1.3742834601802E-5
1.373926630552E-5
1.3735700263387E-5
1.3732136473144E-5
1.3728574932531E-5
1.3725015639296E-5
1.3721458591187E-5
1.3717903785955E-5
1.3714351221356E-5
1.3710800895147E-5
1.3707252805091E-5
1.370370694895E-5
1.3700163324492E-5
1.3696621929487E-5
1.3693082761709E-5
1.3689545818934E-5
1.3686011098942E-5
1.3682478599514E-5
1.3678948318437E-5
1.3675420253499E-5
1.367189440249E-5
1.3668370763207E-5
1.3664849333446E-5
1.3661330111008E-5
1.3657813093697E-5
1.3654298279318E-5
1.3650785665682E-5
1.36472752506E-5
1.364376703189E-5
1.3640261007368E-5
1.3636757174857E-5
1.363325553218E-5
1.3629756077165E-5
1.3626258807643E-5
1.3622763721447E-5
1.3619270816412E-5
1.3615780090378E-5
1.3612291541187E-5
1.3608805166684E-5
1.3605320964717E-5
1.3601838933136E-5
1.3598359069796E-5
1.3594881372553E-5
1.3591405839267E-5
1.3587932467799E-5
1.3584461256016E-5
1.3580992201786E-5
1.3577525302979E-5
1.357406055747E-5
1.3570597963135E-5
1.3567137517854E-5
1.356367921951E-5
1.3560223065989E-5
1.3556769055178E-5
1.3553317184968E-5
1.3549867453254E-5
1.3546419857932E-5
1.3542974396903E-5
1.3539531068068E-5
1.3536089869332E-5
1.3532650798605E-5
1.3529213853797E-5
1.3525779032821E-5
1.3522346333594E-5
1.3518915754036E-5
1.3515487292068E-5
1.3512060945616E-5
1.3508636712607E-5
1.3505214590972E-5
1.3501794578644E-5
1.3498376673559E-5
1.3494960873656E-5
1.3491547176876E-5
1.3488135581164E-5
1.3484726084467E-5
1.3481318684734E-5
1.3477913379919E-5
1.3474510167976E-5
1.3471109046864E-5
1.3467710014543E-5
1.3464313068976E-5
1.3460918208131E-5
1.3457525429976E-5
1.3454134732482E-5
1.3450746113624E-5
1.3447359571379E-5
1.3443975103726E-5
1.3440592708649E-5
1.3437212384132E-5
1.3433834128163E-5
1.3430457938732E-5
1.3427083813833E-5
1.3423711751462E-5
1.3420341749616E-5
1.3416973806297E-5
1.341360791951E-5
1.3410244087259E-5
1.3406882307555E-5
1.3403522578409E-5
1.3400164897836E-5
1.3396809263852E-5
1.3393455674478E-5
1.3390104127734E-5
1.3386754621648E-5
1.3383407154244E-5
1.3380061723555E-5
1.3376718327613E-5
1.3373376964453E-5
1.3370037632112E-5
1.3366700328632E-5
1.3363365052055E-5
1.3360031800428E-5
1.3356700571798E-5
1.3353371364217E-5
1.3350044175737E-5
1.3346719004415E-5
1.3343395848309E-5
1.334007470548E-5
1.3336755573993E-5
1.3333438451913E-5
1.3330123337308E-5
1.3326810228252E-5
1.3323499122816E-5
1.3320190019078E-5
1.3316882915117E-5
1.3313577809013E-5
1.3310274698851E-5
1.3306973582717E-5
1.3303674458701E-5
1.3300377324893E-5
1.3297082179388E-5
1.3293789020282E-5
1.3290497845675E-5
1.3287208653667E-5
1.3283921442363E-5
1.3280636209869E-5
1.3277352954294E-5
1.3274071673749E-5
1.3270792366349E-5
1.3267515030209E-5
1.3264239663449E-5
1.326096626419E-5
1.3257694830555E-5
1.3254425360671E-5
1.3251157852667E-5
1.3247892304672E-5
1.3244628714821E-5
1.3241367081251E-5
1.3238107402098E-5
1.3234849675504E-5
1.3231593899612E-5
1.3228340072568E-5
1.322508819252E-5
1.3221838257618E-5
1.3218590266016E-5
1.3215344215867E-5
1.3212100105331E-5
1.3208857932567E-5
1.3205617695737E-5
1.3202379393007E-5
1.3199143022543E-5
1.3195908582516E-5
1.3192676071097E-5
1.318944548646E-5
1.3186216826782E-5
1.3182990090243E-5
1.3179765275024E-5
1.3176542379308E-5
1.3173321401281E-5
1.3170102339133E-5
1.3166885191054E-5
1.3163669955237E-5
1.3160456629877E-5
1.3157245213173E-5
1.3154035703325E-5
1.3150828098535E-5
1.3147622397007E-5
1.314441859695E-5
1.3141216696572E-5
1.3138016694086E-5
1.3134818587705E-5
1.3131622375646E-5
1.3128428056127E-5
1.3125235627369E-5
1.3122045087596E-5
1.3118856435032E-5
1.3115669667907E-5
1.311248478445E-5
1.3109301782893E-5
1.3106120661471E-5
1.3102941418421E-5
1.3099764051981E-5
1.3096588560395E-5
1.3093414941904E-5
1.3090243194756E-5
1.3087073317198E-5
1.3083905307481E-5
1.3080739163857E-5
1.3077574884582E-5
1.3074412467912E-5
1.3071251912107E-5
1.3068093215428E-5
1.306493637614E-5
1.3061781392508E-5
1.30586282628E-5
1.3055476985288E-5
1.3052327558244E-5
1.3049179979942E-5
1.3046034248661E-5
1.3042890362678E-5
1.3039748320276E-5
1.3036608119739E-5
1.3033469759352E-5
1.3030333237403E-5
1.3027198552183E-5
1.3024065701984E-5
1.30209346851E-5
1.3017805499829E-5
1.3014678144469E-5
1.3011552617321E-5
1.3008428916689E-5
1.3005307040879E-5
1.3002186988197E-5
1.2999068756953E-5
1.299595234546E-5
1.2992837752031E-5
1.2989724974982E-5
1.2986614012632E-5
1.2983504863302E-5
1.2980397525313E-5
1.297729199699E-5
1.2974188276661E-5
1.2971086362653E-5
1.2967986253299E-5
1.2964887946931E-5
1.2961791441885E-5
1.2958696736498E-5
1.2955603829108E-5
1.2952512718059E-5
1.2949423401694E-5
1.2946335878357E-5
1.2943250146398E-5
1.2940166204166E-5
1.2937084050013E-5
1.2934003682293E-5
1.2930925099363E-5
1.292784829958E-5
1.2924773281304E-5
1.2921700042899E-5
1.2918628582729E-5
1.291555889916E-5
1.291249099056E-5
1.2909424855301E-5
1.2906360491754E-5
1.2903297898295E-5
1.2900237073301E-5
1.2897178015149E-5
1.2894120722221E-5
1.28910651929E-5
1.2888011425571E-5
1.2884959418619E-5
1.2881909170436E-5
1.287886067941E-5
1.2875813943936E-5
1.2872768962408E-5
1.2869725733223E-5
1.286668425478E-5
1.2863644525481E-5
1.2860606543727E-5
1.2857570307924E-5
1.285453581648E-5
1.2851503067802E-5
1.2848472060302E-5
1.2845442792394E-5
1.2842415262491E-5
1.283938946901E-5
1.2836365410372E-5
1.2833343084995E-5
1.2830322491304E-5
1.2827303627723E-5
1.2824286492679E-5
1.28212710846E-5
1.2818257401917E-5
1.2815245443063E-5
1.2812235206472E-5
1.2809226690581E-5
1.2806219893828E-5
1.2803214814653E-5
1.28002114515E-5
1.2797209802812E-5
1.2794209867035E-5
1.2791211642617E-5
1.2788215128009E-5
1.2785220321663E-5
1.2782227222032E-5
1.2779235827572E-5
1.2776246136741E-5
1.2773258147999E-5
1.2770271859807E-5
1.2767287270629E-5
1.2764304378929E-5
1.2761323183175E-5
1.2758343681837E-5
1.2755365873385E-5
1.2752389756293E-5
1.2749415329034E-5
1.2746442590086E-5
1.2743471537927E-5
1.2740502171038E-5
1.2737534487902E-5
1.2734568487001E-5
1.2731604166823E-5
1.2728641525855E-5
1.2725680562588E-5
1.2722721275512E-5
1.2719763663121E-5
1.2716807723911E-5
1.2713853456379E-5
1.2710900859024E-5
1.2707949930346E-5
1.270500066885E-5
1.2702053073038E-5
1.2699107141418E-5
1.2696162872498E-5
1.2693220264788E-5
1.26902793168E-5
1.2687340027048E-5
1.2684402394047E-5
1.2681466416315E-5
1.267853209237E-5
1.2675599420735E-5
1.2672668399931E-5
1.2669739028484E-5
1.266681130492E-5
1.2663885227767E-5
1.2660960795555E-5
1.2658038006816E-5
1.2655116860083E-5
1.2652197353894E-5
1.2649279486783E-5
1.2646363257291E-5
1.2643448663958E-5
1.2640535705327E-5
1.2637624379942E-5
1.2634714686349E-5
1.2631806623097E-5
1.2628900188734E-5
1.2625995381813E-5
1.2623092200886E-5
1.2620190644509E-5
1.2617290711238E-5
1.2614392399632E-5
1.2611495708251E-5
1.2608600635657E-5
1.2605707180414E-5
1.2602815341087E-5
1.2599925116244E-5
1.2597036504453E-5
1.2594149504285E-5
1.2591264114312E-5
1.2588380333109E-5
1.2585498159253E-5
1.2582617591319E-5
1.2579738627888E-5
1.2576861267541E-5
1.257398550886E-5
1.2571111350431E-5
1.2568238790838E-5
1.2565367828671E-5
1.2562498462518E-5
1.2559630690972E-5
1.2556764512625E-5
1.2553899926072E-5
1.255103692991E-5
1.2548175522736E-5
1.254531570315E-5
1.2542457469755E-5
1.2539600821152E-5
1.2536745755948E-5
1.2533892272749E-5
1.2531040370162E-5
1.2528190046798E-5
1.2525341301268E-5
1.2522494132187E-5
1.2519648538168E-5
1.2516804517828E-5
1.2513962069786E-5
1.2511121192661E-5
1.2508281885076E-5
1.2505444145653E-5
1.2502607973017E-5
1.2499773365796E-5
1.2496940322616E-5
1.2494108842108E-5
1.2491278922904E-5
1.2488450563637E-5
1.2485623762941E-5
1.2482798519452E-5
1.247997483181E-5
1.2477152698653E-5
1.2474332118624E-5
1.2471513090364E-5
1.2468695612518E-5
1.2465879683733E-5
1.2463065302656E-5
1.2460252467938E-5
1.2457441178228E-5
1.245463143218E-5
1.2451823228448E-5
1.2449016565687E-5
1.2446211442556E-5
1.2443407857712E-5
1.2440605809818E-5
1.2437805297535E-5
1.2435006319527E-5
1.243220887446E-5
1.2429412961E-5
1.2426618577816E-5
1.2423825723579E-5
1.242103439696E-5
1.2418244596633E-5
1.2415456321272E-5
1.2412669569554E-5
1.2409884340158E-5
1.2407100631763E-5
1.240431844305E-5
1.2401537772701E-5
1.2398758619402E-5
1.2395980981839E-5
1.2393204858698E-5
1.239043024867E-5
1.2387657150443E-5
1.2384885562712E-5
1.2382115484168E-5
1.2379346913509E-5
1.2376579849429E-5
1.2373814290629E-5
1.2371050235808E-5
1.2368287683666E-5
1.2365526632908E-5
1.2362767082237E-5
1.236000903036E-5
1.2357252475984E-5
1.2354497417818E-5
1.2351743854573E-5
1.2348991784961E-5
1.2346241207695E-5
1.2343492121492E-5
1.2340744525067E-5
1.2337998417139E-5
1.2335253796427E-5
1.2332510661653E-5
1.2329769011539E-5
1.232702884481E-5
1.2324290160191E-5
1.2321552956409E-5
1.2318817232194E-5
1.2316082986275E-5
1.2313350217385E-5
1.2310618924255E-5
1.2307889105622E-5
1.2305160760221E-5
1.2302433886791E-5
1.2299708484069E-5
1.2296984550796E-5
1.2294262085716E-5
1.2291541087571E-5
1.2288821555106E-5
1.2286103487068E-5
1.2283386882205E-5
1.2280671739266E-5
1.2277958057003E-5
1.2275245834167E-5
1.2272535069512E-5
1.2269825761795E-5
1.226711790977E-5
1.2264411512198E-5
1.2261706567837E-5
1.2259003075448E-5
1.2256301033794E-5
1.2253600441639E-5
1.2250901297749E-5
1.224820360089E-5
1.2245507349831E-5
1.2242812543341E-5
1.2240119180192E-5
1.2237427259155E-5
1.2234736779006E-5
1.223204773852E-5
1.2229360136473E-5
1.2226673971644E-5
1.2223989242813E-5
1.222130594876E-5
1.2218624088269E-5
1.2215943660123E-5
1.2213264663108E-5
1.2210587096011E-5
1.2207910957619E-5
1.2205236246723E-5
1.2202562962114E-5
1.2199891102583E-5
1.2197220666925E-5
1.2194551653935E-5
1.219188406241E-5
1.2189217891147E-5
1.2186553138946E-5
1.2183889804609E-5
1.2181227886936E-5
1.2178567384732E-5
1.2175908296802E-5
1.2173250621952E-5
1.2170594358989E-5
1.2167939506723E-5
1.2165286063965E-5
1.2162634029526E-5
1.2159983402219E-5
1.2157334180859E-5
1.2154686364262E-5
1.2152039951246E-5
1.2149394940628E-5
1.214675133123E-5
1.2144109121872E-5
1.2141468311377E-5
1.213882889857E-5
1.2136190882276E-5
1.2133554261321E-5
1.2130919034534E-5
1.2128285200745E-5
1.2125652758784E-5
1.2123021707484E-5
1.2120392045678E-5
1.21177637722E-5
1.2115136885888E-5
1.2112511385579E-5
1.2109887270112E-5
1.2107264538327E-5
1.2104643189065E-5
1.210202322117E-5
1.2099404633485E-5
1.2096787424857E-5
1.2094171594132E-5
1.2091557140158E-5
1.2088944061786E-5
1.2086332357865E-5
1.2083722027248E-5
1.2081113068788E-5
1.2078505481341E-5
1.2075899263761E-5
1.2073294414908E-5
1.2070690933639E-5
1.2068088818814E-5
1.2065488069295E-5
1.2062888683944E-5
1.2060290661625E-5
1.2057694001203E-5
1.2055098701546E-5
1.205250476152E-5
1.2049912179994E-5
1.204732095584E-5
1.2044731087929E-5
1.2042142575133E-5
1.2039555416327E-5
1.2036969610386E-5
1.2034385156188E-5
1.2031802052609E-5
1.2029220298531E-5
1.2026639892832E-5
1.2024060834395E-5
1.2021483122104E-5
1.2018906754842E-5
1.2016331731495E-5
1.2013758050951E-5
1.2011185712097E-5
1.2008614713823E-5
1.2006045055019E-5
1.2003476734578E-5
1.2000909751393E-5
1.1998344104358E-5
1.1995779792369E-5
1.1993216814324E-5
1.1990655169119E-5
1.1988094855656E-5
1.1985535872834E-5
1.1982978219555E-5
1.1980421894723E-5
1.1977866897243E-5
1.1975313226019E-5
1.1972760879959E-5
1.1970209857971E-5
1.1967660158965E-5
1.196511178185E-5
1.196256472554E-5
1.1960018988946E-5
1.1957474570983E-5
1.1954931470568E-5
1.1952389686616E-5
1.1949849218046E-5
1.1947310063776E-5
1.1944772222727E-5
1.1942235693822E-5
1.1939700475982E-5
1.1937166568131E-5
1.1934633969196E-5
1.1932102678102E-5
1.1929572693776E-5
1.1927044015149E-5
1.192451664115E-5
1.192199057071E-5
1.1919465802762E-5
1.1916942336239E-5
1.1914420170077E-5
1.1911899303211E-5
1.1909379734578E-5
1.1906861463118E-5
1.190434448777E-5
1.1901828807474E-5
1.1899314421172E-5
1.1896801327809E-5
1.1894289526327E-5
1.1891779015673E-5
1.1889269794794E-5
1.1886761862637E-5
1.1884255218151E-5
1.1881749860287E-5
1.1879245787997E-5
1.1876743000232E-5
1.1874241495946E-5
1.1871741274095E-5
1.1869242333634E-5
1.1866744673522E-5
1.1864248292715E-5
1.1861753190175E-5
1.1859259364861E-5
1.1856766815736E-5
1.1854275541762E-5
1.1851785541904E-5
1.1849296815127E-5
1.1846809360398E-5
1.1844323176684E-5
1.1841838262955E-5
1.1839354618179E-5
1.1836872241329E-5
1.1834391131377E-5
1.1831911287295E-5
1.1829432708059E-5
1.1826955392645E-5
1.1824479340028E-5
1.1822004549187E-5
1.1819531019101E-5
1.181705874875E-5
1.1814587737115E-5
1.181211798318E-5
1.1809649485927E-5
1.1807182244341E-5
1.1804716257409E-5
1.1802251524117E-5
1.1799788043452E-5
1.1797325814406E-5
1.1794864835966E-5
1.1792405107126E-5
1.1789946626878E-5
1.1787489394215E-5
1.1785033408132E-5
1.1782578667625E-5
1.1780125171692E-5
1.1777672919329E-5
1.1775221909537E-5
1.1772772141315E-5
1.1770323613665E-5
1.176787632559E-5
1.1765430276093E-5
1.1762985464178E-5
1.1760541888853E-5
1.1758099549122E-5
1.1755658443996E-5
1.1753218572482E-5
1.175077993359E-5
1.1748342526333E-5
1.1745906349722E-5
1.174347140277E-5
1.1741037684493E-5
1.1738605193906E-5
1.1736173930025E-5
1.1733743891869E-5
1.1731315078456E-5
1.1728887488806E-5
1.1726461121939E-5
1.1724035976879E-5
1.1721612052648E-5
1.171918934827E-5
1.1716767862771E-5
1.1714347595177E-5
1.1711928544515E-5
1.1709510709814E-5
1.1707094090103E-5
1.1704678684413E-5
1.1702264491775E-5
1.1699851511223E-5
1.169743974179E-5
1.169502918251E-5
1.169261983242E-5
1.1690211690557E-5
1.1687804755958E-5
1.1685399027663E-5
1.1682994504711E-5
1.1680591186144E-5
1.1678189071003E-5
1.1675788158333E-5
1.1673388447177E-5
1.167098993658E-5
1.166859262559E-5
1.1666196513252E-5
1.1663801598617E-5
1.1661407880732E-5
1.1659015358649E-5
1.1656624031418E-5
1.1654233898094E-5
1.1651844957728E-5
1.1649457209376E-5
1.1647070652093E-5
1.1644685284937E-5
1.1642301106963E-5
1.1639918117232E-5
1.1637536314803E-5
1.1635155698736E-5
1.1632776268094E-5
1.1630398021939E-5
1.1628020959335E-5
1.1625645079346E-5
1.1623270381039E-5
1.162089686348E-5
1.1618524525737E-5
1.1616153366879E-5
1.1613783385976E-5
1.1611414582098E-5
1.1609046954318E-5
1.1606680501708E-5
1.1604315223341E-5
1.1601951118294E-5
1.1599588185642E-5
1.1597226424461E-5
1.159486583383E-5
1.1592506412826E-5
1.1590148160531E-5
1.1587791076025E-5
1.1585435158389E-5
1.1583080406707E-5
1.1580726820062E-5
1.1578374397539E-5
1.1576023138224E-5
1.1573673041203E-5
1.1571324105564E-5
1.1568976330396E-5
1.1566629714789E-5
1.1564284257833E-5
1.156193995862E-5
1.1559596816242E-5
1.1557254829793E-5
1.1554913998368E-5
1.1552574321062E-5
1.1550235796971E-5
1.1547898425193E-5
1.1545562204827E-5
1.1543227134972E-5
1.1540893214728E-5
1.1538560443196E-5
1.153622881948E-5
1.1533898342681E-5
1.1531569011904E-5
1.1529240826256E-5
1.152691378484E-5
1.1524587886765E-5
1.152226313114E-5
1.1519939517071E-5
1.1517617043671E-5
1.1515295710048E-5
1.1512975515316E-5
1.1510656458587E-5
1.1508338538975E-5
1.1506021755595E-5
1.1503706107562E-5
1.1501391593992E-5
1.1499078214004E-5
1.1496765966716E-5
1.1494454851246E-5
1.1492144866716E-5
1.1489836012247E-5
1.148752828696E-5
1.1485221689979E-5
1.1482916220429E-5
1.1480611877433E-5
1.1478308660118E-5
1.1476006567612E-5
1.1473705599041E-5
1.1471405753534E-5
1.1469107030221E-5
1.1466809428232E-5
1.14645129467E-5
1.1462217584756E-5
1.1459923341533E-5
1.1457630216167E-5
1.1455338207791E-5
1.1453047315543E-5
1.1450757538559E-5
1.1448468875977E-5
1.1446181326936E-5
1.1443894890575E-5
1.1441609566036E-5
1.1439325352459E-5
1.1437042248988E-5
1.1434760254765E-5
1.1432479368935E-5
1.1430199590644E-5
1.1427920919036E-5
1.142564335326E-5
1.1423366892462E-5
1.1421091535792E-5
1.14188172824E-5
1.1416544131436E-5
1.1414272082051E-5
1.1412001133398E-5
1.140973128463E-5
1.1407462534901E-5
1.1405194883367E-5
1.1402928329183E-5
1.1400662871505E-5
1.1398398509493E-5
1.1396135242304E-5
1.1393873069098E-5
1.1391611989034E-5
1.1389352001276E-5
1.1387093104984E-5
1.1384835299321E-5
1.1382578583452E-5
1.1380322956541E-5
1.1378068417754E-5
1.1375814966257E-5
1.1373562601219E-5
1.1371311321806E-5
1.1369061127188E-5
1.1366812016535E-5
1.1364563989019E-5
1.136231704381E-5
1.1360071180081E-5
1.1357826397007E-5
1.135558269376E-5
1.1353340069517E-5
1.1351098523454E-5
1.1348858054747E-5
1.1346618662574E-5
1.1344380346114E-5
1.1342143104547E-5
1.1339906937052E-5
1.1337671842811E-5
1.1335437821006E-5
1.133320487082E-5
1.1330972991437E-5
1.1328742182042E-5
1.1326512441819E-5
1.1324283769956E-5
1.1322056165639E-5
1.1319829628056E-5
1.1317604156397E-5
1.1315379749851E-5
1.1313156407609E-5
1.1310934128861E-5
1.1308712912801E-5
1.1306492758621E-5
1.1304273665516E-5
1.130205563268E-5
1.1299838659308E-5
1.1297622744598E-5
1.1295407887746E-5
1.1293194087951E-5
1.1290981344411E-5
1.1288769656326E-5
1.1286559022898E-5
1.1284349443327E-5
1.1282140916815E-5
1.1279933442566E-5
1.1277727019783E-5
1.1275521647672E-5
1.1273317325437E-5
1.1271114052286E-5
1.1268911827426E-5
1.1266710650064E-5
1.1264510519409E-5
1.1262311434671E-5
1.1260113395061E-5
1.125791639979E-5
1.125572044807E-5
1.1253525539113E-5
1.1251331672135E-5
1.1249138846348E-5
1.1246947060969E-5
1.1244756315214E-5
1.12425666083E-5
1.1240377939444E-5
1.1238190307865E-5
1.1236003712783E-5
1.1233818153417E-5
1.123163362899E-5
1.1229450138722E-5
1.1227267681836E-5
1.1225086257555E-5
1.1222905865105E-5
1.122072650371E-5
1.1218548172595E-5
1.1216370870987E-5
1.1214194598115E-5
1.1212019353205E-5
1.1209845135487E-5
1.1207671944191E-5
1.1205499778547E-5
1.1203328637787E-5
1.1201158521142E-5
1.1198989427846E-5
1.1196821357133E-5
1.1194654308237E-5
1.1192488280393E-5
1.1190323272837E-5
1.1188159284807E-5
1.118599631554E-5
1.1183834364274E-5
1.1181673430248E-5
1.1179513512704E-5
1.117735461088E-5
1.117519672402E-5
1.1173039851365E-5
1.1170883992157E-5
1.1168729145643E-5
1.1166575311065E-5
1.1164422487669E-5
1.1162270674702E-5
1.116011987141E-5
1.1157970077041E-5
1.1155821290844E-5
1.1153673512067E-5
1.1151526739962E-5
1.1149380973778E-5
1.1147236212767E-5
1.1145092456182E-5
1.1142949703276E-5
1.1140807953301E-5
1.1138667205515E-5
1.113652745917E-5
1.1134388713524E-5
1.1132250967833E-5
1.1130114221356E-5
1.112797847335E-5
1.1125843723074E-5
1.1123709969789E-5
1.1121577212755E-5
1.1119445451234E-5
1.1117314684487E-5
1.1115184911777E-5
1.1113056132369E-5
1.1110928345526E-5
1.1108801550515E-5
1.1106675746599E-5
1.1104550933047E-5
1.1102427109126E-5
1.1100304274103E-5
1.1098182427248E-5
1.1096061567829E-5
1.1093941695119E-5
1.1091822808386E-5
1.1089704906904E-5
1.1087587989945E-5
1.1085472056783E-5
1.108335710669E-5
1.1081243138942E-5
1.1079130152815E-5
1.1077018147584E-5
1.1074907122527E-5
1.1072797076921E-5
1.1070688010045E-5
1.1068579921177E-5
1.1066472809599E-5
1.1064366674589E-5
1.106226151543E-5
1.1060157331403E-5
1.1058054121792E-5
1.105595188588E-5
1.1053850622951E-5
1.1051750332289E-5
1.1049651013182E-5
1.1047552664914E-5
1.1045455286773E-5
1.1043358878047E-5
1.1041263438025E-5
1.1039168965995E-5
1.1037075461248E-5
1.1034982923074E-5
1.1032891350764E-5
1.1030800743611E-5
1.1028711100908E-5
1.1026622421947E-5
1.1024534706024E-5
1.1022447952433E-5
1.1020362160469E-5
1.1018277329429E-5
1.1016193458611E-5
1.1014110547312E-5
1.1012028594829E-5
1.1009947600464E-5
1.1007867563514E-5
1.1005788483281E-5
1.1003710359067E-5
1.1001633190172E-5
1.0999556975901E-5
1.0997481715555E-5
1.0995407408439E-5
1.0993334053858E-5
1.0991261651117E-5
1.0989190199523E-5
1.0987119698382E-5
1.0985050147002E-5
1.098298154469E-5
1.0980913890757E-5
1.097884718451E-5
1.0976781425262E-5
1.0974716612322E-5
1.0972652745002E-5
1.0970589822615E-5
1.0968527844474E-5
1.0966466809892E-5
1.0964406718183E-5
1.0962347568664E-5
1.0960289360648E-5
1.0958232093454E-5
1.0956175766398E-5
1.0954120378798E-5
1.0952065929972E-5
1.095001241924E-5
1.0947959845921E-5
1.0945908209335E-5
1.0943857508805E-5
1.0941807743651E-5
1.0939758913197E-5
1.0937711016765E-5
1.093566405368E-5
1.0933618023266E-5
1.0931572924847E-5
1.0929528757751E-5
1.0927485521303E-5
1.0925443214831E-5
1.0923401837663E-5
1.0921361389126E-5
1.0919321868551E-5
1.0917283275267E-5
1.0915245608605E-5
1.0913208867895E-5
1.0911173052471E-5
1.0909138161663E-5
1.0907104194806E-5
1.0905071151234E-5
1.090303903028E-5
1.090100783128E-5
1.089897755357E-5
1.0896948196486E-5
1.0894919759365E-5
1.0892892241545E-5
1.0890865642365E-5
1.0888839961163E-5
1.088681519728E-5
1.0884791350055E-5
1.088276841883E-5
1.0880746402946E-5
1.0878725301746E-5
1.0876705114572E-5
1.0874685840769E-5
1.087266747968E-5
1.0870650030651E-5
1.0868633493026E-5
1.0866617866152E-5
1.0864603149377E-5
1.0862589342047E-5
1.086057644351E-5
1.0858564453116E-5
1.0856553370213E-5
1.0854543194153E-5
1.0852533924284E-5
1.0850525559959E-5
1.084851810053E-5
1.084651154535E-5
1.0844505893771E-5
1.0842501145146E-5
1.0840497298832E-5
1.0838494354183E-5
1.0836492310554E-5
1.0834491167303E-5
1.0832490923785E-5
1.0830491579359E-5
1.0828493133384E-5
1.0826495585217E-5
1.0824498934218E-5
1.0822503179748E-5
1.0820508321167E-5
1.0818514357836E-5
1.0816521289119E-5
1.0814529114376E-5
1.0812537832973E-5
1.0810547444271E-5
1.0808557947637E-5
1.0806569342434E-5
1.080458162803E-5
1.0802594803789E-5
1.080060886908E-5
1.079862382327E-5
1.0796639665726E-5
1.0794656395818E-5
1.0792674012916E-5
1.0790692516388E-5
1.0788711905607E-5
1.0786732179943E-5
1.0784753338768E-5
1.0782775381454E-5
1.0780798307375E-5
1.0778822115905E-5
1.0776846806417E-5
1.0774872378287E-5
1.0772898830891E-5
1.0770926163603E-5
1.0768954375802E-5
1.0766983466864E-5
1.0765013436168E-5
1.0763044283092E-5
1.0761076007015E-5
1.0759108607317E-5
1.0757142083378E-5
1.0755176434579E-5
1.0753211660303E-5
1.075124775993E-5
1.0749284732844E-5
1.0747322578428E-5
1.0745361296066E-5
1.0743400885143E-5
1.0741441345044E-5
1.0739482675155E-5
1.0737524874861E-5
1.073556794355E-5
1.0733611880609E-5
1.0731656685427E-5
1.0729702357392E-5
1.0727748895894E-5
1.0725796300322E-5
1.0723844570066E-5
1.0721893704519E-5
1.0719943703071E-5
1.0717994565115E-5
1.0716046290043E-5
1.071409887725E-5
1.0712152326128E-5
1.0710206636073E-5
1.070826180648E-5
1.0706317836744E-5
1.0704374726262E-5
1.070243247443E-5
1.0700491080647E-5
1.0698550544309E-5
1.0696610864817E-5
1.0694672041569E-5
1.0692734073964E-5
1.0690796961403E-5
1.0688860703288E-5
1.0686925299019E-5
1.0684990747999E-5
1.068305704963E-5
1.0681124203316E-5
1.0679192208461E-5
1.0677261064468E-5
1.0675330770743E-5
1.0673401326691E-5
1.0671472731719E-5
1.0669544985233E-5
1.066761808664E-5
1.0665692035348E-5
1.0663766830766E-5
1.0661842472302E-5
1.0659918959365E-5
1.0657996291367E-5
1.0656074467717E-5
1.0654153487827E-5
1.0652233351109E-5
1.0650314056974E-5
1.0648395604836E-5
1.0646477994108E-5
1.0644561224204E-5
1.0642645294538E-5
1.0640730204527E-5
1.0638815953584E-5
1.0636902541128E-5
1.0634989966573E-5
1.0633078229339E-5
1.0631167328842E-5
1.0629257264501E-5
1.0627348035735E-5
1.0625439641964E-5
1.0623532082608E-5
1.0621625357087E-5
1.0619719464822E-5
1.0617814405236E-5
1.061591017775E-5
1.0614006781788E-5
1.0612104216773E-5
1.0610202482129E-5
1.060830157728E-5
1.0606401501652E-5
1.0604502254669E-5
1.0602603835759E-5
1.0600706244347E-5
1.0598809479861E-5
1.059691354173E-5
1.059501842938E-5
1.0593124142241E-5
1.0591230679743E-5
1.0589338041315E-5
1.0587446226387E-5
1.0585555234392E-5
1.0583665064759E-5
1.0581775716922E-5
1.0579887190314E-5
1.0577999484366E-5
1.0576112598513E-5
1.057422653219E-5
1.057234128483E-5
1.0570456855869E-5
1.0568573244744E-5
1.056669045089E-5
1.0564808473744E-5
1.0562927312743E-5
1.0561046967327E-5
1.0559167436933E-5
1.0557288721E-5
1.0555410818967E-5
1.0553533730276E-5
1.0551657454366E-5
1.0549781990678E-5
1.0547907338655E-5
1.0546033497738E-5
1.054416046737E-5
1.0542288246995E-5
1.0540416836056E-5
1.0538546233997E-5
1.0536676440264E-5
1.0534807454301E-5
1.0532939275554E-5
1.0531071903471E-5
1.0529205337496E-5
1.0527339577079E-5
1.0525474621667E-5
1.0523610470709E-5
1.0521747123653E-5
1.0519884579948E-5
1.0518022839046E-5
1.0516161900396E-5
1.051430176345E-5
1.0512442427658E-5
1.0510583892474E-5
1.0508726157349E-5
1.0506869221737E-5
1.0505013085091E-5
1.0503157746866E-5
1.0501303206515E-5
1.0499449463495E-5
1.049759651726E-5
1.0495744367268E-5
1.0493893012974E-5
1.0492042453836E-5
1.0490192689311E-5
1.0488343718858E-5
1.0486495541935E-5
1.0484648158002E-5
1.0482801566518E-5
1.0480955766943E-5
1.0479110758738E-5
1.0477266541365E-5
1.0475423114285E-5
1.047358047696E-5
1.0471738628853E-5
1.0469897569427E-5
1.0468057298145E-5
1.0466217814473E-5
1.0464379117875E-5
1.0462541207815E-5
1.0460704083761E-5
1.0458867745177E-5
1.0457032191531E-5
1.045519742229E-5
1.0453363436921E-5
1.0451530234893E-5
1.0449697815674E-5
1.0447866178733E-5
1.0446035323541E-5
1.0444205249567E-5
1.0442375956283E-5
1.0440547443158E-5
1.0438719709666E-5
1.0436892755277E-5
1.0435066579465E-5
1.0433241181702E-5
1.0431416561463E-5
1.0429592718221E-5
1.042776965145E-5
1.0425947360627E-5
1.0424125845226E-5
1.0422305104724E-5
1.0420485138597E-5
1.0418665946322E-5
1.0416847527376E-5
1.0415029881238E-5
1.0413213007386E-5
1.0411396905298E-5
1.0409581574455E-5
1.0407767014336E-5
1.0405953224422E-5
1.0404140204193E-5
1.040232795313E-5
1.0400516470716E-5
1.0398705756433E-5
1.0396895809764E-5
1.0395086630191E-5
1.0393278217199E-5
1.0391470570271E-5
1.0389663688893E-5
1.038785757255E-5
1.0386052220726E-5
1.0384247632909E-5
1.0382443808584E-5
1.038064074724E-5
1.0378838448363E-5
1.0377036911441E-5
1.0375236135963E-5
1.0373436121417E-5
1.0371636867294E-5
1.0369838373083E-5
1.0368040638274E-5
1.0366243662358E-5
1.0364447444827E-5
1.0362651985172E-5
1.0360857282885E-5
1.0359063337459E-5
1.0357270148387E-5
1.0355477715163E-5
1.035368603728E-5
1.0351895114234E-5
1.0350104945519E-5
1.0348315530631E-5
1.0346526869066E-5
1.034473896032E-5
1.0342951803889E-5
1.0341165399272E-5
1.0339379745966E-5
1.0337594843469E-5
1.033581069128E-5
1.0334027288898E-5
1.0332244635822E-5
1.0330462731553E-5
1.0328681575591E-5
1.0326901167438E-5
1.0325121506593E-5
1.0323342592561E-5
1.0321564424842E-5
1.0319787002939E-5
1.0318010326357E-5
1.0316234394597E-5
1.0314459207166E-5
1.0312684763566E-5
1.0310911063304E-5
1.0309138105885E-5
1.0307365890814E-5
1.0305594417599E-5
1.0303823685745E-5
1.0302053694761E-5
1.0300284444154E-5
1.0298515933432E-5
1.0296748162104E-5
1.0294981129679E-5
1.0293214835666E-5
1.0291449279576E-5
1.0289684460919E-5
1.0287920379205E-5
1.0286157033947E-5
1.0284394424656E-5
1.0282632550843E-5
1.0280871412023E-5
1.0279111007707E-5
1.0277351337409E-5
1.0275592400644E-5
1.0273834196926E-5
1.0272076725769E-5
1.0270319986689E-5
1.0268563979202E-5
1.0266808702823E-5
1.026505415707E-5
1.026330034146E-5
1.0261547255509E-5
1.0259794898737E-5
1.025804327066E-5
1.0256292370799E-5
1.0254542198672E-5
1.0252792753799E-5
1.02510440357E-5
1.0249296043895E-5
1.0247548777906E-5
1.0245802237254E-5
1.0244056421461E-5
1.0242311330049E-5
1.0240566962541E-5
1.0238823318459E-5
1.0237080397328E-5
1.0235338198672E-5
1.0233596722014E-5
1.023185596688E-5
1.0230115932795E-5
1.0228376619284E-5
1.0226638025874E-5
1.0224900152092E-5
1.0223162997464E-5
1.0221426561518E-5
1.0219690843781E-5
1.0217955843783E-5
1.021622156105E-5
1.0214487995114E-5
1.0212755145502E-5
1.0211023011746E-5
1.0209291593375E-5
1.0207560889921E-5
1.0205830900914E-5
1.0204101625886E-5
1.0202373064369E-5
1.0200645215896E-5
1.019891808E-5
1.0197191656213E-5
1.0195465944071E-5
1.0193740943106E-5
1.0192016652853E-5
1.0190293072848E-5
1.0188570202626E-5
1.0186848041723E-5
1.0185126589674E-5
1.0183405846017E-5
1.0181685810288E-5
1.0179966482026E-5
1.0178247860767E-5
1.0176529946051E-5
1.0174812737416E-5
1.0173096234401E-5
1.0171380436546E-5
1.016966534339E-5
1.0167950954475E-5
1.016623726934E-5
1.0164524287527E-5
1.0162812008579E-5
1.0161100432035E-5
1.015938955744E-5
1.0157679384336E-5
1.0155969912266E-5
1.0154261140774E-5
1.0152553069404E-5
1.01508456977E-5
1.0149139025207E-5
1.014743305147E-5
1.0145727776036E-5
1.014402319845E-5
1.0142319318259E-5
1.0140616135009E-5
1.0138913648249E-5
1.0137211857525E-5
1.0135510762385E-5
1.0133810362379E-5
1.0132110657055E-5
1.0130411645962E-5
1.0128713328651E-5
1.012701570467E-5
1.0125318773572E-5
1.0123622534906E-5
1.0121926988223E-5
1.0120232133077E-5
1.0118537969018E-5
1.0116844495599E-5
1.0115151712374E-5
1.0113459618895E-5
1.0111768214716E-5
1.0110077499391E-5
1.0108387472475E-5
1.0106698133522E-5
1.0105009482088E-5
1.0103321517729E-5
1.010163424E-5
1.0099947648458E-5
1.0098261742659E-5
1.0096576522162E-5
1.0094891986523E-5
1.0093208135301E-5
1.0091524968054E-5
1.0089842484341E-5
1.008816068372E-5
1.0086479565753E-5
1.0084799129998E-5
1.0083119376015E-5
1.0081440303367E-5
1.0079761911613E-5
1.0078084200315E-5
1.0076407169036E-5
1.0074730817337E-5
1.0073055144781E-5
1.0071380150931E-5
1.0069705835351E-5
1.0068032197605E-5
1.0066359237256E-5
1.0064686953869E-5
1.006301534701E-5
1.0061344416243E-5
1.0059674161135E-5
1.0058004581251E-5
1.0056335676158E-5
1.0054667445423E-5
1.0052999888613E-5
1.0051333005296E-5
1.0049666795039E-5
1.0048001257412E-5
1.0046336391983E-5
1.0044672198322E-5
1.0043008675997E-5
1.0041345824578E-5
1.0039683643637E-5
1.0038022132743E-5
1.0036361291468E-5
1.0034701119383E-5
1.003304161606E-5
1.0031382781072E-5
1.0029724613989E-5
1.0028067114387E-5
1.0026410281838E-5
1.0024754115915E-5
1.0023098616192E-5
1.0021443782245E-5
1.0019789613648E-5
1.0018136109976E-5
1.0016483270804E-5
1.0014831095709E-5
1.0013179584267E-5
1.0011528736054E-5
1.0009878550648E-5
1.0008229027626E-5
1.0006580166565E-5
1.0004931967044E-5
1.0003284428641E-5
1.0001637550935E-5
9.999991333506E-6
9.998345775933E-6
9.996700877796E-6
9.995056638675E-6
9.993413058151E-6
9.991770135805E-6
9.990127871218E-6
9.988486263973E-6
9.986845313651E-6
9.985205019836E-6
9.983565382109E-6
9.981926400054E-6
9.980288073255E-6
9.978650401296E-6
9.977013383761E-6
9.975377020234E-6
9.973741310301E-6
9.972106253548E-6
9.970471849559E-6
9.968838097922E-6
9.967204998222E-6
9.965572550047E-6
9.963940752984E-6
9.96230960662E-6
9.960679110543E-6
9.959049264341E-6
9.957420067604E-6
9.95579151992E-6
9.954163620879E-6
9.95253637007E-6
9.950909767083E-6
9.949283811509E-6
9.947658502939E-6
9.946033840963E-6
9.944409825174E-6
9.942786455162E-6
9.941163730521E-6
9.939541650843E-6
9.93792021572E-6
9.936299424746E-6
9.934679277515E-6
9.93305977362E-6
9.931440912656E-6
9.929822694218E-6
9.9282051179E-6
9.926588183298E-6
9.924971890008E-6
9.923356237625E-6
9.921741225746E-6
9.920126853968E-6
9.918513121888E-6
9.916900029103E-6
9.915287575211E-6
9.913675759811E-6
9.912064582501E-6
9.910454042879E-6
9.908844140545E-6
9.907234875098E-6
9.905626246138E-6
9.904018253266E-6
9.902410896082E-6
9.900804174186E-6
9.899198087181E-6
9.897592634668E-6
9.895987816248E-6
9.894383631524E-6
9.892780080098E-6
9.891177161574E-6
9.889574875555E-6
9.887973221645E-6
9.886372199446E-6
9.884771808565E-6
9.883172048604E-6
9.881572919171E-6
9.879974419868E-6
9.878376550304E-6
9.876779310083E-6
9.875182698811E-6
9.873586716096E-6
9.871991361544E-6
9.870396634764E-6
9.868802535361E-6
9.867209062946E-6
9.865616217125E-6
9.864023997508E-6
9.862432403703E-6
9.860841435321E-6
9.859251091971E-6
9.857661373262E-6
9.856072278805E-6
9.854483808212E-6
9.852895961092E-6
9.851308737057E-6
9.84972213572E-6
9.848136156692E-6
9.846550799585E-6
9.844966064012E-6
9.843381949586E-6
9.841798455921E-6
9.84021558263E-6
9.838633329327E-6
9.837051695627E-6
9.835470681143E-6
9.833890285493E-6
9.832310508289E-6
9.830731349149E-6
9.829152807688E-6
9.827574883523E-6
9.82599757627E-6
9.824420885546E-6
9.822844810968E-6
9.821269352154E-6
9.819694508722E-6
9.818120280291E-6
9.816546666478E-6
9.814973666903E-6
9.813401281185E-6
9.811829508944E-6
9.810258349799E-6
9.808687803371E-6
9.807117869279E-6
9.805548547146E-6
9.803979836592E-6
9.802411737239E-6
9.800844248708E-6
9.799277370622E-6
9.797711102603E-6
9.796145444274E-6
9.794580395258E-6
9.793015955178E-6
9.791452123659E-6
9.789888900323E-6
9.788326284796E-6
9.786764276703E-6
9.785202875667E-6
9.783642081315E-6
9.782081893272E-6
9.780522311165E-6
9.778963334619E-6
9.777404963261E-6
9.775847196717E-6
9.774290034616E-6
9.772733476585E-6
9.771177522251E-6
9.769622171243E-6
9.768067423189E-6
9.766513277718E-6
9.764959734459E-6
9.763406793041E-6
9.761854453095E-6
9.76030271425E-6
9.758751576136E-6
9.757201038385E-6
9.755651100627E-6
9.754101762494E-6
9.752553023616E-6
9.751004883627E-6
9.749457342158E-6
9.747910398842E-6
9.746364053311E-6
9.744818305199E-6
9.743273154139E-6
9.741728599765E-6
9.740184641712E-6
9.738641279612E-6
9.737098513102E-6
9.735556341815E-6
9.734014765388E-6
9.732473783456E-6
9.730933395655E-6
9.729393601621E-6
9.727854400991E-6
9.7263157934E-6
9.724777778488E-6
9.72324035589E-6
9.721703525245E-6
9.720167286191E-6
9.718631638366E-6
9.717096581409E-6
9.715562114958E-6
9.714028238654E-6
9.712494952134E-6
9.71096225504E-6
9.709430147012E-6
9.707898627689E-6
9.706367696713E-6
9.704837353725E-6
9.703307598366E-6
9.701778430278E-6
9.700249849102E-6
9.698721854481E-6
9.697194446058E-6
9.695667623476E-6
9.694141386376E-6
9.692615734404E-6
9.691090667202E-6
9.689566184415E-6
9.688042285687E-6
9.686518970663E-6
9.684996238988E-6
9.683474090306E-6
9.681952524264E-6
9.680431540507E-6
9.678911138682E-6
9.677391318434E-6
9.675872079411E-6
9.674353421259E-6
9.672835343625E-6
9.671317846158E-6
9.669800928506E-6
9.668284590315E-6
9.666768831236E-6
9.665253650916E-6
9.663739049004E-6
9.662225025151E-6
9.660711579005E-6
9.659198710217E-6
9.657686418436E-6
9.656174703314E-6
9.654663564501E-6
9.653153001647E-6
9.651643014406E-6
9.650133602427E-6
9.648624765363E-6
9.647116502867E-6
9.64560881459E-6
9.644101700187E-6
9.642595159308E-6
9.641089191609E-6
9.639583796743E-6
9.638078974364E-6
9.636574724125E-6
9.635071045682E-6
9.63356793869E-6
9.632065402802E-6
9.630563437676E-6
9.629062042966E-6
9.627561218329E-6
9.62606096342E-6
9.624561277896E-6
9.623062161415E-6
9.621563613633E-6
9.620065634207E-6
9.618568222796E-6
9.617071379056E-6
9.615575102647E-6
9.614079393227E-6
9.612584250455E-6
9.611089673989E-6
9.609595663489E-6
9.608102218615E-6
9.606609339026E-6
9.605117024384E-6
9.603625274347E-6
9.602134088578E-6
9.600643466737E-6
9.599153408485E-6
9.597663913484E-6
9.596174981395E-6
9.594686611882E-6
9.593198804606E-6
9.59171155923E-6
9.590224875418E-6
9.588738752831E-6
9.587253191135E-6
9.585768189992E-6
9.584283749067E-6
9.582799868024E-6
9.581316546528E-6
9.579833784243E-6
9.578351580835E-6
9.57686993597E-6
9.575388849312E-6
9.573908320529E-6
9.572428349285E-6
9.570948935249E-6
9.569470078086E-6
9.567991777464E-6
9.566514033051E-6
9.565036844513E-6
9.563560211519E-6
9.562084133736E-6
9.560608610835E-6
9.559133642482E-6
9.557659228347E-6
9.5561853681E-6
9.554712061409E-6
9.553239307946E-6
9.551767107379E-6
9.550295459379E-6
9.548824363617E-6
9.547353819764E-6
9.545883827491E-6
9.544414386469E-6
9.54294549637E-6
9.541477156866E-6
9.540009367629E-6
9.538542128332E-6
9.537075438647E-6
9.535609298248E-6
9.534143706807E-6
9.532678663999E-6
9.531214169497E-6
9.529750222976E-6
9.528286824109E-6
9.526823972571E-6
9.525361668037E-6
9.523899910183E-6
9.522438698683E-6
9.520978033214E-6
9.519517913452E-6
9.518058339072E-6
9.51659930975E-6
9.515140825165E-6
9.513682884993E-6
9.512225488911E-6
9.510768636596E-6
9.509312327727E-6
9.507856561981E-6
9.506401339037E-6
9.504946658573E-6
9.503492520268E-6
9.502038923802E-6
9.500585868853E-6
9.499133355101E-6
9.497681382227E-6
9.49622994991E-6
9.49477905783E-6
9.493328705668E-6
9.491878893106E-6
9.490429619824E-6
9.488980885504E-6
9.487532689828E-6
9.486085032476E-6
9.484637913133E-6
9.483191331479E-6
9.481745287198E-6
9.480299779973E-6
9.478854809487E-6
9.477410375423E-6
9.475966477466E-6
9.474523115298E-6
9.473080288606E-6
9.471637997072E-6
9.470196240381E-6
9.46875501822E-6
9.467314330272E-6
9.465874176224E-6
9.464434555761E-6
9.46299546857E-6
9.461556914336E-6
9.460118892746E-6
9.458681403487E-6
9.457244446246E-6
9.45580802071E-6
9.454372126567E-6
9.452936763504E-6
9.45150193121E-6
9.450067629373E-6
9.448633857681E-6
9.447200615824E-6
9.44576790349E-6
9.444335720368E-6
9.442904066148E-6
9.441472940521E-6
9.440042343175E-6
9.438612273801E-6
9.437182732091E-6
9.435753717734E-6
9.434325230421E-6
9.432897269845E-6
9.431469835695E-6
9.430042927666E-6
9.428616545447E-6
9.427190688732E-6
9.425765357213E-6
9.424340550583E-6
9.422916268535E-6
9.421492510761E-6
9.420069276957E-6
9.418646566815E-6
9.417224380029E-6
9.415802716294E-6
9.414381575304E-6
9.412960956753E-6
9.411540860338E-6
9.410121285753E-6
9.408702232693E-6
9.407283700854E-6
9.405865689933E-6
9.404448199625E-6
9.403031229626E-6
9.401614779635E-6
9.400198849346E-6
9.398783438458E-6
9.397368546669E-6
9.395954173674E-6
9.394540319174E-6
9.393126982864E-6
9.391714164445E-6
9.390301863615E-6
9.388890080072E-6
9.387478813515E-6
9.386068063645E-6
9.38465783016E-6
9.38324811276E-6
9.381838911145E-6
9.380430225017E-6
9.379022054074E-6
9.377614398018E-6
9.37620725655E-6
9.374800629371E-6
9.373394516183E-6
9.371988916687E-6
9.370583830586E-6
9.369179257581E-6
9.367775197375E-6
9.366371649671E-6
9.364968614171E-6
9.363566090578E-6
9.362164078597E-6
9.36076257793E-6
9.359361588282E-6
9.357961109356E-6
9.356561140857E-6
9.355161682489E-6
9.353762733957E-6
9.352364294967E-6
9.350966365223E-6
9.349568944431E-6
9.348172032297E-6
9.346775628526E-6
9.345379732825E-6
9.3439843449E-6
9.342589464458E-6
9.341195091205E-6
9.33980122485E-6
9.338407865098E-6
9.337015011658E-6
9.335622664238E-6
9.334230822545E-6
9.332839486289E-6
9.331448655176E-6
9.330058328917E-6
9.328668507219E-6
9.327279189793E-6
9.325890376347E-6
9.324502066591E-6
9.323114260236E-6
9.321726956991E-6
9.320340156566E-6
9.318953858673E-6
9.317568063021E-6
9.316182769323E-6
9.314797977288E-6
9.313413686629E-6
9.312029897058E-6
9.310646608286E-6
9.309263820026E-6
9.307881531989E-6
9.306499743889E-6
9.305118455437E-6
9.303737666349E-6
9.302357376336E-6
9.300977585112E-6
9.29959829239E-6
9.298219497886E-6
9.296841201313E-6
9.295463402385E-6
9.294086100817E-6
9.292709296324E-6
9.291332988621E-6
9.289957177424E-6
9.288581862447E-6
9.287207043407E-6
9.285832720019E-6
9.284458892E-6
9.283085559067E-6
9.281712720935E-6
9.280340377322E-6
9.278968527944E-6
9.27759717252E-6
9.276226310767E-6
9.274855942402E-6
9.273486067143E-6
9.272116684709E-6
9.270747794818E-6
9.269379397188E-6
9.268011491539E-6
9.26664407759E-6
9.265277155059E-6
9.263910723667E-6
9.262544783133E-6
9.261179333177E-6
9.259814373519E-6
9.25844990388E-6
9.25708592398E-6
9.25572243354E-6
9.254359432282E-6
9.252996919925E-6
9.251634896193E-6
9.250273360806E-6
9.248912313487E-6
9.247551753957E-6
9.246191681939E-6
9.244832097156E-6
9.24347299933E-6
9.242114388184E-6
9.240756263442E-6
9.239398624827E-6
9.238041472063E-6
9.236684804873E-6
9.235328622981E-6
9.233972926113E-6
9.232617713992E-6
9.231262986343E-6
9.22990874289E-6
9.22855498336E-6
9.227201707478E-6
9.225848914969E-6
9.224496605558E-6
9.223144778973E-6
9.221793434938E-6
9.220442573182E-6
9.219092193429E-6
9.217742295407E-6
9.216392878844E-6
9.215043943466E-6
9.213695489001E-6
9.212347515176E-6
9.21100002172E-6
9.20965300836E-6
9.208306474825E-6
9.206960420844E-6
9.205614846145E-6
9.204269750458E-6
9.20292513351E-6
9.201580995033E-6
9.200237334754E-6
9.198894152405E-6
9.197551447715E-6
9.196209220415E-6
9.194867470234E-6
9.193526196904E-6
9.192185400155E-6
9.190845079718E-6
9.189505235325E-6
9.188165866707E-6
9.186826973596E-6
9.185488555723E-6
9.184150612821E-6
9.182813144622E-6
9.181476150859E-6
9.180139631264E-6
9.17880358557E-6
9.177468013511E-6
9.176132914819E-6
9.174798289228E-6
9.173464136473E-6
9.172130456286E-6
9.170797248402E-6
9.169464512555E-6
9.168132248481E-6
9.166800455913E-6
9.165469134587E-6
9.164138284238E-6
9.1628079046E-6
9.161477995411E-6
9.160148556406E-6
9.158819587319E-6
9.157491087889E-6
9.156163057851E-6
9.154835496942E-6
9.153508404898E-6
9.152181781457E-6
9.150855626356E-6
9.149529939331E-6
9.148204720122E-6
9.146879968465E-6
9.145555684099E-6
9.144231866762E-6
9.142908516192E-6
9.141585632127E-6
9.140263214308E-6
9.138941262472E-6
9.137619776359E-6
9.136298755708E-6
9.13497820026E-6
9.133658109753E-6
9.132338483927E-6
9.131019322524E-6
9.129700625283E-6
9.128382391945E-6
9.127064622251E-6
9.125747315942E-6
9.124430472759E-6
9.123114092443E-6
9.121798174737E-6
9.120482719381E-6
9.119167726118E-6
9.11785319469E-6
9.116539124839E-6
9.115225516309E-6
9.113912368841E-6
9.112599682179E-6
9.111287456066E-6
9.109975690245E-6
9.10866438446E-6
9.107353538455E-6
9.106043151974E-6
9.10473322476E-6
9.103423756558E-6
9.102114747113E-6
9.10080619617E-6
9.099498103472E-6
9.098190468767E-6
9.096883291798E-6
9.095576572311E-6
9.094270310052E-6
9.092964504768E-6
9.091659156203E-6
9.090354264105E-6
9.089049828219E-6
9.087745848293E-6
9.086442324074E-6
9.085139255307E-6
9.083836641742E-6
9.082534483125E-6
9.081232779203E-6
9.079931529725E-6
9.078630734439E-6
9.077330393092E-6
9.076030505434E-6
9.074731071213E-6
9.073432090177E-6
9.072133562076E-6
9.070835486659E-6
9.069537863675E-6
9.068240692873E-6
9.066943974004E-6
9.065647706817E-6
9.064351891063E-6
9.063056526492E-6
9.061761612854E-6
9.0604671499E-6
9.05917313738E-6
9.057879575047E-6
9.056586462651E-6
9.055293799943E-6
9.054001586676E-6
9.0527098226E-6
9.051418507469E-6
9.050127641034E-6
9.048837223048E-6
9.047547253263E-6
9.046257731432E-6
9.044968657307E-6
9.043680030643E-6
9.042391851192E-6
9.041104118708E-6
9.039816832945E-6
9.038529993655E-6
9.037243600595E-6
9.035957653517E-6
9.034672152176E-6
9.033387096327E-6
9.032102485724E-6
9.030818320123E-6
9.029534599279E-6
9.028251322946E-6
9.026968490882E-6
9.02568610284E-6
9.024404158578E-6
9.023122657851E-6
9.021841600416E-6
9.020560986029E-6
9.019280814446E-6
9.018001085426E-6
9.016721798723E-6
9.015442954096E-6
9.014164551302E-6
9.012886590099E-6
9.011609070245E-6
9.010331991496E-6
9.009055353612E-6
9.007779156351E-6
9.006503399471E-6
9.00522808273E-6
9.003953205888E-6
9.002678768704E-6
9.001404770937E-6
9.000131212346E-6
8.99885809269E-6
8.99758541173E-6
8.996313169225E-6
8.995041364936E-6
8.993769998622E-6
8.992499070045E-6
8.991228578964E-6
8.989958525141E-6
8.988688908337E-6
8.987419728312E-6
8.986150984829E-6
8.984882677648E-6
8.983614806532E-6
8.982347371241E-6
8.981080371539E-6
8.979813807188E-6
8.97854767795E-6
8.977281983586E-6
8.976016723862E-6
8.974751898538E-6
8.973487507379E-6
8.972223550148E-6
8.970960026608E-6
8.969696936522E-6
8.968434279656E-6
8.967172055771E-6
8.965910264634E-6
8.964648906008E-6
8.963387979657E-6
8.962127485348E-6
8.960867422843E-6
8.959607791909E-6
8.95834859231E-6
8.957089823812E-6
8.955831486181E-6
8.954573579183E-6
8.953316102583E-6
8.952059056147E-6
8.950802439642E-6
8.949546252834E-6
8.94829049549E-6
8.947035167376E-6
8.94578026826E-6
8.944525797909E-6
8.94327175609E-6
8.94201814257E-6
8.940764957118E-6
8.939512199501E-6
8.938259869487E-6
8.937007966844E-6
8.935756491341E-6
8.934505442746E-6
8.933254820828E-6
8.932004625356E-6
8.930754856099E-6
8.929505512826E-6
8.928256595305E-6
8.927008103309E-6
8.925760036604E-6
8.924512394963E-6
8.923265178154E-6
8.922018385948E-6
