0.7406963080982355
1.0000032349915808
0.448678532668731
-0.6658448762544035
1.0000001091115398
1.0000066898195492
0.28194496755617965
-0.1118422944902477
0.0546544896458293
1.0000008907827294
0.9999999544320624
0.8985184235155054
-0.226166118200094
-0.1073510642704738
-0.6776310929744078
1.0000000090456522
1.0000203062241817
0.7393237895733352
-0.5793327712565807
-0.331466313458131
-0.33825584067990777
0.18597408664066573
0.9415045341255533
1.0000000001488825
-0.6198181981726059
-0.9290656955361137
-0.912079002985398
0.09719700095943799
0.9597041121828591
-0.42041980110408156
-0.7884076949278017
1.0000000101547701
0.35928415538296765
1.000000481811306
-0.513778198129154
-0.43121368277900846
0.2038681157511773
1.000000000170514
0.9999999998996413
-0.643435205041604
1.0000000000915124
-0.3688355364469354
-0.3166368093258343
-0.8433532123248398
0.4766616285525761
0.2542629234355104
0.6567567248581757
-0.6305578003098617
0.6700700817253009
-0.9199828855288326
-0.7372594487657572
-0.4432961449859418
0.9999999994973631
1.000000481811306
-0.30593422358403677
0.926963647986894
0.3465826405330794
1.000000000170514
0.9964725789305715
-0.06344769409597774
1.0000000000915124
1.0000032349915808
-0.23154552223315353
1.0000000001488825
0.5852307551985225
1.0000066898195492
-0.01792593253713888
0.17758624228134204
-0.45297397665746086
0.3001159318776451
0.17832145645402492
0.04715093911730317
-0.8285064745115055
0.6582757146751937
0.999999457122991
1.0000000090456522
-0.3130320383537334
1.000000000170514
0.9999999998996413
-0.6975121277180772
-0.27664534942097463
0.7962173921001706
0.6346628151359887
0.11696040679123317
-0.11459617261759175
1.0000066898195492
1.0000004459456446
-0.3917339328078359
1.0000024143478705
1.0000008907827294
-0.6720121742959433
1.0000000101547701
-0.14871494935929405
1.000000481811306
-0.4456124712142403
0.2223152800440646
-0.32182769475207607
1.000000000170514
0.5316419317217145
-0.7926994982541657
0.19268727225025106
0.5020796156082127
0.997532566685397
1.0000000001488825
0.313439047904278
0.5511215746025052
0.0652427158315482
0.6730020250084177
0.4783753863848076
1.0000008907827294
0.564298320662202
1.0000000101547701
0.2392605584624641
-0.6410811244671372
0.999999457122991
1.0000000090456522
0.453249531872187
0.1521452170175972
-0.3668873438332922
-0.19601304414058146
1.0000000000915124
0.7883332763600938
-0.7069955219191245
1.0000000001488825
0.106934798100427
0.7708336542439723
-0.3250283260682019
0.7515790345564299
1.0000024143478705
1.0000008907827294
0.9999999544320624
1.0000000101547701
0.9999999994973631
-0.158384407367949
0.8816605875794639
0.715248299943431
-0.9698092184597547
-0.44797872550910056
0.9864182410285223
0.9997938302046664
0.3617938655473363
1.0000032349915808
0.40012336324424796
-0.9053752010376669
0.2566395433668932
-0.9048950119530658
0.11794529125111711
-0.16077463636803732
1.0000024143478705
1.0000008907827294
0.30967428216237686
-0.3998929559682726
0.7996646770391377
-0.6201160747941613
-0.8935648286552679
0.9319162979247914
-0.9571463426215421
1.000000000170514
0.22880471294706442
-0.6267172715201347
0.4855273483151137
-0.9956117769205703
0.5975440378539444
-0.38004665903404616
-0.8491535739976129
1.0000066898195492
1.0000004459456446
-0.21250011195085258
1.0000024143478705
-0.7365446615945344
0.6052796170676252
-0.8499414404093818
-0.9305777181259312
0.08312229874281152
0.15722746559687473
1.0000000090456522
0.9208527130949773
0.12030876243495611
0.9999999998996413
0.1595425240204998
0.4300844167333284
-0.9335788182184983
0.35902896273540236
1.0000000001488825
-0.9790163713476563
1.0000066898195492
1.0000004459456446
0.46610371094758535
1.0000024143478705
1.8094522927769517E-4
0.26356716906507655
-0.5670113466518154
-0.2898538084802731
-0.12778978613944125
-0.37191293114728874
-0.06595575933883896
-0.45402919839812683
0.2046906276696332
-0.10727723250999015
0.6661140719683531
1.0000000000915124
0.14311385134589039
1.000000015181467
-0.3424072119361235
1.0000001091115398
0.9125373834774563
0.8257255947807051
1.0001501540372222
-0.6383999455488665
-0.9786914803013338
0.9999999544320624
0.42932964534867896
-0.18992954109873725
0.21748951716721387
0.999999457122991
0.029696634314808498
1.0000203062241817
0.028784385006236396
-0.4160987298022664
0.2335627784924295
0.9945805065145693
-0.6550540372551054
1.000000015181467
0.20198408832161036
-0.4220709909773622
-0.5269444875169805
0.09037768879311728
0.24212023239001548
1.0000024143478705
0.411680284649051
-0.018316466186365673
1.0000000101547701
0.9999999994973631
-0.2509604528698327
0.999999457122991
-0.4610959478849755
0.9480247052375348
1.000000000170514
-0.06486272902322825
0.9997938302046664
0.3210399720837527
-0.7113239495389276
1.000000015181467
1.0000000001488825
1.0000001091115398
-0.6340217140980837
1.0000004459456446
-0.3733229537330363
1.0000024143478705
-0.7989891397899775
-0.5396181552609485
1.0000000101547701
0.9999999994973631
-0.7559003471251672
0.6983086363174258
1.0000000090456522
1.0000203062241817
1.000000000170514
0.9520414043229055
0.5547904010970965
-0.3763589911607478
1.0000032349915808
0.5967265132395848
-0.23851555350033665
-0.8539253855179932
0.7347663869274127
1.0000004459456446
1.0001501540372222
-0.7522214389796791
1.0000008907827294
-0.6145488685186596
-0.46129747608999677
0.9999999994973631
1.000000481811306
0.6158188905722941
-0.8977307355291458
0.43890561412791196
0.27292608088888437
0.9999999998996413
-0.10421862378397363
1.0000000000915124
-0.7746055484127495
-0.4152208207362135
0.8362313730998665
1.0000001091115398
-0.04939825803885926
1.0000004459456446
1.0001501540372222
0.02598659806910542
1.0000008907827294
0.9999999544320624
0.4656386062467652
0.9999999994973631
1.000000481811306
0.9278625849851396
1.0000000090456522
1.0000203062241817
1.000000000170514
0.9999999998996413
-0.46097402582706787
1.0000000000915124
1.0000032349915808
-0.9718273610616378
0.440119159441237
0.8436866520793369
0.24962346953518066
0.1256021685890834
-0.6893189764868964
1.0000024143478705
0.6690297036189772
-0.06499290931463633
-0.8442254086578401
0.07278888354034176
-0.7198762008272254
0.8784535943800855
1.0000000090456522
0.6510984819008319
-0.8142288595541665
-0.07774458732959082
-0.24967443536379758
1.0000000000915124
1.0000032349915808
1.000000015181467
0.6271524815505876
1.0000001091115398
-0.07721355572557428
1.0000004459456446
1.0001501540372222
0.868457411474129
0.15771255615989596
0.9999999544320624
-0.1645469607210659
-0.6003865499713749
0.12771265917590402
-0.0026194636933916547
-0.5429849883290389
1.0000203062241817
-0.1629937967246664
0.8097339668734282
0.03628377085115818
0.058110770976720884
-0.9690575133215847
1.000000015181467
0.7148674363106022
0.2017589995388819
1.0000066898195492
0.1909717620009755
-0.7419617400922082
-0.5766422551416895
-0.8967684133583561
0.9999999544320624
-0.11969880853813356
-0.7318203304343096
0.4690768362705314
0.999999457122991
1.0000000090456522
0.541547973883987
0.4903817645504164
-0.6479939041478257
-0.13316216720502688
1.0000000000915124
0.8353927636162665
0.47569077368148743
0.9438431786073833
1.0000001091115398
0.542756096425021
-0.2092150200632082
0.26231294309979053
0.7838741004626384
0.6936183629126684
0.059117710064773905
-0.6858120765220579
-0.5845663107598622
-0.892332340367726
-0.16498110944941846
-0.9282288086694777
1.0000203062241817
0.136104838659878
-0.0875963436905444
0.9997938302046664
0.6778688068875452
-0.9972901620790762
1.000000015181467
1.0000000001488825
-0.6225476460387974
1.0000066898195492
-0.37406164209812937
-0.25336831865654125
-0.4981303740792372
0.8377562772674849
-0.3907581085653941
-0.6734535211836132
0.4504778453856181
1.000000481811306
0.9672011378021961
0.5734861800991601
1.0000203062241817
1.000000000170514
0.10077387726104821
0.9997938302046664
0.35548249102826346
1.0000032349915808
0.8190790077044788
1.0000000001488825
-0.8363973823609909
0.19694649030136802
1.0000004459456446
-0.1370912112272827
-0.2626569529024738
-0.15321876166991225
0.3356368928389944
1.0000000101547701
0.9999999994973631
0.7939289052850268
0.9814722279749866
-0.46956211753011273
1.0000203062241817
-0.18306182539121219
-0.42290760909284414
-0.8702599904459163
-0.6791569383548928
1.0000032349915808
1.000000015181467
0.9663357659376763
0.6577552194076646
-0.19886039399216204
1.0000004459456446
-0.017605876584881403
-0.6150467499572774
-0.5658430045728553
0.39547781959139133
1.0000000101547701
0.42174148660772814
-0.5402273223743497
0.01417199325277452
1.0000000090456522
0.07340353053537377
0.17156914456386252
-0.19069756874764784
0.9997938302046664
0.5072456747710609
-0.1031036151324263
1.000000015181467
0.11990995730787575
0.9166581126978035
0.21049655506185005
1.0000004459456446
-0.195250272807265
0.07467678654832637
-0.7195108969089388
0.9999999544320624
1.0000000101547701
0.4282389452271219
1.000000481811306
0.4542452446169075
-0.9520844294511538
-0.07475328396356104
1.000000000170514
0.4481913393202503
-0.35645679177216055
0.40257352964166926
-0.6313171857148763
1.000000015181467
0.40522037954690865
0.5932112141656707
-0.7016192525129822
1.0000004459456446
-0.7139400564708505
-0.3672505964635987
-0.7441800638244931
-0.4689229336749015
1.0000000101547701
0.36384307909743374
1.000000481811306
0.999999457122991
1.0000000090456522
-0.25300749451720816
-0.2262843202366731
0.9999999998996413
0.9997938302046664
1.0000000000915124
1.0000032349915808
1.000000015181467
-0.7703125037184887
1.0000001091115398
-0.5915417042237935
1.0000004459456446
-0.3774371800504616
-0.9627142314860689
1.0000008907827294
0.71159768337765
1.0000000101547701
0.9999999994973631
0.2934660892683242
-0.5734389387463281
1.0000000090456522
-0.8837414375503979
0.3795489928703729
0.9999999998996413
0.9997938302046664
0.018549669913339367
1.0000032349915808
1.000000015181467
-0.8174458074031279
0.8515555803422723
0.28827297267148955
-0.10440597378999159
0.7641919879598589
1.0000024143478705
1.0000008907827294
0.913529231884242
1.0000000101547701
-0.8631301450681315
1.000000481811306
0.999999457122991
-0.567648760793466
-0.6294004086145085
1.000000000170514
-0.7473241272441813
0.9997938302046664
0.8147365620798385
-0.6465268260021411
0.05990964729468233
0.9503404697060402
-0.8679803072048814
-0.7656815500911602
1.0000004459456446
1.0001501540372222
-0.7491141358344159
1.0000008907827294
-0.9348713116279367
1.0000000101547701
0.9999999994973631
-0.6843012074802579
0.999999457122991
0.0164371883924027
1.0000203062241817
0.7988097715460595
-0.20818781077213164
-0.30230014702885094
0.8544575651660694
0.39732185318888397
1.000000015181467
0.4797296264902073
1.0000001091115398
1.0000066898195492
0.5925421060257429
0.9369350848443727
-0.0017132994046944842
0.1115041656755766
0.9999999544320624
-0.4077640728340211
0.5552453106578069
0.7513393798786622
0.999999457122991
1.0000000090456522
-0.1786628171417723
-0.3043352219700146
0.473898901676218
0.30466554878291124
1.0000000000915124
1.0000032349915808
-0.30095626264272574
1.0000000001488825
1.0000001091115398
-0.015574002613801739
0.6455837980410647
1.0001501540372222
-0.7221345152653866
1.0000008907827294
0.9999999544320624
0.9668296871233307
-0.37584083166399973
-0.38619355457137294
0.08595992281601036
1.0000000090456522
-0.9716672174617189
1.000000000170514
0.8195736464496644
0.14368885951188776
-0.5567104229263203
0.6055741358103816
1.000000015181467
0.9471118086612766
1.0000001091115398
1.0000066898195492
-0.643252513269261
1.0001501540372222
1.0000024143478705
0.24948842124478007
0.9999999544320624
0.07209619313753954
0.9999999994973631
0.5884055614303577
-0.5525364850791693
1.0000000090456522
1.0000203062241817
-0.048321267293366284
0.9999999998996413
-0.8287137216614717
1.0000000000915124
1.0000032349915808
0.569676857098811
1.0000000001488825
1.0000001091115398
-0.5330810440894523
-0.43861354521474455
-0.15587994337461938
-0.9268436321411447
1.0000008907827294
0.0715452081372123
-0.41924088054016345
-0.10134995290784153
-0.31716292065907004
-0.28996084869269
0.6104889526640437
-0.6070925426750872
1.000000000170514
0.5946727558337703
0.9643954276970015
1.0000000000915124
1.0000032349915808
1.000000015181467
0.30630961710502874
-0.932635601459511
0.030200371489928532
1.0000004459456446
-0.3029044956758051
0.8882967050868584
1.0000008907827294
0.9999999544320624
0.020058943997751103
0.9999999994973631
-0.08242398131827267
-0.473407779935586
0.03235021094690269
0.44329115811857567
-0.8753739074300579
0.22901337739021224
0.6851182763082795
0.003010016842454465
0.07989679699068616
1.000000015181467
1.0000000001488825
0.15011425556275362
0.14374466431754973
-0.9881356651855688
0.18039343400151178
1.0000024143478705
1.0000008907827294
0.9999999544320624
1.0000000101547701
-0.7181326772017959
1.000000481811306
0.999999457122991
0.5405563859622428
1.0000203062241817
0.3043044383771324
0.9999999998996413
0.9997938302046664
-0.3123270852056682
1.0000032349915808
-0.9081128343995706
0.6415948402577127
0.3775514435159336
-0.04832500751953387
1.0000004459456446
1.0001501540372222
-0.7530598268866585
-0.9241289146093116
0.9999999544320624
1.0000000101547701
0.30090839868538366
1.000000481811306
-0.26404935782402994
1.0000000090456522
1.0000203062241817
1.000000000170514
0.09236815730104793
0.7331210391229708
1.0000000000915124
1.0000032349915808
1.000000015181467
1.0000000001488825
0.8641366948802991
1.0000066898195492
0.5670583750167212
-0.2648947925903338
1.0000024143478705
-0.02039856630925374
-0.2228579361863708
1.0000000101547701
0.7552674821852686
-0.7603601895986266
-0.6161147048366248
0.3331814863859756
0.28641298013186467
1.000000000170514
0.48048753971030206
0.912117712504442
0.36268061092521386
1.0000032349915808
-0.5715535341112988
1.0000000001488825
0.19845407315699695
1.0000066898195492
-0.20520206591711648
1.0001501540372222
0.47789317651487184
-0.28499078871969424
-0.6652024716649078
-0.10098823956232941
0.49523606599952374
-0.23221196647133657
0.9561888188745671
-0.667216293926336
-0.7942653457517928
0.16837045350237423
0.9999999998996413
-0.4627651102144122
-0.0676482888494717
-0.9819738106048779
1.000000015181467
0.2254247357972638
1.0000001091115398
0.6497549455986483
1.0000004459456446
1.0001501540372222
1.0000024143478705
-0.08137516724053499
0.9999999544320624
0.04104704784260027
0.9761433629952446
1.000000481811306
0.424974404626543
0.7750029001303581
0.928778714282168
0.6686724828286662
0.5210167610913474
-0.565347344876492
0.7092837398148312
1.0000032349915808
0.4306055726891173
1.0000000001488825
0.46258342332733526
0.8512570397858087
1.0000004459456446
0.5959423017614585
0.11793941393078004
-0.15223741498302182
0.9999999544320624
-0.7054915184313939
0.9999999994973631
0.2072080008393925
-0.34284387324009624
1.0000000090456522
0.981767782398427
-0.646227591871663
-0.2932808051384101
0.6638169728842649
1.0000000000915124
-0.15045315123717296
-0.20784066551278826
0.5498654485913066
0.0328997157565263
-0.8647562875615751
0.705260431874024
-0.0406838034494778
1.0000024143478705
1.0000008907827294
0.9999999544320624
1.0000000101547701
0.9999999994973631
1.000000481811306
-0.4769917274968414
0.03631238716582883
0.3244753594090113
-0.2295747797828548
0.8816740788505186
-0.2966596541715047
-0.9670896053932727
-0.05419063154743293
1.000000015181467
0.8119523702909457
0.3994450461245217
-0.6568908030915798
-0.801693973177309
-0.8428268298535735
1.0000024143478705
1.0000008907827294
0.49737582628573646
1.0000000101547701
0.16861100567219947
-0.5090252850821898
-0.3480870179839659
0.4945328121053422
-0.35234736561855706
0.8038671952795408
-0.5001546179357201
0.8589450671669483
0.5952026505069065
0.33276921794383324
0.0999752812946705
1.0000000001488825
-0.4796487026777396
0.2308670159340549
1.0000004459456446
-0.8126069613518133
-0.9512293990251696
1.0000008907827294
0.9999999544320624
1.0000000101547701
0.7876895082759822
1.000000481811306
0.999999457122991
1.0000000090456522
-0.6706219520071991
0.162585534628791
0.028011391960020577
-0.2867601110879951
1.0000000000915124
-0.20902778177651293
1.000000015181467
1.0000000001488825
0.38282830798187806
1.0000066898195492
1.0000004459456446
1.0001501540372222
1.0000024143478705
1.0000008907827294
0.9999999544320624
-0.33827836371183057
0.9999999994973631
1.000000481811306
0.999999457122991
1.0000000090456522
-0.07836205544404859
0.927429902626035
0.9999999998996413
0.9997938302046664
1.0000000000915124
1.0000032349915808
1.000000015181467
-0.35264994008159917
1.0000001091115398
1.0000066898195492
-0.7566336443641185
-0.5377414012180611
0.6202892428398885
0.026081654345641025
0.7080321919714979
1.0000000101547701
0.91583893579852
1.000000481811306
0.5089805894247204
0.25456410611916386
1.0000203062241817
0.3896447601602081
0.8874672066819296
0.41836910318788195
-0.4396161763494405
-0.8405994744933671
0.1110030376096033
-0.30395303420724123
0.05659885761996166
-0.2764432116004558
0.4777867601157207
1.0001501540372222
1.0000024143478705
0.6017424910218483
0.9999999544320624
0.3317422029091041
-0.14960610253799242
1.000000481811306
0.999999457122991
1.0000000090456522
-0.8552706818318279
0.31157996992799475
0.9999999998996413
-0.15061077215486257
-0.8734956712517858
0.35017948465224763
0.47662077195323177
0.4447793318871515
1.0000001091115398
-0.8308466940607964
0.9854872770830955
-0.7871108339276368
-0.3274850914922043
1.0000008907827294
-0.4508312205171306
0.8895808406061748
0.9999999994973631
-0.2742188184112111
0.999999457122991
0.8194455365868144
1.0000203062241817
-0.6282311071908161
0.9999999998996413
0.9997938302046664
1.0000000000915124
-0.2747738050158432
-0.4263192549983689
0.5460759616070128
-0.6711620817867288
1.0000066898195492
-0.28123112719576465
1.0001501540372222
1.0000024143478705
1.0000008907827294
-0.4292128795997541
-0.72150687927534
0.7511525462940255
-0.20975862222856267
0.999999457122991
0.28159468583287345
1.0000203062241817
-0.09725806726861766
0.9821448995413846
0.2872015732593571
-0.41920669895065366
-0.08222107584183594
-0.977968096802089
-0.886319492128843
1.0000001091115398
1.0000066898195492
-0.5347909046216242
1.0001501540372222
1.0000024143478705
1.0000008907827294
0.5848853085781983
1.0000000101547701
0.6963730904406912
-0.8406718549993188
-0.8421518416781169
1.0000000090456522
-0.3971347571680198
0.09537203695170501
0.9999999998996413
0.009656890484289304
1.0000000000915124
1.0000032349915808
1.000000015181467
1.0000000001488825
-0.42582640017490103
0.17304851206827943
-0.5861867979661808
0.9994163764496127
0.13237859324138224
0.213828508764172
0.9999999544320624
-0.712049924810542
0.9999999994973631
0.008367588450468064
-0.8706208979883329
1.0000000090456522
0.9991613693844106
1.000000000170514
0.9999999998996413
0.9997938302046664
1.0000000000915124
-0.48043994557456077
0.8557633442245355
1.0000000001488825
0.8935373711336241
0.5569093685753731
1.0000004459456446
1.0001501540372222
-0.5017898277654095
-0.7584028127698254
0.9999999544320624
0.460009236222864
-0.8913198927400539
1.000000481811306
0.999999457122991
0.08800634890327469
0.730258897900244
1.000000000170514
0.9999999998996413
-0.47649080914095815
0.9189273986237331
-0.4641617378679151
0.29035318775050895
1.0000000001488825
0.13414528191534028
0.8044780419010874
0.36883315525637556
-0.4249763549026196
1.0000024143478705
0.17561435397438793
0.7825896456381612
1.0000000101547701
0.9999999994973631
1.000000481811306
0.8709335245201069
-0.7543703407103519
-0.4517931638640631
1.000000000170514
-0.7027736098871133
0.9997938302046664
1.0000000000915124
0.4179406771888418
0.9918025170438974
-0.7069904327773257
0.964244062137174
-0.10302335190742715
-0.7122504996715179
0.3276423950774993
-0.9633189263414367
1.0000008907827294
0.9999999544320624
1.0000000101547701
0.940560056068949
1.000000481811306
0.999999457122991
1.0000000090456522
1.0000203062241817
0.7506485578051193
0.9999999998996413
-0.5134118999463644
0.7614486310500238
1.0000032349915808
0.9897839676148122
-0.5630960607049211
0.955448161872239
0.6367897031472739
0.7167094838399238
-0.2828552386570878
-0.4005928932320467
0.46902212094969004
-0.8971833570799806
0.977137898469742
0.11092185703767478
1.000000481811306
0.999999457122991
0.9220339057999886
1.0000203062241817
0.11453391533309795
-0.8672477784713818
0.09740772946677577
0.3714129983944152
-0.5985294089419794
1.000000015181467
0.931491451712938
0.5021627463548366
1.0000066898195492
0.4649901771880656
1.0001501540372222
1.0000024143478705
0.04855138871842323
0.9999999544320624
1.0000000101547701
-0.7090023091589681
-0.3987666268094563
-0.10961023499579695
1.0000000090456522
-0.4892733156181128
1.000000000170514
0.9999999998996413
0.9997938302046664
0.3358048492965062
-0.641466970037753
-0.5401824933806225
0.941853376257979
1.0000001091115398
0.5042425336280737
-0.32198356733447026
0.14902439858771035
0.20907688132753421
0.5356602282611274
0.3041932994083372
1.0000000101547701
0.9999999994973631
1.000000481811306
-0.9206761110090701
1.0000000090456522
0.33776307549086293
1.000000000170514
0.9999999998996413
0.113786483298414
0.9806027797724676
0.7770408277270829
-0.9211113110073018
-0.179813918798377
1.0000001091115398
0.12373405983989808
0.2644638428946669
1.0001501540372222
0.6502940264053441
0.014617950097292063
-0.8590261648254656
0.7357278412941518
0.9999999994973631
1.000000481811306
0.9245842868943033
-0.4385741990579057
-0.6916398139584036
0.03944328219799952
-0.5843885367001423
0.9997938302046664
0.4251419912621428
0.8985111929503132
-0.9656729355793529
1.0000000001488825
-0.5420348930806648
1.0000066898195492
1.0000004459456446
-0.935227526626071
-0.16789058791745182
-0.8552883685973502
-0.21091355484714475
-0.46246948330867704
0.13183877212794928
1.000000481811306
0.4895794839032731
-0.6892817540194263
-0.44514856349016074
-0.7516032916951201
0.9999999998996413
0.9997938302046664
1.0000000000915124
-0.05129771142989587
-0.06284290435979754
1.0000000001488825
0.5963283692384116
1.0000066898195492
-0.4156602208284322
0.5604568895833968
-0.6373401563683101
1.0000008907827294
0.9999999544320624
-0.7017641516753826
0.8933019392803693
0.7695005523691624
0.999999457122991
-0.5848246563367762
0.16995327443023328
1.000000000170514
-0.9073820262374285
-0.1686287023119793
1.0000000000915124
-0.06505688511839883
1.000000015181467
1.0000000001488825
1.0000001091115398
0.19796249878555172
0.31560445766744244
0.6392585970182936
1.0000024143478705
0.9422415918688642
-0.36739936415108704
1.0000000101547701
0.9999999994973631
0.33503701611183334
-0.15105973845724407
0.8835667514811688
0.8154615204978322
0.09474543735158478
-0.799278826513785
-0.009549399742288855
1.0000000000915124
0.5166862912754301
-0.6461446713388264
1.0000000001488825
1.0000001091115398
1.0000066898195492
0.4754500269123479
-0.49204490757355507
0.8363577180060586
1.0000008907827294
0.029615548810955242
1.0000000101547701
0.9999999994973631
0.5531060059836229
0.39107259626764457
-0.5521358469933805
1.0000203062241817
0.015206053208914147
0.2087634835531024
-0.858440896453192
0.4223156079490298
1.0000032349915808
1.000000015181467
1.0000000001488825
-0.177007796293659
-0.5338125171423052
0.5565355541075824
-0.5677673910565278
-0.44692247916114924
0.7804739992362975
0.10334448157168016
0.5555879728453136
0.520055631051399
0.35112452624534496
0.999999457122991
1.0000000090456522
0.0904468299637711
0.7260912811858392
0.9999999998996413
-0.2299727049565316
1.0000000000915124
1.0000032349915808
-0.648058111674315
1.0000000001488825
1.0000001091115398
-0.4157850805247617
0.8308791167571715
-0.6406552347973276
1.0000024143478705
0.002914984066669896
0.9999999544320624
1.0000000101547701
0.3786743949425705
0.8333656035322231
0.2868872782667081
0.19463589931216857
-0.9924291274514001
1.000000000170514
0.9999999998996413
0.9997938302046664
-0.45431523378967564
1.0000032349915808
0.833352421112704
-0.3175940542470959
0.24873967398672883
1.0000066898195492
0.01996212083573172
-0.44223544647986274
1.0000024143478705
0.635629029709984
0.9999999544320624
-0.6836004223409716
0.9999999994973631
-0.17162707967370983
0.27639896360605054
0.25349742433552386
0.2855735811444824
1.000000000170514
0.8385274910724496
-0.7046026398783839
-0.49472215644360096
0.6777449673520853
-0.781843035921292
0.539190664909927
0.39567740488174985
-0.7158332266293906
-0.19574767535794196
1.0001501540372222
1.0000024143478705
-0.40981633174939086
-0.7792301913561556
0.8470202974799758
0.9999999994973631
0.7602391425935476
0.5369706891040602
-0.6541478692622736
1.0000203062241817
1.000000000170514
0.9999999998996413
0.9997938302046664
1.1259897075136227
-386.9655379842117
0.30039755231087933
-31.65084631436618
-3.3014547594274237
-43.64884182854162
0.6672342754011749
0.36592894213847305
-386.9655368197343
0.6140863491992291
-29.781522123283537
-4.752813798817267
-43.150377709128435
-0.4285129271974199
0.5153561461739843
-388.4591072022422
0.16738923702285133
-30.29262888023083
-4.196195964833045
-43.631860195834705
0.6672342639630998
1.1259897074889713
-387.88751944080997
0.3378473388378913
-29.781522215673945
-5.0182932223218595
-43.67938989430664
0.6672342753750302
0.9076934109828416
-388.44464703125436
0.9411793757597403
-31.69431257495553
-3.3014547600069846
-42.04177305549873
0.6672342309641284
0.9545956655939636
-386.9655373556291
0.21999831042841944
-29.781522165801892
-4.333812918838555
-41.78845547116936
0.3445432528584109
0.8579146444168022
-386.9655379604912
0.9411792225070816
-29.781522213792176
-3.3014547620437593
-42.66159083939297
0.6672340746777039
-0.10868283720890629
-387.6955375023799
0.9391458274658332
-31.639581334954997
-4.755372483222369
-41.90652515662556
-0.6495840034139164
-0.4319077184612186
-388.2416941138936
0.9411773656839022
-31.673295766132682
-4.020768056011835
-41.78845551319906
0.6672321810971406
0.3291778356132745
-388.34598576523274
0.5822816627964805
-29.781522210235956
-4.133783313565901
-43.63749153697925
0.6672336953960413
-0.13233275555622984
-388.8191606265133
0.08729249753435123
-30.49055483580722
-3.3014547606162137
-41.788455539307066
-0.49678569043439674
-0.6930691306416752
-387.45166334482747
0.9411794068906528
-30.703014442208058
-4.550262772277388
-41.78845554032991
0.6672342627113036
0.046565468493514124
-387.6130823540848
0.8428302061879189
-29.78152221565676
-3.3014547594493346
-43.2499636473698
-1.040107194115337
1.1259894258271932
-387.29870093926695
0.0038571235971939597
-31.6200570098552
-4.12662859924346
-43.571660722399585
0.6672339766537827
-0.6173767191735904
-388.65755345703496
-0.9553370297401453
-29.781522212876972
-3.3014547633160816
-42.37701367428019
-0.3188320361721414
-0.09013998421700573
-388.66714824110556
0.8318942719746857
-31.42828665222659
-3.5205948605255446
-42.14532736175144
-0.047089065300545706
-0.30136640162152023
-388.6170365018006
0.49103865314087414
-30.90081873375391
-4.02908521965416
-43.38515789663861
0.24089468377408874
-0.685347865167561
-388.8696726552937
0.9411794182216167
-29.78152221566355
-5.178894405158943
-41.78845554048053
-0.1437480838277499
1.1259897041013989
-388.84083075051916
-0.3768322476181469
-30.07236969766067
-3.3014547594725943
-41.78845554044815
-0.7545995534067776
1.125400368356287
-388.46709194156927
-0.1313309821276482
-31.6646251953583
-4.759345145725848
-42.74566937770937
-1.263009473465946
