Pesos Camada Sensor
0.7406963080068487
1.0
0.4486785174872878
-0.6658448764029935
1.0
1.0
0.2819445216105301
-0.1119924485274536
0.054652075297961566
1.0
1.0
0.8985184133607809
-0.2261661176976968
-0.107351546081778
-0.6776305500973987
1.0
1.0
0.7393237894029188
-0.5793327711562221
-0.33126014366280143
-0.33825584077116966
0.18597085164908522
0.9415045189441322
1.0
-0.6198183072841585
-0.92907238535566
-0.9120794489310448
0.09704684692223209
0.9597016978349884
-0.4204206918868175
-0.7884076493598642
1.0
0.3592841558853408
1.0
-0.5137776552521449
-0.43121369182469504
0.20384780952698
1.0
1.0
-0.6432290352462703
1.0
-0.36883877143850796
-0.3166368245072775
-0.8433532124734299
0.47666151944102353
0.2542562336159606
0.656756278912529
-0.6307079543470637
0.6700676673774302
-0.9199837763115708
-0.7372594031978197
-0.4432961551406568
1.0
1.0
-0.3059336807070375
0.9269636389411966
0.3465623343088806
1.0
0.9964725790309301
-0.06324152430064989
1.0
1.0
-0.23154553741459316
1.0
0.5852306460869698
1.0
-0.01792637848278733
0.17743608824413593
-0.4529763910053344
0.30011504109490916
0.17832150202195973
0.047150928962590655
-0.8285064740088686
0.6582752328638926
1.0
1.0
-0.3130523445779322
1.0
1.0
-0.6973059579227435
-0.2766453495122365
0.7962141571085901
0.6346627999545675
0.1169604066432619
-0.11459628172914338
1.0
1.0
-0.39188408684503895
1.0
1.0
-0.6720121287280058
1.0
-0.14871494885689684
1.0
-0.44561192833724106
0.22231527099836912
-0.32184800097627486
1.0
0.5316419318220731
-0.792493328458832
0.1926872721591142
0.5020763806166322
0.9975325515039759
1.0
0.31343893879272544
0.551114884782959
0.06524226988589898
0.6728518709712157
0.4783729720369341
1.0
0.5642983662301395
1.0
0.23926055896486131
-0.6410816062784384
1.0
1.0
0.4532292256479882
0.15214521684696924
-0.3668873437328878
-0.19580687434525335
1.0
0.7883300413685133
-0.7069955371005456
1.0
0.10693468898887537
0.7708269644244261
-0.3250287720138515
0.751428880519228
1.0
1.0
1.0
1.0
1.0
-0.1583848891792511
0.881661130456473
0.7152482908977336
-0.9698295246839577
-0.4479787256797524
0.9864182411288809
1.0
0.3617938654560744
1.0
0.4001233480628048
-0.9053752011862569
0.25663943425534064
-0.904901701772612
0.1179448453054679
-0.16092479040524343
1.0
1.0
0.3096743277303098
-0.39989296612298764
0.7996646775417746
-0.6201165566054625
-0.8935642857782587
0.931916288879094
-0.9571666488457451
1.0
0.22880471304748085
-0.626511101724801
0.4855273482238518
-0.9956150119121508
0.5975440226725233
-0.38004665918234415
-0.8491536831091656
1.0
1.0
-0.2126502659880587
1.0
-0.7365455523772726
0.6052796626355628
-0.8499414505641063
-0.9305777176232942
0.08312181693150733
0.15722800847387663
1.0
0.9208324068707743
0.12030876226433396
1.0
0.1597486938158279
0.43008441664206654
-0.9335820532100788
0.3590289475539592
1.0
-0.979016480459209
1.0
1.0
0.4659535569103823
1.0
1.8005444654223268E-4
0.2635672146330095
-0.5670113568065399
-0.28985380797789995
-0.12779026795074333
-0.3719123882702895
-0.06595576838453332
-0.45404950462232563
0.20469062749900524
-0.10727723240957643
0.6663202417636869
1.0
0.14311061635430988
1.0
-0.3424072120844215
1.0
0.9125306936579101
0.8257251488350583
1.0
-0.6384023598967372
-0.978692371084072
1.0
0.42932963519396394
-0.18992954059634004
0.2174890353559118
1.0
0.029696625269114207
1.0
0.02878438483561485
-0.416098729701862
0.23376894828775763
0.9945805064231825
-0.6550572722466859
1.0
0.2019840881736048
-0.4220711000889148
-0.5269511773365267
0.09037724284746806
0.24197007835280937
1.0
0.411679393866315
-0.018316420618431528
1.0
1.0
-0.2509609346811368
1.0
-0.4610959569306621
0.9480043990133318
1.0
-0.06486272892281453
1.0
0.3210399719924908
-0.7113271845305081
1.0
1.0
1.0
-0.6340284039176299
1.0
-0.37347310777023934
1.0
-0.7989900305727158
-0.5396181096930109
1.0
1.0
-0.7559008289364684
0.6983091791944349
1.0
1.0
1.0
0.9520414044232641
0.5549965708924303
-0.37635899125200967
1.0
0.5967264980581637
-0.2385155536483422
-0.8539254946295459
0.7347596971078665
1.0
1.0
-0.7522238533275498
1.0
-0.6145488229507221
-0.4612974862447118
1.0
1.0
0.6158194334493032
-0.8977307445748433
0.43888530790371316
0.27292608071823254
1.0
-0.10401245398864578
1.0
-0.77460878340433
-0.4152208359176567
0.8362313729512765
1.0
-0.04940494785840843
1.0
1.0
0.025984183721237564
1.0
1.0
0.46563859609205016
1.0
1.0
0.9278631278621488
1.0
1.0
1.0
1.0
-0.4607678560317383
1.0
1.0
-0.9718273762430589
0.440119159292939
0.8436865429677842
0.24961677971563212
0.1256017226434365
-0.6894691305240984
1.0
0.6690288128362389
-0.06499286374670243
-0.8442254188125646
0.07278888404274486
-0.7198766826385266
0.8784541372570946
1.0
0.6510781756766288
-0.8142288597245829
-0.0777445872291771
-0.24946826556846946
1.0
1.0
1.0
0.6271524814019975
1.0
-0.07722024554512208
1.0
1.0
0.8684549971262583
0.15771166537715997
1.0
-0.1645469708757783
-0.6003865494687379
0.12771217736460194
-0.0026189208163899247
-0.5429849973747363
1.0
-0.16299379689529436
0.8097339669737869
0.03648994064648492
0.058110770885765994
-0.9690607483131652
1.0
0.7148674361620122
0.20175889042732909
1.0
0.19097131605532858
-0.7421118941294101
-0.5766446694895603
-0.8967693041410943
1.0
-0.1196988186928456
-0.7318203299316727
0.46907635445922735
1.0
1.0
0.541527667659784
0.49038176437976455
-0.647993904047467
-0.13295599740969877
1.0
0.835389528624686
0.4756907585000443
0.9438431784587933
1.0
0.5427494066054748
-0.2092154660088551
0.2621627890625875
0.7838716861147677
0.6936174721299302
0.05911775563270805
-0.6858120866767824
-0.5845663102572253
-0.8923328221790272
-0.16498056657241655
-0.9282288177151751
1.0
0.13610483848925004
-0.08759634359013069
1.0
0.6778688067961585
-0.9972933970706567
1.0
1.0
-0.6225477551503501
1.0
-0.37406208804377894
-0.2535184726937443
-0.49813278842711073
0.8377553864847467
-0.3907580629974612
-0.6734535313383377
0.4504778458879912
1.0
0.9672016806792052
0.5734861710534627
1.0
1.0
0.10077387736146193
1.0
0.35548249093700157
1.0
0.8190789925230577
1.0
-0.8363974914725436
0.19693980048181947
1.0
-0.13724136526448882
-0.26265936725034733
-0.15321965245264824
0.3356369384069273
1.0
1.0
0.7939284234737256
0.9814727708519957
-0.4695621265757993
1.0
-0.18306182556184014
-0.42290760899243973
-0.8700538206505826
-0.6791569384462796
1.0
1.0
0.9663357657890863
0.6577551102961119
-0.1988670838117106
1.0
-0.017756030622087637
-0.6150491643051481
-0.5658438953555935
0.39547786515932426
1.0
0.4217414871101013
-0.5402278041856509
0.014172536129776203
1.0
0.07338322431117428
0.17156914439323456
-0.19069756864723142
1.0
0.5072456746796741
-0.10310685012400589
1.0
0.11990995715990449
0.9166580035862508
0.2104898652423015
1.0
-0.19540042684447112
0.0746743722004577
-0.719511787691677
1.0
1.0
0.42823894572949506
1.0
0.45424578749390676
-0.9520844384968512
-0.07477359018776053
1.0
0.4481913394206547
-0.356250621976831
0.40257352955040737
-0.6313204207064568
1.0
0.40522037939861066
0.593211105054118
-0.7016259423325284
1.0
-0.7140902105080524
-0.3672530108114722
-0.7441809546072313
-0.4689228881069686
1.0
0.3638430795998069
1.0
1.0
1.0
-0.25302780074140696
-0.22628432040730107
1.0
1.0
1.0
1.0
1.0
-0.7703125038670787
1.0
-0.5915483940433397
1.0
-0.37758733408766465
-0.9627166458339397
1.0
0.7115977289455875
1.0
1.0
0.2934656074570201
-0.573438395869319
1.0
-0.8837617437746009
0.3795489926997211
1.0
1.0
0.018549669822363057
1.0
1.0
-0.8174458075517179
0.8515554712307196
0.2882662828519398
-0.1044064197356408
0.7640418339226569
1.0
1.0
0.9135292774521795
1.0
-0.8631301445654945
1.0
1.0
-0.5676487698391635
-0.6294207148387115
1.0
-0.7473241271438227
1.0
0.8147365619884517
-0.6465300609937216
0.059909632113242406
0.9503404695574502
-0.8679804163164341
-0.7656882399107064
1.0
1.0
-0.7491165501822866
1.0
-0.9348712660599992
1.0
1.0
-0.6843016892915591
1.0
0.016437179346708408
1.0
0.798809771375643
-0.2081878106717152
-0.3020939772335214
0.8544575650746826
0.3973186181973114
1.0
0.4797296263419093
1.0
1.0
0.5925416600800961
0.9367849308071707
-0.00171571375256252
0.11150327489284217
1.0
-0.4077640829887361
0.5552453111604438
0.751338898067361
1.0
1.0
-0.1786831233659696
-0.30433522214066644
0.4738989017766224
0.3048717185782408
1.0
1.0
-0.3009562778241689
1.0
1.0
-0.015580692433350696
0.645583352095418
1.0
-0.7221369296132574
1.0
1.0
0.9668296769686062
-0.3758408311616266
-0.386194036382677
0.08596046569301263
1.0
-0.9716875236859219
1.0
0.819573646550023
0.14389502930721587
-0.5567104230177071
0.605570900818801
1.0
0.9471118085126866
1.0
1.0
-0.6432529592149078
1.0
1.0
0.24948753046204408
1.0
0.0720961829828275
1.0
0.5884050796190565
-0.5525359422021602
1.0
1.0
-0.04832126746398713
1.0
-0.828507551866138
1.0
1.0
0.5696768419173899
1.0
1.0
-0.5330877339089986
-0.4386139911603941
-0.1560300974118255
-0.9268460464890155
1.0
0.0715452537051462
-0.41924089069487847
-0.10134995240543843
-0.3171634024703741
-0.28996030581569077
0.6104889436183463
-0.6071128488992902
1.0
0.5946727559341289
0.9646015974923352
1.0
1.0
1.0
0.30630961695673076
-0.9326357105710636
0.030193681670379613
1.0
-0.3030546497130081
0.8882942907389877
1.0
1.0
0.020058933843038584
1.0
-0.08242446312957685
-0.4734072370585868
0.0323502019012083
0.44327085189437687
-0.8753739076004744
0.22901337749062867
0.6853244461036132
0.0030100167514810483
0.07989356199910658
1.0
1.0
0.1501141464512008
0.1437379744980012
-0.9881361111312156
0.18024327996430567
1.0
1.0
1.0
1.0
-0.7181326766991589
1.0
1.0
0.5405563769165453
1.0
0.30430443820648057
1.0
1.0
-0.3123270852969301
1.0
-0.9081128495809917
0.6415948401091227
0.37755133440438104
-0.048331697339083046
1.0
1.0
-0.7530622412345293
-0.9241298053920498
1.0
1.0
0.3009083991877568
1.0
-0.2640488149470307
1.0
1.0
1.0
0.09236815740146165
0.7333272089183045
1.0
1.0
1.0
1.0
0.8641365857687464
1.0
0.5670579290710744
-0.26504494662753686
1.0
-0.020399457091989093
-0.22285789061843597
1.0
0.7552674826879056
-0.7603606714099278
-0.6161141619596157
0.333181477340289
0.2863926739076659
1.0
0.48048753981070647
0.9123238822997757
0.362680610833952
1.0
-0.57155354929272
1.0
0.19845396404544413
1.0
-0.2052025118627634
1.0
0.47789076216699833
-0.2849916795024302
-0.6652024260969702
-0.10098824971704146
0.4952360665018969
-0.23221244828263865
0.9561893617515762
-0.6672163029720334
-0.7942856519759958
0.16837045333174627
1.0
-0.46255894041908263
-0.06764828894048369
-0.9819770455964584
1.0
0.22542473564925825
1.0
0.6497482557791021
1.0
1.0
1.0
-0.08137605802326942
1.0
0.041047037687887755
0.9761433634978816
1.0
0.42497494750354226
0.7750028910846607
0.928758408057965
0.6686724826582497
0.521016761191706
-0.5651411750811582
0.7092837397234444
1.0
0.43060555750767415
1.0
0.4625833142157827
0.8512503499662625
1.0
0.5957921477242565
0.11793699958291137
-0.1522383057657578
1.0
-0.7054915285861184
1.0
0.20720751902809043
-0.342843330363097
1.0
0.981747476174224
-0.6462275920420795
-0.2932808050380057
0.6640231426795986
1.0
-0.15045638622875346
-0.2078406806942279
0.5498654484427166
0.03289960664497338
-0.8647629773811213
0.7052599859283772
-0.04083395748668395
1.0
1.0
1.0
1.0
1.0
1.0
-0.47699118461984213
0.036312378120134436
0.3244550531848125
-0.22957477995348274
0.8816740789508772
-0.29645348437617514
-0.9670896054846595
-0.054193866539010815
1.0
0.8119523701423557
0.3994449370129691
-0.656897492911126
-0.8016944191229557
-0.8429769838907755
1.0
1.0
0.4973758718536694
1.0
0.16861100617459668
-0.509025766893491
-0.34808647510696666
0.49453280305965563
-0.35236767184275586
0.8038671951091243
-0.5001546178353615
0.859151236962282
0.5952026504155197
0.3327659829522607
0.09997526611323071
1.0
-0.4796488117892922
0.23086032611450635
1.0
-0.8127571153890153
-0.9512318133730403
1.0
1.0
1.0
0.7876895087786191
1.0
1.0
1.0
-0.6706422582314021
0.16258553445816304
0.02801139206043457
-0.28655394129266554
1.0
-0.20903101676809344
1.0
1.0
0.3828281988703255
1.0
1.0
1.0
1.0
1.0
1.0
-0.3382783738665456
1.0
1.0
1.0
1.0
-0.07838236166824808
0.9274299024556185
1.0
1.0
1.0
1.0
1.0
-0.35264994022989715
1.0
1.0
-0.7566340903097653
-0.5378915552552631
0.6202868284920178
0.026080763562905673
0.7080322375394354
1.0
0.915838936301157
1.0
0.5089811323017295
0.25456409707347727
1.0
0.3896447599895563
0.8874672067822882
0.4185752729832115
-0.4396161764407024
-0.8406027094849476
0.11100302242816351
-0.3039530343555392
0.056598748508408736
-0.2764499014200056
0.4777863141700711
1.0
1.0
0.60174160023911
1.0
0.3317421927543891
-0.1496061020355952
1.0
1.0
1.0
-0.8552909880560309
0.3115799697573429
1.0
-0.15040460235953446
-0.8734956713431726
0.35017624966067507
0.4766207567717886
0.44477933173885353
1.0
-0.8308533838803426
0.9854868311374487
-0.7872609879648388
-0.3274875058400778
1.0
-0.45083117494919767
0.8895808304514503
1.0
-0.27421930022251517
1.0
0.819445527541117
1.0
-0.6282311073612326
1.0
1.0
1.0
-0.27477704000741576
-0.4263192701798121
0.5460759614584227
-0.6711621908982814
1.0
-0.2812315731414142
1.0
1.0
1.0
-0.4292128340318212
-0.7215068894300645
0.7511525467966624
-0.20975910403986475
1.0
0.28159467678718686
1.0
-0.09725806743923981
0.9821448996417432
0.28740774305468664
-0.41920669904191554
-0.08222431083341553
-0.9779681119835101
-0.886319492277433
1.0
1.0
-0.5347913505672709
1.0
1.0
1.0
0.5848853541461358
1.0
0.6963730909433281
-0.84067233681062
-0.8421512988011077
1.0
-0.3971550633922186
0.09537203678108286
1.0
0.009863060279616809
1.0
1.0
1.0
1.0
-0.4258265092864536
0.17304182224873088
-0.5861872439118275
0.9992662224124107
0.13237617889351538
0.213827617981436
1.0
-0.7120499349652665
1.0
0.008367106639164845
-0.8706203551113237
1.0
0.9991410631602076
1.0
1.0
1.0
1.0
-0.48044318056613333
0.8557633290431144
1.0
0.8935372620220714
0.5569026787558269
1.0
1.0
-0.5017922421132802
-0.7584037035525636
1.0
0.460009226068149
-0.8913198922374169
1.0
1.0
0.08800633985758033
0.730238591676041
1.0
1.0
-0.4762846393456286
0.9189273985323463
-0.46416497285948766
0.2903531725690658
1.0
0.13414517280378746
0.8044713520815412
0.368832709310726
-0.4251265089398226
1.0
0.17561346319165194
0.7825896912060988
1.0
1.0
1.0
0.870934067397116
-0.7543703497560493
-0.4518134700882619
1.0
-0.7027736097867547
1.0
1.0
0.41793744219726925
0.9918025018624763
-0.7069904329259157
0.9642439530256213
-0.10303004172697494
-0.7122509456171646
0.3274922410402963
-0.9633213406893074
1.0
1.0
1.0
0.9405600565715859
1.0
1.0
1.0
1.0
0.7506485576347028
1.0
-0.5132057301510307
0.761448630958637
1.0
0.9897839524333911
-0.5630960608535112
0.9554480527606863
0.6367830133277277
0.7167090378942771
-0.2830053926942908
-0.40059530757992023
0.4690212301669541
-0.8971833115120431
0.9771378883150175
0.11092185754007788
1.0
1.0
0.9220338967542911
1.0
0.1145339151624758
-0.8672477783710232
0.09761389926210362
0.37141299830315333
-0.5985326439335599
1.0
0.931491451564348
0.5021626372432839
1.0
0.46498973124241605
1.0
1.0
0.048550497935687886
1.0
1.0
-0.7090023086563312
-0.39876710862076037
-0.10960969211879468
1.0
-0.4892936218423116
1.0
1.0
1.0
0.33580484920524434
-0.6414702050293335
-0.5401825085620436
0.941853376109389
1.0
0.5042358438085275
-0.32198401328011983
0.14887424455050424
0.20907446697966736
0.5356593374783891
0.30419334497627015
1.0
1.0
1.0
-0.920675568132061
1.0
0.33774276926666413
1.0
1.0
0.11399265309374185
0.9806027796810808
0.7770375927355024
-0.9211113261887229
-0.17981391894638254
1.0
0.12372737002035028
0.2644633969490173
1.0
0.6502916120574733
0.01461705931455648
-0.859026119257528
0.7357278311394273
1.0
1.0
0.9245848297713124
-0.43857420810359227
-0.6916601201826066
0.03944328202737868
-0.5843885365997837
1.0
0.4251419911708809
0.8985079579587327
-0.965672950760774
1.0
-0.5420350021922175
1.0
1.0
-0.935377680663273
-0.16789300226531867
-0.8552892593800885
-0.21091350927920993
-0.46246949346339206
0.1318387726303465
1.0
0.48958002678027235
-0.6892817630651237
-0.44516886971435954
-0.7516032918655365
1.0
1.0
1.0
-0.05130094642147376
-0.06284291954123733
1.0
0.5963282601268589
1.0
-0.41566066677408176
0.5603067355461948
-0.6373425707161808
1.0
1.0
-0.7017641618301071
0.8933019397830062
0.7695000705578612
1.0
-0.5848246653824736
0.16993296820603598
1.0
-0.9073820261370699
-0.16842253251665118
1.0
-0.06506012010997841
1.0
1.0
1.0
0.19795580896600318
0.31560401172179287
0.6391084429810916
1.0
0.942240701086126
-0.3673993185831541
1.0
1.0
0.33503653430052927
-0.15105919558024217
0.8835667424354714
0.8154412142736291
0.09474543718096262
-0.7992788264134264
-0.009343229946961351
1.0
0.5166830562838496
-0.6461446865202475
1.0
1.0
1.0
0.4754495809666983
-0.4921950616107581
0.8363553036581879
1.0
0.029615594378889387
1.0
1.0
0.5531055241723217
0.3910731391446438
-0.5521358560390779
1.0
0.0152060530382927
0.20876348365351882
-0.8582347266578583
0.4223156078577679
1.0
1.0
1.0
-0.17700790540521183
-0.5338192069618514
0.5565351081619356
-0.5679175450937298
-0.44692489350902276
0.7804731084535592
0.10334452713961406
0.5555879626905891
0.5200556315540359
0.3511240444340409
1.0
1.0
0.09042652373957161
0.7260912810154228
1.0
-0.2297665351612035
1.0
1.0
-0.6480581268557362
1.0
1.0
-0.4157917703443115
0.8308786708115248
-0.6408053888345295
1.0
0.002914093283934438
1.0
1.0
0.37867439544494363
0.8333651217209219
0.28688782114370737
0.1946358902664731
-0.9924494336756031
1.0
1.0
1.0
-0.45431523388093753
1.0
0.8333524059312829
-0.3175940543953939
0.248739564875176
1.0
0.01996167489008327
-0.44238560051706577
1.0
0.6356281389272458
1.0
-0.6836004324956961
1.0
-0.1716275614850119
0.2763995064830498
0.25349741528983727
0.2855532749202836
1.0
0.8385274911728082
-0.7043964700830502
-0.49472215653486284
0.6777417323605048
-0.7818430511027131
0.5391906647613369
0.3956772957701973
-0.7158399164489369
-0.19574812130358887
1.0
1.0
-0.4098172225321268
-0.779230145788218
0.8470202873252513
1.0
0.7602386607822464
0.5369712319810693
-0.654147878307971
1.0
1.0
1.0
1.0
Pesos Camada Escondida
1.0
1.0
0.3592181329766857
-0.8693240986919967
1.0
-0.8603862880463146
1.0
0.2399485263654706
1.0
0.6729165930888623
1.0
-0.4513589109658084
-0.3619222970625503
-0.09573734808302292
0.38936644944522714
-0.4935692193821066
0.22620982890470165
0.48889333533611623
0.10525879474242972
-0.8434046554884647
1.0
1.0
0.07801854339872616
0.3966679195293348
1.0
-0.7168384628942771
-0.8909343538116611
1.0
0.78170374536854
-0.4791090522939395
1.0
-0.9127903596979939
1.0
0.7466824844174151
1.0
0.828610973601428
1.0
0.2788241071355224
1.0
-0.03235809009623025
1.0
0.6773142967544996
0.7319251261636697
1.0
1.0
1.0
1.0
0.1268646984862154
1.0
-0.2327171307062541
0.2697564893965172
1.0
-0.8580784778522124
-0.4538908848723072
0.8819034741098584
-0.31474442951310877
-0.5578954512729963
-0.276156377178577
1.0
-0.8917735700951049
0.2806867307103271
1.0
1.0
0.20318867498166515
-0.38044784956352706
0.6411028122086064
1.0
0.16767145342128043
-0.8490360040434496
1.0
-0.2583223771074078
-0.853622653075434
0.1461131675993752
0.2909673790121503
1.0
1.0
-0.16401987466662094
-0.819058826190124
0.513874637884685
1.0
0.07850777334714332
-0.24880801268426056
1.0
1.0
-0.07942423726772063
0.3524556299073307
0.9016507886761738
1.0
1.0
-0.461508106898712
-0.7073414676579867
1.0
0.6668370096402028
0.06267799721123457
-0.8385347969821162
0.17482616407777152
-0.7832051857980062
1.0
-0.7433661453919377
-0.6920155080788231
-0.8965161565328973
1.0
1.0
0.4114418623267957
0.013933986759230521
-0.2161296798089939
-0.701610258387913
0.8907148650387529
-0.6467644366709486
0.7808598990669937
0.6431281785790799
0.2856766719419743
-0.42731503226245926
-0.6515036670774161
0.5499019529293847
-0.11929692664461256
0.2723701072770961
-0.5967029240768914
0.5737039731559257
-0.8113375716113775
-0.9041346712160041
1.0
1.0
-0.8774396457196234
1.0
0.1890176419056766
1.0
-0.8752927667350074
-0.318011663403696
0.7091525179795861
1.0
1.0
-0.42183382518905976
1.0
-0.5016280159105084
-0.07189750066000034
-0.8831088555539304
-0.45788218285302396
0.042777994918458795
-0.9296187153127596
