0.0438242358375127
0.0182428552332259
0.013110868385931961
0.012160714479937038
0.011571849560146718
0.010904551223937287
0.009883288111426775
0.009525566337772785
0.009476257971840157
0.009307651908493872
0.009138577803274595
0.008970645748314044
0.008806546166613437
0.008648935794986639
0.008499784573663027
0.008360246870623778
0.008230682028951896
0.008110790429232241
0.007999824489844497
0.007896805139533433
0.007800692655093322
0.007710494556040211
0.007625318610833805
0.0075443899339253115
0.007467050552719309
0.007392753386908886
0.007321055477086972
0.007251610579271068
0.007184159607759412
0.007118517963578701
0.007054560144595117
0.006992203140486835
0.006931390516700454
0.006872078814556662
0.006814227213096541
0.006757790631956356
0.006702715848037362
0.006648939868174124
0.0065963897385932614
0.0065449830953756396
0.006494628963514523
0.0064452285123295225
0.006396675627272817
0.00634885725233306
0.006301653503996281
0.006254937575184429
0.006208575452606392
0.006162425475629418
0.006116337776666592
0.006070153667078988
0.006023705073039775
0.005976814187985709
0.0059292935988876395
0.005880947269628531
0.005831572929809195
0.00578096661212642
0.005728930264102571
0.0056752834131492255
0.005619879506782977
0.005562626159451856
0.005503504839196019
0.0054425773206061585
0.005379951324186486
0.005315659575237937
0.005249406947076131
0.005180203024715288
0.00510603849827796
0.0050239108107233595
0.00493056321535044
0.004824099335025732
0.004705748348367234
0.004580122422073828
0.004453556156619098
0.004332265058704128
0.004221288604110098
0.004123694722911444
0.004040094621363923
0.003969053193668701
0.003908176775775806
0.0038550655154863975
0.0038077482226583532
0.003764740837691962
0.003724960729837942
0.0036876221697514306
0.003652151625576191
0.003618126393866232
0.0035852313543181307
0.0035532283855465056
0.0035219344218267216
0.003491205459268459
0.003460924750723513
0.0034309940298268313
0.003401326982906111
0.0033718444258784767
0.003342470797083237
0.0033131316814483656
0.0032837521580176146
0.0032542558242363317
0.0032245644031158164
0.0031945978861396052
0.003164275205564528
0.0031335154626948485
0.003102239760165676
0.003070373690888663
0.0030378505168832336
0.0030046150192454373
0.002970627908361237
0.0029358705492544697
0.002900349592420709
0.002864100939554263
0.002827192374665638
0.0027897242239137226
0.002751827619819087
0.002713660321731344
0.0026754004850273873
0.002637239122592356
0.002599372131711906
0.0025619926357606185
0.0025252841034905274
0.0024894144177820335
0.002454530903061737
0.0024207563233229223
0.002388185967204269
0.0023568860310459743
0.002326893505067479
0.002298217638659032
0.002270842853506259
0.002244732767505305
0.0022198348586217804
0.002196085268595277
0.002173413312548887
0.0021517453861648645
0.002131008104900891
0.0021111306366041007
0.002092046281970746
0.002073693412714413
0.0020560159002422037
0.002038963167214614
0.002022489979890469
0.002006556078187296
0.0019911257181311278
0.0019761671809012836
0.001961652285454506
0.001947555928135491
0.0019338556625359987
0.0019205313256537024
0.0019075647115379122
0.0018949392905303264
0.0018826399704308617
0.0018706528950476948
0.0018589652753272226
0.0018475652483784701
0.0018364417600492922
0.0018255844671680782
0.0018149836560614895
0.0018046301744506043
0.0017945153742869229
0.0017846310635027428
0.0017749694650110647
0.001765523181598999
0.0017562851656182138
0.0017472486925911787
0.0017384073380283251
0.0017297549568942553
0.0017212856652759798
0.0017129938238979188
0.0017048740232007845
0.0016969210697586636
0.0016891299738533516
0.0016814959380597907
0.0016740143467236228
0.0016666807562328893
0.0016594908860023394
0.0016524406101014438
0.0016455259494672332
0.0016387430646508801
0.0016320882490531668
0.0016255579226090763
0.001619148625885793
0.0016128570145618286
0.00160667985425791
0.0016006140156928196
0.0015946564701395127
0.0015888042851588025
0.0015830546205898015
0.0015774047247778136
0.0015718519310218176
0.0015663936542252984
0.001561027387735171
0.0015557507003549475
0.0015505612335193109
0.001545456698618238
0.0015404348744599413
0.001535493604862562
0.0015306307963655293
0.0015258444160521829
0.0015211324894760115
0.0015164930986833736
0.0015119243803263615
0.0015074245238597837
0.0015029917698169155
0.0014986244081590639
0.0014943207766943071
0.0014900792595613618
0.0014858982857746412
0.0014817763278270305
0.0014777119003471675
0.0014737035588081946
0.0014697498982853205
0.001465849552259569
0.0014620011914654829
0.0014582035227805122
0.0014544552881541946
0.0014507552635751803
0.0014471022580744106
0.0014434951127628355
0.0014399326999021895
0.0014364139220073302
0.0014329377109789316
0.0014295030272652482
0.0014261088590517333
0.00142275422147746
0.0014194381558773482
0.0014161597290490888
0.0014129180325439415
0.0014097121819804498
0.0014065413163802944
0.0014034045975253625
0.0014003012093353907
0.0013972303572653557
0.0013941912677219127
0.0013911831874982162
0.0013882053832265108
0.0013852571408477276
0.0013823377650976417
0.0013794465790088757
0.0013765829234282715
0.0013737461565489933
0.001370935653456932
0.001368150805690816
0.0013653910208155616
0.0013626557220083797
0.0013599443476572067
0.0013572563509709292
0.0013545911996010276
0.001351948375274195
0.001349327373435515
0.0013467277029017924
0.0013441488855246893
0.0013415904558631826
0.001339051960865174
0.0013365329595576392
0.0013340330227452487
0.001331551732716886
0.0013290886829599275
0.0013266434778818792
0.0013242157325391026
0.0013218050723722951
0.0013194111329485638
0.0013170335597097137
0.0013146720077265033
0.001312326141458712
0.001309995634520706
0.001307680169452263
0.0013053794374945347
0.0013030931383708423
0.0013008209800721563
0.0012985626786471004
0.0012963179579962394
0.0012940865496705368
0.0012918681926738069
0.0012896626332690479
0.001287469624788412
0.0012852889274468336
0.001283120308159105
0.001280963540360252
0.0012788184038292432
0.0012766846845157576
0.0012745621743700997
0.0012724506711760295
0.0012703499783865626
0.0012682599049625677
0.0012661802652141803
0.0012641108786449393
0.001262051569798608
0.0012600021681086373
0.0012579625077502694
0.0012559324274951668
0.001253911770568656
0.001251900384509461
0.0012498981210319726
0.0012479048358910064
0.0012459203887490828
0.0012439446430461641
0.0012419774658718732
0.001240018727840216
0.0012380683029667508
0.001236126068548285
0.0012341919050449658
0.0012322656959649755
