0.03815288944130566
0.014415758782565652
0.012328770072556998
0.011840094050486924
0.011447887813785659
0.011159938402260577
0.010951437272649167
0.010757657411591796
0.010550284171731903
0.010319934638352603
0.010063130559125952
0.009788760056995716
0.009519773499323618
0.009264736401409015
0.009016339883464102
0.008774563472857908
0.008544257595116666
0.008330734094834698
0.008139094426803698
0.007972199559413319
0.00782840442597793
0.0077024872896036545
0.0075893190596235385
0.00748601951278505
0.007391391728328488
0.007304713671325946
0.00722512478402155
0.007151578599004245
0.007083039242985012
0.007018663381552625
0.006957862648253538
0.00690026705931514
0.006845649656789751
0.0067938561344996875
0.006744756462087826
0.0066982186575626846
0.006654098518080606
0.006612238661447744
0.006572471931924008
0.006534626164055026
0.006498528774157216
0.006464010562111724
0.006430908584265959
0.006399068166616425
0.0063683441948408845
0.006338601823419571
0.006309716730617764
0.006281575026653913
0.006254072904465758
0.006227116106989573
0.0062006192713619105
0.006174505198487356
0.006148704085772389
0.006123152751468936
0.0060977938710283005
0.006072575239134731
0.006047449065617581
0.0060223713091199955
0.0059973010490826035
0.005972199894113762
0.005947031422990548
0.005921760653204485
0.005896353530982291
0.005870776435944732
0.005844995692898665
0.005818977082591593
0.005792685342499478
0.005766083647790163
0.0057391330614230745
0.005711791940832488
0.005684015286715021
0.005655754017014003
0.005626954146178552
0.005597555846092914
0.005567492360671879
0.005536688741016031
0.005505060362382725
0.0054725111785073515
0.005438931664003773
0.0054041963936915845
0.005368161212542909
0.005330659968483068
0.005291500824921724
0.0052504622620988
0.005207289052040635
0.005161688808512894
0.005113330255698176
0.0050618452361184795
0.005006837786052219
0.004947905316247432
0.0048846786442746015
0.004816888175800673
0.004744460620827729
0.0046676396114547795
0.004587088818529753
0.004503823136773952
0.004418556368444748
0.004329988155053648
0.004232698030457618
0.004116897104965274
0.003972292304023883
0.003798250007779419
0.0036115138238658304
0.003434959844770742
0.003284107718006496
0.0031637703026479477
0.0030686048457331857
0.0029894946441087335
0.0029195550603532813
0.002854951355316939
0.0027936554471279253
0.0027345329469221514
0.0026769384113415943
0.002620547436679077
0.00256526997445886
0.002511187083868291
0.0024584940134546587
0.002407446952941997
0.0023583155017043687
0.0023113440244929514
0.0022667245500634626
0.002224582277702914
0.0021849726448713515
0.0021478871238740887
0.0021132641440187276
0.0020810018648651507
0.0020509705136119148
0.0020230230808979204
0.0019970039836505332
0.0019727557621801507
0.0019501240619950522
0.001928961182767314
0.0019091284521529817
0.001890497649185212
0.0018729516754032415
0.0018563846506684002
0.0018407015902672911
0.0018258177978152837
0.001811658084650921
0.0017981559023640497
0.001785252452624193
0.001772895818922615
0.0017610401488840645
0.0017496449035106438
0.0017386741807554763
0.0017280961146451418
0.0017178823471810168
0.0017080075678940587
0.0016984491147310273
0.001689186629539506
0.0016802017615100504
0.0016714779123246809
0.0016630000173091823
0.0016547543575003456
0.0016467283981577707
0.0016389106498387288
0.0016312905486948524
0.0016238583531322634
0.001616605054401429
0.0016095222990507715
0.0016026023214944201
0.0015958378852139433
0.0015892222313427034
0.001582749033574867
0.0015764123585040673
0.001570206630634047
0.0015641266014188037
0.001558167321787123
0.0015523241176875167
0.0015465925682585312
0.001540968486287045
0.001535447900665769
0.001530027040602557
0.0015247023213685437
0.0015194703314019356
0.0015143278206089328
0.001509271689724813
0.0015042989806160882
0.001499406867420239
0.0014945926484327364
0.0014898537386623973
0.0014851876629858644
0.001480592049840492
0.0014760646254020637
0.001471603208200165
0.0014672057041294193
0.0014628701018195237
0.0014585944683312316
0.00145437694514897
0.0014502157444439283
0.00144610914558431
0.0014420554918717007
0.0014380531874849292
0.0014341006946143266
0.0014301965307713098
0.001426339266259452
0.0014225275217946154
0.0014187599662629454
0.0014150353146063883
0.001411352325826539
0.0014077098010983283
0.0014041065819857515
0.0014005415487527342
0.0013970136187625357
0.0013935217449598729
0.0013900649144303226
0.001386642147031948
0.0013832524940946684
0.001379895037183079
0.0013765688869188221
0.0013732731818589048
0.001370007087426673
0.0013667697948922908
0.00136356052039989
0.0013603785040387404
0.0013572230089559493
0.0013540933205083865
0.0013509887454517435
0.0013479086111646097
0.0013448522649058558
0.001341819073103471
0.0013388084206732117
0.0013358197103656429
0.0013328523621400485
0.0013299058125638451
0.0013269795142363753
0.0013240729352357412
0.001321185558587635
0.001318316881755144
0.0013154664161485058
0.0013126336866538383
0.0013098182311800986
0.0013070196002232983
0.0013042373564472744
0.0013014710742802334
0.001298720339526461
0.0012959847489923382
0.0012932639101262864
0.0012905574406718338
0.0012878649683333411
0.0012851861304538814
0.0012825205737046447
0.0012798679537854986
0.0012772279351361859
0.001274600190657768
0.0012719844014438156
0.0012693802565210618
0.0012667874525990135
0.0012642056938283477
0.001261634691567458
0.001259074164157162
0.0012565238367030246
0.0012539834408650434
0.001251452714654494
0.0012489314022375534
0.0012464192537455683
0.0012439160250915318
0.0012414214777927732
0.001238935378799404
0.0012364575003284662
0.001233987619703483
0.0012315255191992407
0.0012290709858916251
0.0012266238115122997
0.0012241837923080963
0.001221750728904841
0.001219324426175632
0.0012169046931132168
0.0012144913427064876
0.001212084191820848
0.001209683061082318
0.0012072877747653084
0.001204898160683892
0.0012025140500864573
0.001200135277553607
0.0011977616808992234
0.0011953931010745928
0.001193029382075441
0.001190670370851832
0.001188315917220771
0.0011859658737815078
0.001183620095833366
0.0011812784412960232
0.0011789407706322527
0.0011766069467728927
0.0011742768350440922
0.0011719503030967293
0.0011696272208378347
0.0011673074603641607
0.0011649908958975704
0.0011626774037223917
0.0011603668621245808
0.001158059151332628
0.0011557541534601924
0.0011534517524503674
0.001151151834021575
0.0011488542856149752
0.0011465589963433468
0.0011442658569415292
0.001141974759718092
