0.41670747046821316
0.0551176235089371
0.027989930744384738
0.021421157630936338
0.018376489211424117
0.017060274118381822
0.016324704299434774
0.015820304081280344
0.015428143226959116
0.015101425708853602
0.014818413194412529
0.014567337539810366
0.01434095381734972
0.0141343304987155
0.013943847915959848
0.013766690326406235
0.013600556485183617
0.013443473276763913
0.013293658229690485
0.013149400712834282
0.013008939877824525
0.01287031739887259
0.012731176662049972
0.012588467099203672
0.012437994327810691
0.01227374891370447
0.012087021870402389
0.011865730815815895
0.011595704203023013
0.011267246976755414
0.010881309784840372
0.010409920856661424
0.009667185898578337
0.0086184388354908
0.008055115073643168
0.007836303155604515
0.007700008837080394
0.007593996031669057
0.007504468436291677
0.007425471250442453
0.007353788803828332
0.0072875037782048095
0.007225403547632979
0.007166685580447722
0.007110796950285107
0.007057341973451944
0.00700602701900192
0.00695662656382018
0.006908961800944019
0.006862886860544486
0.006818279748226286
0.006775036262247492
0.006733065824631428
0.006692288562201152
0.006652633217104387
0.006614035616772595
0.006576437527489485
0.006539785775590056
0.006504031558784032
0.0064691298951219415
0.006435039173576714
0.006401720781153226
0.006369138788789437
0.006337259683308113
0.006306052136110924
0.00627548680169592
0.0062455361407618695
0.006216174263865783
0.006187376792471605
0.006159120734869328
0.006131384374924029
0.006104147171978695
0.0060773896705169856
0.006051093418412949
0.006025240892771393
0.005999815432504976
0.00597480117691122
0.005950183009609221
0.005925946507277252
0.005902077892700811
0.005878563991699471
0.005855392193550361
0.005832550414570596
0.005810027064557138
0.005787811015816368
0.005765891574543744
0.005744258454339292
0.005722901751666414
0.0057018119230814075
0.005680979764078097
0.00566039638940717
0.005640053214743541
0.005619941939586905
0.005600054531291539
0.0055803832101306555
0.005560920435309543
0.005541658891848771
0.005522591478266006
0.005503711294990721
0.005485011633451641
0.0054664859657814055
0.005448127935087538
0.005429931346242293
0.005411890157147738
0.005393998470435093
0.005376250525560399
0.005358640691260688
0.0053411634583371255
0.005323813432733268
0.0053065853288782544
0.005289473963266116
0.005272474248243445
0.005255581185978686
0.005238789862587092
0.005222095442385827
0.00520549316225436
0.005188978326075147
0.005172546299230151
0.0051561925031282044
0.005139912409738368
0.005123701536103815
0.0051075554388101225
0.005091469708381585
0.0050754399635778045
0.005059461845561974
0.005043531011911197
0.0050276431304375774
0.005011793872787339
0.0049959789077837465
0.004980193894477184
0.004964434474864192
0.004948696266234463
0.004932974853102773
0.004917265778679686
0.004901564535832381
0.004885866557483558
0.0048701672063934725
0.004854461764266344
0.004838745420119452
0.004823013257849049
0.004807260242924175
0.004791481208135617
0.004775670838323968
0.004759823654008021
0.004743933993831813
0.004727995995747197
0.004712003576848112
0.004695950411773182
0.00467982990959634
0.004663635189129942
0.00464735905257368
0.004630993957454793
0.0046145319868234275
0.004597964817691612
0.004581283687737364
0.004564479360339149
0.004547542088062622
0.004530461574793697
0.00451322693680401
0.004495826663149406
0.004478248575944905
0.004460479791234977
0.004442506681391683
0.0044243148402314586
0.004405889052349696
0.004387213268536722
0.004368270589564499
0.004349043261123279
0.0043295126832419446
0.004309659438142588
0.004289463341147475
0.004268903519958247
0.0042479585283339266
0.004226606500860768
0.004204825356070651
0.004182593055537523
0.00415988792664435
0.00413668905630956
0.004112976761890327
0.004088733143490175
0.004063942718691183
0.0040385931359842855
0.004012675956577185
0.003986187485627191
0.003959129623337096
0.0039315106942798845
0.0039033462009488867
0.0038746594368185144
0.003845481887828441
0.003815853352204492
0.0037858217195512467
0.0037554423724550307
0.0037247772063542526
0.00369389330230368
0.003662861326236622
0.003631753760148052
0.00360064308895589
0.003569600068114422
0.0035386921816317344
0.0035079823718537225
0.0034775280873683206
0.0034473806602483407
0.00341758499397599
0.003388179521994026
0.0033591963848016238
0.003330661769909586
0.003302596361767401
0.0032750158556258007
0.0032479314980765435
0.003221350626089777
0.0031952771846965548
0.0031697122104911903
0.0031446542736780375
0.0031200998755248547
0.003096043800998047
0.00307247942828108
0.003049398998048846
0.003026793845992471
0.003004654602329389
0.0029829713620201322
0.0029617338292427194
0.0029409314394146717
0.0029205534617489865
0.002900589085013903
0.002881027488856398
0.0028618579027582533
0.002843069654425824
0.002824652209174327
0.0028065952016535756
0.002788888461074262
0.0027715220309299485
0.0027544861840673365
0.002737771433834771
0.0027213685419327435
0.0027052685234991965
0.002689462649884572
0.002673942449504288
0.0026586997070995656
0.0026437264616880917
0.002629015003444461
0.002614557869714351
0.002600347840335709
0.0025863779324141844
0.002572641394677338
0.0025591317015132647
0.00254584254678252
0.00253276783747839
0.002519901687298458
0.002507238410179898
0.002494772513842414
0.0024824986933749443
0.0024704118248958054
0.002458506959310559
0.0024467793161870445
0.0024352242777629907
0.0024238373830982587
0.0024126143223808664
0.0024015509313933025
0.002390643186143834
0.002379887197665473
0.0023692792069839445
0.002358815580254805
0.002348492804068608
0.0023383074809224286
0.0023282563248552836
0.0023183361572442778
0.0023085439027580824
0.0022988765854638905
0.002289331325083718
0.002279905333395732
0.002270595910776254
0.0022614004428778015
0.002252316397438709
0.002243341321219655
0.002234472837062659
0.0022257086410679048
0.002217046499884119
0.0022084842481079926
0.002200019785788486
0.0021916510760318433
0.0021833761427032536
0.0021751930682212843
0.0021670999914412217
0.002159095105623761
0.0021511766564853325
0.0021433429403268584
0.00213559230223745
0.002127923134370054
0.0021203338742858697
0.0021128230033646755
0.0021053890452783345
0.0020980305645246543
0.002090746165019123
0.002083534488742049
0.0020763942144387225
0.002069324056370338
0.002062322763113572
0.002055389116406636
0.0020485219300399836
0.0020417200487896567
0.0020349823473915438
0.0020283077295547495
0.002021695127012557
0.002015143498609227
0.0020086518294213382
0.0020022191299120333
0.0019958444351169504
0.00198952680386045
0.00198326531800088
0.0019770590817037616
0.001970907220741654
0.0019648088818196266
0.0019587632319253766
0.001952769457702919
0.0019468267648488238
0.0019409343775303122
0.0019350915378240924
0.0019292975051752447
0.0019235515558753441
0.0019178529825590186
0.0019122010937181943
0.0019065952132334702
0.0019010346799217192
0.0018955188470995462
0.001890047082161743
0.0018846187661743135
0.0018792332934814667
0.0018738900713260495
0.0018685885194828175
0.0018633280699042274
0.001858108166378077
0.0018529282641967138
0.0018477878298372634
0.0018426863406525173
0.0018376232845720667
0.0018325981598132895
0.0018276104746018451
0.0018226597469013215
0.0018177455041516824
0.0018128672830161794
0.001808024629136488
0.0018032170968956711
0.001798444249188792
0.0017937056572007379
0.0017890009001912345
0.0017843295652865423
0.0017796912472777713
0.0017750855484254969
0.0017705120782704772
0.0017659704534502506
0.001761460297521378
0.0017569812407872436
0.0017525329201310107
0.0017481149788537982
0.0017437270665176911
0.001739368838793535
0.0017350399573133376
0.0017307400895270376
0.0017264689085636016
0.001722226093096242
0.0017180113272115916
0.0017138243002827848
0.0017096647068461888
0.0017055322464818187
0.001701426623697158
0.001697347547814376
0.001693294732860773
0.001689267897462384
0.0016852667647406186
0.0016812910622118122
0.0016773405216896384
0.0016734148791902588
0.0016695138748401286
0.0016656372527863918
0.00166178476110972
0.0016579561517396097
0.001654151180371951
0.0016503696063889116
0.001646611192780955
0.0016428757060709836
0.0016391629162405385
0.001635472596657963
0.001631804524008526
0.001628158478226305
0.0016245342424279917
0.0016209316028483758
0.0016173503487774805
0.0016137902724994286
0.001610251169232817
0.0016067328370726734
0.001603235076933889
0.0015997576924960631
0.0015963004901498165
0.0015928632789444122
0.0015894458705367146
0.001586048079141415
0.0015826697214824973
0.001579310616745921
0.0015759705865334682
0.0015726494548176902
0.0015693470478980235
0.0015660631943578865
0.0015627977250228789
0.0015595504729199313
0.001556321273237527
0.0015531099632867232
0.00154991638246324
0.0015467403722103437
0.0015435817759826425
0.0015404404392107228
0.0015373162092666055
0.0015342089354299746
0.0015311184688552107
0.001528044662539177
0.0015249873712897012
0.0015219464516948058
0.001518921762092631
0.0015159131625419888
0.0015129205147936084
0.0015099436822620354
0.0015069825299980765
0.0015040369246619306
0.0015011067344968413
0.001498191829303358
0.0014952920804141483
0.0014924073606693228
0.0014895375443923047
0.0014866825073662328
0.0014838421268108149
0.0014810162813597158
0.0014782048510383653
0.001475407717242287
0.0014726247627158072
0.0014698558715312928
0.0014671009290686857
0.0014643598219955926
0.0014616324382476626
0.001458918667009456
0.0014562183986955802
0.0014535315249323514
0.0014508579385396727
0.001448197533513374
0.0014455502050078196
0.0014429158493189458
0.0014402943638675237
0.0014376856471828563
0.0014350895988866526
0.001432506119677368
0.0014299351113147033
0.00142737647660449
0.0014248301193838142
0.001422295944506413
0.0014197738578284051
0.0014172637661941882
0.0014147655774226892
0.0014122792002938204
0.001409804544535174
0.0014073415208089772
0.0014048900406993178
0.0014024500166994974
0.0014000213621997318
0.001397603991474993
0.0013951978196730954
0.0013928027628029517
0.0013904187377231242
0.0013880456621305015
0.0013856834545491505
0.0013833320343194556
0.0013809913215873698
0.0013786612372938675
0.0013763417031645902
0.0013740326416996473
0.0013717339761636163
0.0013694456305756865
0.0013671675296999834
0.001364899599036029
0.0013626417648094238
0.001360393953962582
0.0013581560941457141
0.0013559281137079068
0.0013537099416883558
0.001351501507807763
0.0013493027424598188
0.0013471135767029025
0.0013449339422518158
0.0013427637714697673
0.0013406029973603482
0.0013384515535597703
0.0013363093743291074
0.0013341763945467443
0.001332052549700912
0.0013299377758823026
0.0013278320097768802
0.0013257351886587245
0.0013236472503830204
0.0013215681333791558
0.0013194977766439304
0.001317436119734809
0.0013153831027633703
0.0013133386663887912
0.0013113027518114203
0.0013092753007665225
0.001307256255517992
0.0013052455588522926
0.0013032431540723971
0.0013012489849918455
0.0012992629959288802
0.0012972851317006938
0.0012953153376177192
0.0012933535594780376
0.001291399743561837
0.001289453836625979
0.001287515785898636
0.001285585539073966
0.001283663044306934
0.0012817482502081286
0.001279841105838732
0.0012779415607054834
0.001276049564755758
0.0012741650683727181
0.0012722880223704953
0.0012704183779894797
0.0012685560868916413
0.0012667011011559468
0.0012648533732738034
0.0012630128561445914
0.0012611795030712466
0.001259353267755918
0.0012575341042956507
0.001255721967178164
0.0012539168112776506
0.0012521185918506746
0.0012503272645320773
0.0012485427853309744
0.001246765110626777
0.0012449941971652983
0.0012432300020548711
0.0012414724827625593
0.0012397215971103833
0.0012379773032715976
0.0012362395597670557
0.0012345083254615707
0.0012327835595603435
0.0012310652216054531
0.0012293532714723753
0.0012276476693665467
0.0012259483758199523
0.0012242553516878102
0.0012225685581452519
0.0012208879566840431
0.0012192135091093862
0.001217545177536728
0.0012158829243886058
0.0012142267123915569
0.001212576504573051
0.001210932264258452
0.00120929395506805
0.001207661540914086
0.0012060349859978525
0.001204414254806785
0.00120279931211166
0.0012011901229637433
0.0011995866526920366
0.0011979888669005167
0.0011963967314654442
0.0011948102125326732
0.0011932292765150037
0.0011916538900895875
0.0011900840201953093
0.0011885196340302778
0.0011869606990492741
0.0011854071829612658
0.0011838590537269584
0.0011823162795563528
0.0011807788289063305
0.0011792466704783008
0.0011777197732158221
0.0011761981063023183
0.0011746816391587636
0.0011731703414414013
0.0011716641830395353
0.0011701631340732938
0.001168667164891448
0.0011671762460692327
0.0011656903484062362
0.0011642094429242637
0.0011627335008652518
0.0011612624936891915
0.0011597963930721118
0.0011583351709040304
0.0011568787992869837
0.0011554272505330137
0.0011539804971622655
0.0011525385119010177
0.0011511012676797907
0.0011496687376314496
0.001148240895089357
0.001146817713585493
0.0011453991668486767
0.001143985228802714
0.0011425758735646543
0.001141171075442987
0.0011397708089359328
0.0011383750487296861
0.001136983769696736
0.0011355969468941417
0.0011342145555619052
0.0011328365711212743
0.0011314629691731597
0.0011300937254964613
0.001128728816046506
0.0011273682169534729
0.0011260119045208021
0.0011246598552236598
0.0011233120457073977
0.0011219684527860685
0.0011206290534408873
0.001119293824818777
0.0011179627442308884
0.0011166357891511471
0.001115312937214836
0.0011139941662171562
0.0011126794541118329
0.0011113687790097104
0.0011100621191773938
0.0011087594530358761
0.0011074607591591945
0.0011061660162731033
0.001104875203253732
0.0011035882991263166
0.0011023052830638632
0.0011010261343859227
0.0010997508325572736
0.0010984793571867082
0.0010972116880257651
0.0010959478049675198
0.0010946876880453702
0.0010934313174318377
0.001092178673437348
0.0010909297365091102
0.0010896844872299
0.0010884429063169328
0.0010872049746207203
0.0010859706731239328
0.001084739982940289
0.0010835128853134341
0.0010822893616158726
0.0010810693933478647
0.0010798529621363368
0.0010786400497338595
0.00107743063801755
0.001076224708988077
0.0010750222447685805
0.0010738232276036937
0.0010726276398585015
0.0010714354640175567
0.0010702466826838862
0.0010690612785779889
0.0010678792345369195
0.001066700533513264
0.001065525158574207
0.0010643530929006096
0.0010631843197860661
0.001062018822635963
0.001060856584966576
0.0010596975904041646
0.001058541822684072
0.0010573892656498389
0.0010562399032523113
0.0010550937195487947
0.0010539506987021483
0.0010528108249799803
0.0010516740827537611
0.0010505404564980078
0.0010494099307894382
0.0010482824903061644
0.0010471581198268523
0.001046036804229955
0.001044918528492871
0.0010438032776911783
0.0010426910369978543
0.0010415817916824691
0.0010404755271104483
0.0010393722287422964
0.0010382718821328374
0.0010371744729304859
0.001036079986876489
0.0010349884098042022
0.0010338997276383476
0.0010328139263943187
0.0010317309921774446
0.0010306509111823118
0.0010295736696920134
0.001028499254077514
0.001027427650796928
0.0010263588463948503
0.0010252928275016825
0.0010242295808329447
0.0010231690931886623
0.0010221113514526515
0.001021056342591915
0.0010200040536559776
0.00101895447177624
0.0010179075841653805
0.001016863378116693
0.0010158218410034814
0.001014782960278458
0.001013746723473105
0.0010127131181971
0.001011682132137702
0.0010106537530591604
0.0010096279688021292
0.0010086047672830942
0.0010075841364937767
0.001006566064500582
0.0010055505394440246
0.0010045375495381656
0.0010035270830700568
0.0010025191283991983
0.0010015136739569752
0.0010005107082461321
0.0009995102198402334
0.0009985121973831237
0.0009975166295884141
0.0009965235052389408
0.0009955328131862735
0.0009945445423501808
0.0009935586817181278
0.0009925752203447762
0.000991594147351476
0.000990615451925798
0.0009896391233209902
0.000988665150855545
0.0009876935239126901
0.0009867242319399094
0.0009857572644484873
0.0009847926110130116
0.0009838302612709378
0.0009828702049221058
0.0009819124317282883
0.0009809569315127518
0.0009800036941597836
0.0009790527096142543
0.0009781039678811842
0.000977157459025304
0.0009762131731706119
0.0009752711004999495
0.0009743312312545681
0.0009733935557337309
0.000972458064294239
0.0009715247473500844
0.0009705935953719872
0.0009696645988870061
0.000968737748478137
0.0009678130347838883
0.0009668904484979219
0.0009659699803686142
0.0009650516211987018
0.0009641353618448683
0.0009632211932173697
0.0009623091062796528
0.000961399092047975
0.0009604911415910212
0.0009595852460295545
0.0009586813965360194
0.0009577795843341968
0.0009568798006988129
0.0009559820369552286
0.0009550862844790276
0.000954192534695713
0.0009533007790803065
0.0009524110091570379
0.0009515232164989847
0.0009506373927277375
0.000949753529513051
0.0009488716185725135
0.000947991651671201
0.0009471136206213791
0.0009462375172821347
0.000945363333559068
0.0009444910614039891
0.0009436206928145488
0.0009427522198339701
0.0009418856345507144
0.0009410209290981565
0.0009401580956542956
0.0009392971264414346
0.000938438013725874
0.0009375807498176265
0.0009367253270701019
0.0009358717378798013
0.0009350199746860421
0.000934170029970659
0.0009333218962577162
0.0009324755661131944
0.0009316310321447451
0.0009307882870013827
0.000929947323373201
0.00092910813399111
0.0009282707116265437
0.0009274350490911904
0.0009266011392367407
0.0009257689749545863
0.0009249385491755553
0.0009241098548696769
0.0009232828850458856
0.0009224576327517783
0.0009216340910733376
0.0009208122531346955
0.0009199921120978657
0.0009191736611624862
0.0009183568935655784
0.0009175418025812973
0.0009167283815206717
0.0009159166237313682
0.000915106522597452
0.000914298071539144
0.0009134912640125622
0.0009126860935095072
0.0009118825535572213
0.0009110806377181468
0.0009102803395896967
0.0009094816528040269
0.000908684571027809
0.0009078890879619909
0.00090709519734159
0.0009063028929354582
0.0009055121685460659
0.0009047230180092764
0.0009039354351941232
0.0009031494140026091
0.00090236494836949
0.0009015820322620351
0.0009008006596798516
0.0009000208246546465
0.0008992425212500341
0.0008984657435613271
0.0008976904857153274
0.0008969167418701131
0.0008961445062148638
0.0008953737729696352
0.0008946045363851708
0.0008938367907426956
0.0008930705303537382
0.0008923057495599137
0.0008915424427327461
0.0008907806042734723
0.0008900202286128491
0.0008892613102109696
0.0008885038435570741
0.000887747823169363
0.0008869932435948106
0.0008862400994089884
0.0008854883852158756
0.0008847380956476853
0.0008839892253646815
0.0008832417690550072
0.0008824957214344926
0.0008817510772464995
0.0008810078312617357
0.0008802659782780931
0.0008795255131204635
0.0008787864306405679
0.0008780487257168065
0.0008773123932540738
0.0008765774281836058
0.0008758438254627924
0.000875111580075036
0.0008743806870295921
0.0008736511413613774
0.0008729229381308543
0.0008721960724238217
0.000871470539351305
0.000870746334049368
0.0008700234516789623
0.000869301887425786
0.0008685816365001202
0.0008678626941366814
0.0008671450555944655
0.0008664287161565997
0.0008657136711301983
0.0008649999158461979
0.0008642874456592509
0.0008635762559475244
0.000862866342112609
0.000862157699579329
0.0008614503237956408
0.0008607442102324586
0.0008600393543835357
0.000859335751765318
0.0008586333979167961
0.0008579322883993922
0.0008572324187967907
0.0008565337847148284
0.0008558363817813587
0.0008551402056460997
0.000854445251980519
0.0008537515164777028
0.0008530589948522008
0.0008523676828399343
0.000851677576198038
0.0008509886707047385
0.000850300962159239
0.00084961444638158
0.0008489291192125195
0.0008482449765134099
0.0008475620141660666
0.0008468802280726602
0.0008461996141555776
0.0008455201683573146
0.0008448418866403546
0.0008441647649870311
0.0008434887993994492
0.0008428139858993149
0.0008421403205278618
0.0008414677993457176
0.0008407964184327972
0.0008401261738881683
0.0008394570618299667
0.0008387890783952501
0.0008381222197399363
0.0008374564820386297
0.0008367918614845595
0.0008361283542894508
0.0008354659566834051
0.0008348046649148236
0.0008341444752502758
0.000833485383974389
0.0008328273873897601
0.0008321704818168389
0.0008315146635938375
0.0008308599290765926
0.0008302062746385135
0.000829553696670432
0.0008289021915805334
0.0008282517557942286
0.0008276023857540904
0.000826954077919717
0.000826306828767649
0.0008256606347912737
0.0008250154925007305
0.0008243713984227893
0.0008237283491008035
0.0008230863410945574
0.0008224453709802005
0.0008218054353501717
0.000821166530813066
0.0008205286539935603
0.0008198918015323282
0.0008192559700859487
0.0008186211563267868
0.0008179873569429388
0.0008173545686381258
0.0008167227881316054
0.0008160920121580781
0.0008154622374676117
0.0008148334608255417
0.0008142056790123998
0.0008135788888237978
0.0008129530870703842
0.0008123282705777189
0.0008117044361862169
0.0008110815807510491
0.0008104597011420525
0.0008098387942436794
0.0008092188569548743
0.0008085998861890182
0.0008079818788738423
0.0008073648319513433
0.0008067487423776993
0.0008061336071231995
0.0008055194231721654
0.0008049061875228594
0.000804293897187425
0.000803682549191788
0.0008030721405755984
0.0008024626683921377
0.0008018541297082704
0.0008012465216043179
0.0008006398411740432
0.0008000340855245282
0.0007994292517761295
0.0007988253370623901
0.0007982223385299674
0.0007976202533385668
0.0007970190786608642
0.0007964188116824407
0.0007958194496016924
0.0007952209896297848
0.0007946234289905714
0.0007940267649205176
0.0007934309946686372
0.0007928361154964308
0.0007922421246777962
0.000791649019498988
0.0007910567972585173
0.0007904654552671235
0.0007898749908476675
0.0007892854013350949
0.0007886966840763543
